user_id
1522
1554
420
1373
896
917
929
1458
1555
461
730
1102
1231
1299
1314
723
1312
1482
620
915
968
1032
1406
787
601
1213
1333
1439
642
722
903
1158
349
437
1019
384
858
240
625
726
1258
1407
1417
1563
233
1277
540
605
39
442
833
869
961
1118
1186
1475
1535
306
427
928
1148
1374
1484
25
149
374
801
861
1015
1302
1330
1342
1360
1394
1506
1507
193
229
477
484
710
733
1133
1207
1325
1397
614
914
373
527
613
679
698
716
737
739
1071
1115
1168
1188
1444
1465
1470
1509
1557
753
1125
1494
1558
226
444
591
744
1428
972
1077
1110
1476
988
1138
1149
1175
108
211
586
959
1467
560
1002
134
323
19
66
187
216
658
780
1416
1517
1536
682
1135
1491
78
565
666
703
740
759
764
814
845
1008
1245
1538
1550
803
133
370
770
1057
1280
307
629
777
826
997
1108
86
2
82
153
300
331
391
438
470
497
574
677
687
706
718
720
756
821
908
1012
1016
1023
1028
1043
1047
1191
1226
1281
1282
1288
1347
1354
1362
1388
1419
1455
1498
1525
1527
200
120
238
348
1247
295
909
925
955
994
1070
1427
209
395
793
815
1200
1205
1316
1425
1566
150
728
887
1229
9
33
94
344
575
715
761
836
927
978
985
1046
1088
1104
1106
1389
1398
1409
1448
1561
365
1163
788
91
152
166
600
930
1031
1081
1225
1239
1540
1546
28
248
293
340
671
938
999
1006
1011
1048
1060
1105
1177
1215
1261
1436
481
581
1059
1072
1220
1460
433
1049
13
76
107
148
172
223
253
280
292
303
310
378
473
510
596
631
643
681
749
760
881
964
983
