user_id
986
1065
1198
1309
1329
1343
1366
1392
1440
1486
1515
1519
1545
1559
50
588
633
418
933
962
1464
41
52
95
183
352
512
537
659
702
829
1076
1307
1324
432
725
1151
1157
161
264
308
587
751
849
892
1336
1367
1395
1431
1453
1528
1529
1532
594
493
894
333
651
688
809
1116
1421
1451
48
257
576
87
3
20
139
234
330
338
354
550
554
595
699
848
865
1029
1061
1075
1139
1263
1271
1381
1480
1520
1552
536
694
452
462
548
686
163
244
255
286
488
529
579
655
745
878
889
934
1128
1131
1242
1334
1350
1454
1502
1564
241
1097
177
239
294
318
339
381
480
485
523
598
641
697
709
754
802
895
942
1058
1064
1080
1093
1101
1165
1203
1241
1267
1275
1413
1472
1477
1503
123
205
1086
222
472
690
967
975
1001
1279
1377
449
96
168
298
358
436
561
571
781
812
817
831
984
1003
1014
1034
1051
1224
1238
1308
1322
1332
1391
1415
1434
1533
1549
254
281
635
923
1250
75
555
859
7
15
99
115
159
279
445
455
531
563
612
693
765
772
819
839
866
924
1085
1179
1189
1199
1320
1348
1357
1378
1495
1531
763
275
285
468
549
583
644
825
1066
1297
1402
77
1096
185
454
528
590
650
719
1035
1184
1259
1292
214
258
811
59
117
179
299
372
441
475
931
1240
1305
1326
93
335
390
577
1063
1078
1113
1321
1489
132
256
458
534
195
199
668
783
221
393
1488
17
429
482
1084
388
768
34
1025
860
1145
169
10
49
62
74
84
97
98
113
128
144
154
173
175
176
184
186
188
191
261
263
271
290
301
302
305
325
346
347
400
404
408
424
456
471
489
491
502
509
535
541
547
552
572
589
604
611
616
634
665
670
676
683
685
689
691
707
727
743
758
774
785
786
795
797
807
830
842
852
868
898
910
913
920
946
960
969
979
981
995
998
1041
1045
1056
1073
1074
1094
1122
1124
1161
1171
1172
1180
1181
1228
1243
1244
1248
1260
1262
1269
1273
1290
1294
1298
1301
1303
1306
1310
1313
1327
1335
1344
1351
1361
1365
1383
1386
1401
1403
1414
1424
1452
1462
1466
1474
1479
1487
1512
1513
1530
1541
1542
1551
1556
1565
83
145
114
394
231
850
32
360
405
1009
142
284
578
597
649
762
1054
45
60
112
162
259
319
398
403
798
835
73
413
495
1089
1152
228
313
828
926
1039
387
678
225
242
296
401
902
1021
1112
1187
1372
1437
389
122
218
243
496
558
630
857
883
885
982
996
1291
1445
1037
16
22
58
151
174
230
265
267
314
336
385
414
415
430
463
521
539
557
623
867
954
1038
1098
1130
1202
1328
1339
1358
1405
1412
1508
252
40
102
321
667
906
1136
888
1162
343
12
18
55
63
85
119
127
170
198
392
402
474
500
618
695
746
779
804
873
904
921
970
1111
1123
1160
1212
1214
1218
1223
1236
1293
1387
1390
1420
1447
1449
1514
1523
1537
1543
369
156
194
399
450
1100
1396
1441
327
14
36
88
197
237
268
304
361
464
551
592
669
672
701
732
901
950
1013
1027
1069
1167
1173
1185
1206
1249
1315
1382
1429
1526
585
428
446
522
660
1000
54
56
79
189
382
516
638
806
977
1154
1190
1368
1411
5
416
515
610
220
181
1033
227
1
30
42
43
146
217
250
270
324
364
397
417
494
504
530
607
652
870
897
958
976
1022
1040
1050
1140
1147
1208
1284
1337
1430
1492
1497
1562
827
68
356
51
328
603
673
721
776
1278
47
57
64
111
322
486
656
854
993
1132
1246
1255
1317
278
439
947
949
4
130
206
212
326
371
377
546
566
573
632
653
742
766
782
800
945
963
1053
1114
1217
1235
1418
1426
1457
1490
1521
674
932
410
421
544
708
1079
1126
1141
1146
1266
1385
247
714
755
911
1067
748
805
171
971
1159
110
136
140
147
155
180
202
246
311
350
383
419
434
507
524
602
627
675
680
684
741
837
855
876
912
973
989
1129
1144
1169
1178
1183
1265
1349
1379
1423
1442
1450
1456
1469
1496
1516
1518
1539
297
105
862
884
337
617
6
24
100
451
556
568
584
820
843
1024
1197
1433
106
274
332
465
619
713
789
1170
1195
1319
1359
1461
1504
137
8
11
141
196
376
448
553
570
637
823
840
841
875
918
1055
1092
1095
1155
1182
1253
1375
1471
157
260
940
974
1227
1393
1534
276
406
386
35
459
916
23
69
192
232
366
469
501
525
564
646
736
948
1087
1109
1142
1164
1176
1201
1370
1459
1478
1493
1500
696
101
447
514
21
26
92
125
158
559
796
838
890
936
953
957
1252
1257
425
1121
609
46
65
160
249
411
511
543
654
844
856
937
1192
1353
1363
1468
1511
70
580
317
615
778
1083
508
164
165
291
367
562
606
636
640
757
791
900
939
965
991
1030
1230
1304
341
526
1042
124
272
1264
1399
569
262
423
467
503
818
847
1256
1274
1285
67
118
131
273
542
711
738
853
1007
1150
1174
1210
1296
89
1017
379
775
935
1018
309
109
203
877
992
345
359
956
104
396
874
453
103
80
201
219
235
329
342
351
431
440
457
518
626
628
648
692
704
717
750
771
810
846
882
899
944
966
987
1010
1026
1062
1068
1099
1119
1156
1209
1276
1287
1289
1346
1355
1356
1364
1369
1380
1422
1438
1473
1483
1505
129
90
443
72
355
483
1251
138
71
210
121
182
27
31
368
435
519
599
622
767
1127
490
879
61
213
380
426
824
905
1036
1233
1318
922
832
126
315
498
608
662
769
816
851
864
1044
1090
1499
135
499
517
582
1107
532
316
460
479
663
664
794
941
952
990
1005
1134
1196
1286
1323
1408
1510
1166
204
773
334
506
657
1371
476
533
266
567
724
792
1194
1216
1234
1254
1341
1376
1446
863
251
799
215
700
277
287
362
520
712
747
1204
1338
1443
1524
167
492
1268
1295
178
289
363
735
1219
1501
1547
269
478
593
813
375
466
357
0
44
282
283
353
545
621
645
734
784
808
880
893
907
943
951
1091
1120
1137
1153
1352
1410
1435
1485
1548
752
647
731
790
1082
1283
1311
538
422
1331
1432
1553
81
891
116
224
513
871
1400
1560
886
1117
1222
1463
53
207
624
1211
1345
320
29
38
236
407
487
1221
1237
1340
208
1232
705
872
1193
1103
245
288
409
1300
1567
980
190
412
312
729
1272
822
1020
1384
919
505
1143
37
639
661
834
1270
1481
1544
1404
143
1004
1052
