0	270,233,181,92,478,161,154,102,665,63 
1	168,68,385,232,148,746,378,177,42,388 
2	139,359,560,87,367,621,145,610,810,286 
3	557,255,746,477,429,70,161,262,233,313 
4	57,68,171,44,503,560,579,77,746,255 
5	262,240,42,270,30,46,67,232,745,831 
6	270,746,233,262,181,30,478,70,257,59 
7	248,285,150,302,148,334,146,44,56,165 
8	334,174,248,464,101,388,434,157,755,207 
9	490,473,44,311,74,73,101,176,579,160 
10	527,334,177,10,202,76,28,456,55,293 
11	922,57,60,694,270,288,262,169,252,485 
12	425,59,165,42,233,107,854,70,370,129 
13	289,931,1001,236,594,768,722,859,554,26 
14	11,288,270,527,148,374,127,174,74,341 
15	87,40,65,29,389,636,156,547,46,266 
16	145,87,604,44,261,277,83,554,174,765 
17	165,71,67,325,423,285,73,30,11,89 
18	285,262,70,729,746,154,694,477,284,73 
19	97,41,112,40,103,636,561,786,145,68 
20	163,181,270,67,121,527,499,73,471,177 
21	458,78,112,40,686,271,158,309,103,244 
22	71,374,232,42,70,74,165,181,595,291 
23	385,334,11,746,111,318,233,557,95,734 
24	168,121,325,148,165,71,76,378,150,10 
25	485,481,989,321,640,71,557,727,426,171 
26	168,490,65,73,409,60,26,48,264,288 
27	270,374,288,30,165,42,102,44,73,146 
28	168,145,121,473,103,76,374,527,165,5 
29	163,16,11,168,334,76,103,471,56,705 
30	473,145,44,97,280,503,521,139,276,4 
31	262,165,102,67,423,30,11,745,92,282 
32	325,285,827,334,163,746,165,146,524,669 
33	168,97,236,177,34,83,765,521,176,471 
35	181,146,42,163,478,781,397,56,232,282 
36	248,68,378,74,181,385,499,397,177,318 
37	240,168,70,11,232,63,71,111,385,357 
38	57,270,26,288,171,255,76,521,165,164 
39	490,561,786,115,40,13,458,286,309,716 
40	285,248,161,288,154,557,370,245,746,95 
41	168,42,232,425,132,30,702,165,423,586 
42	50,225,717,693,658,738,713,269,57,304 
43	71,158,521,30,41,74,270,746,240,615 
44	711,904,603,306,383,922,898,910,426,265 
45	171,270,65,134,425,70,746,240,854,557 
46	547,415,309,430,1001,977,286,652,610,621 
48	55,73,321,103,115,490,87,280,799,352 
49	378,168,389,334,374,477,306,127,527,787 
50	738,40,158,531,389,115,266,244,506,171 
51	252,693,426,640,321,850,14,86,488,243 
52	71,232,132,325,70,92,385,257,67,177 
53	374,102,165,288,325,285,132,30,257,669 
55	270,181,374,746,233,42,302,288,165,240 
57	270,240,478,102,71,233,42,248,30,70 
58	425,70,240,683,129,411,831,73,30,615 
59	711,863,758,68,536,910,101,306,491,755 
60	491,83,621,101,415,236,327,985,244,925 
61	168,262,746,270,30,423,74,325,411,285 
62	121,232,366,383,68,453,524,772,125,177 
63	389,255,755,285,971,574,174,311,477,16 
64	842,226,815,981,304,658,372,326,169,96 
65	57,286,560,236,74,409,30,183,44,270 
66	71,288,232,11,70,42,59,325,248,233 
67	97,286,171,112,83,44,409,277,68,359 
69	168,158,165,42,74,30,102,41,745,70 
70	74,71,746,67,150,73,76,288,30,595 
71	163,160,383,10,765,490,456,464,499,471 
72	374,240,30,423,73,70,325,232,288,132 
73	74,285,302,746,248,478,44,76,42,68 
74	71,262,171,615,240,30,70,313,511,59 
75	121,34,76,378,334,499,74,4,257,327 
76	491,71,456,327,103,339,11,156,141,87 
77	71,97,286,236,211,367,364,490,805,183 
78	121,168,11,270,257,383,255,150,10,148 
79	71,374,134,171,288,73,240,42,854,325 
80	74,270,374,44,478,165,302,71,146,163 
81	71,103,101,44,531,805,579,506,604,925 
82	285,240,92,385,325,70,121,282,423,63 
83	168,746,425,42,702,73,134,831,288,129 
84	389,112,41,277,415,77,367,540,78,795 
85	722,733,4,594,789,311,289,430,52,463 
86	693,314,225,288,158,86,805,17,270,657 
87	656,525,212,640,850,17,84,856,90,364 
88	248,746,325,257,74,165,42,68,282,227 
89	378,163,859,929,473,311,44,55,347,203 
90	262,374,831,240,59,511,680,42,411,270 
91	74,163,248,42,746,302,374,67,102,73 
92	171,286,339,40,364,473,869,103,572,73 
93	132,240,285,111,127,160,366,181,557,121 
94	385,318,288,92,827,163,429,478,778,669 
95	97,57,689,87,805,41,48,674,438,782 
96	68,929,285,288,675,787,207,168,477,306 
97	97,389,277,78,805,491,11,359,261,579 
98	57,425,134,97,364,286,262,786,212,48 
99	289,4,931,430,311,562,594,463,1001,307 
100	71,73,270,11,30,325,423,102,232,282 
101	71,165,74,325,423,257,30,181,163,702 
102	716,220,389,139,851,686,40,26,540,309 
103	270,181,44,163,11,71,68,30,57,165 
104	285,44,746,11,163,71,255,57,30,165 
105	693,426,60,525,694,169,115,856,805,84 
106	985,34,29,277,266,13,541,156,280,931 
107	71,285,70,325,232,30,233,67,113,831 
108	434,971,464,758,306,574,8,711,52,356 
109	171,85,262,134,656,560,78,73,869,591 
110	168,11,127,270,378,71,285,491,56,746 
111	92,270,171,102,557,746,30,702,232,454 
112	270,746,11,181,150,44,68,248,240,282 
114	972,434,826,491,926,603,11,863,821,741 
115	485,963,640,989,70,481,504,997,357,285 
116	693,674,504,905,112,372,763,236,850,304 
117	165,42,71,325,150,746,146,76,44,102 
118	240,11,232,63,154,132,111,669,370,248 
119	490,4,717,26,168,13,286,632,871,319 
120	71,68,103,158,77,236,325,41,46,30 
121	473,628,438,693,211,561,658,782,65,45 
122	74,270,44,746,76,288,30,165,302,158 
123	163,44,68,499,56,302,176,146,10,103 
124	123,180,16,128,271,561,141,610,11,574 
125	383,720,174,202,305,91,464,125,71,63 
126	374,746,42,325,163,11,74,102,282,30 
127	163,746,132,325,318,334,42,827,92,423 
128	83,126,574,378,456,347,717,621,755,415 
129	374,30,288,59,70,67,74,423,181,291 
130	71,70,30,42,59,425,232,702,11,423 
131	127,132,285,288,168,121,746,227,453,378 
132	248,68,168,160,270,257,174,28,478,164 
133	145,76,594,156,359,266,805,632,271,554 
134	165,74,181,423,325,163,746,89,59,240 
135	270,70,132,746,262,67,181,248,257,288 
136	74,150,288,374,746,248,146,68,76,67 
137	163,121,288,270,460,318,181,174,10,55 
138	168,59,490,70,325,30,103,5,97,10 
140	270,257,181,163,240,59,67,281,150,222 
141	57,71,30,150,102,257,181,134,176,302 
142	158,46,65,139,97,409,73,686,286,511 
143	270,285,288,257,181,232,325,42,59,146 
144	168,270,71,490,76,181,248,378,165,174 
145	506,309,540,560,26,733,139,652,621,4 
146	521,65,85,236,719,716,277,83,103,73 
147	71,74,473,145,11,325,163,257,121,89 
148	307,339,610,77,463,145,87,491,4,594 
150	71,270,262,325,288,30,232,76,222,291 
151	490,76,473,491,73,16,270,34,433,89 
152	71,158,74,270,490,374,746,171,85,44 
153	270,42,374,285,150,248,67,288,59,44 
154	163,121,74,181,150,746,374,302,148,10 
155	165,71,423,181,325,102,746,373,59,288 
156	491,177,604,716,57,271,471,741,203,755 
157	85,693,236,65,815,90,212,869,211,158 
158	359,141,57,594,71,604,280,463,309,244 
159	240,557,854,288,831,233,70,170,134,411 
160	168,257,232,160,146,74,318,524,233,63 
161	40,359,309,211,171,686,605,71,450,244 
162	284,383,675,180,285,334,288,464,174,755 
163	121,621,805,693,378,11,151,224,389,236 
164	554,339,236,604,224,26,68,85,450,931 
165	74,285,76,288,302,165,57,374,441,433 
166	490,78,26,171,103,636,531,244,29,76 
167	240,59,92,288,285,325,42,102,95,154 
168	74,257,285,746,163,67,374,73,42,595 
169	378,527,68,491,127,202,180,784,157,55 
170	262,232,831,746,702,59,158,285,370,822 
171	71,165,76,42,30,181,163,11,302,222 
172	63,11,288,746,385,70,325,318,163,524 
173	71,165,257,746,30,374,76,163,89,54 
174	168,527,74,26,458,103,323,145,56,387 
176	374,71,257,181,42,150,165,262,44,232 
177	385,11,288,270,168,460,746,44,305,465 
178	481,236,372,800,716,41,981,314,503,410 
179	71,285,158,57,70,11,73,702,150,165 
180	458,805,57,540,4,139,286,103,851,604 
181	71,158,134,139,97,65,30,165,270,686 
182	168,302,76,285,121,490,165,20,127,473 
183	168,42,165,669,746,129,683,67,373,30 
184	270,30,42,74,425,233,165,262,257,70 
185	262,102,158,107,70,615,557,170,411,59 
186	71,374,158,30,67,59,74,46,373,181 
187	11,148,746,127,181,240,68,386,92,161 
188	248,150,146,148,288,746,478,76,42,232 
189	71,374,285,74,165,73,288,171,702,222 
190	121,805,605,276,621,720,44,280,594,352 
191	270,288,257,325,181,68,121,148,282,262 
192	374,746,30,70,46,288,59,702,854,67 
193	11,163,270,92,207,490,232,693,8,352 
194	44,181,76,527,270,285,146,387,378,20 
195	248,374,385,240,121,132,68,67,282,91 
196	168,74,288,57,11,302,16,527,491,196 
197	318,746,325,11,827,163,148,71,524,778 
198	168,262,46,30,102,270,59,423,745,232 
199	270,746,478,257,150,71,74,11,42,400 
200	168,458,389,276,57,29,4,89,325,531 
201	168,521,44,374,65,74,85,46,442,313 
202	68,378,14,255,929,429,675,270,913,44 
203	865,922,675,530,720,383,926,8,758,727 
204	168,44,181,334,127,160,148,71,67,174 
205	865,675,963,207,306,758,971,694,412,383 
206	415,490,1001,871,430,652,562,560,717,621 
207	127,383,174,288,10,784,177,181,388,464 
208	787,904,401,306,464,603,389,991,821,536 
209	71,374,30,59,74,73,285,325,158,702 
210	97,145,73,45,171,115,121,352,276,686 
211	694,997,729,989,504,945,426,267,96,274 
212	257,285,146,746,165,478,302,240,148,71 
213	92,168,132,233,370,154,669,288,822,702 
214	71,270,746,288,248,11,285,132,524,68 
215	248,232,288,68,71,378,460,202,10,67 
216	270,746,163,150,71,44,68,240,30,121 
217	168,42,102,702,683,886,232,511,62,745 
218	163,148,720,174,491,202,270,305,388,779 
219	262,42,746,165,46,67,232,270,411,288 
220	71,165,325,423,181,30,285,132,302,146 
221	71,158,521,165,74,97,139,67,702,409 
222	490,264,805,156,594,491,577,16,309,636 
223	71,68,270,67,325,288,44,374,145,176 
224	181,478,240,42,146,102,165,288,302,163 
225	270,121,132,240,148,318,68,55,586,262 
226	521,656,60,134,424,364,103,50,738,90 
227	180,216,971,904,758,530,755,169,863,574 
228	270,746,181,11,71,150,68,325,102,595 
229	503,226,753,902,410,836,286,562,802,151 
230	504,17,525,989,252,694,729,997,960,815 
231	85,87,48,57,262,65,410,339,717,372 
232	163,285,150,11,288,121,490,389,595,177 
233	491,765,101,177,174,378,4,257,71,203 
234	71,165,262,669,325,129,746,111,67,154 
235	163,76,68,490,746,165,73,288,595,196 
236	74,165,248,746,67,76,71,288,196,222 
237	121,168,490,174,76,16,765,755,288,255 
238	163,68,34,383,11,490,456,546,55,203 
239	504,17,729,989,689,71,694,426,945,65 
240	232,257,181,385,74,334,127,160,68,92 
241	11,68,746,44,477,257,378,389,92,161 
242	163,181,148,334,746,150,146,67,282,388 
243	233,370,170,113,854,478,425,111,288,70 
244	168,302,150,127,44,160,67,288,196,89 
245	71,73,67,76,42,746,158,473,374,121 
246	220,309,139,171,40,156,389,46,719,409 
247	112,389,359,490,211,733,277,78,65,145 
248	71,374,74,285,67,73,59,134,478,702 
249	71,285,102,232,557,30,73,161,586,181 
250	168,262,70,232,557,59,233,669,113,586 
251	270,374,11,181,240,248,42,165,595,146 
252	121,985,554,11,4,76,276,913,784,145 
253	286,236,339,473,716,572,579,30,311,45 
254	74,270,746,163,67,42,288,30,73,176 
255	71,321,675,177,152,605,604,657,60,255 
256	57,339,409,309,280,657,134,713,547,103 
257	929,267,913,972,265,383,429,720,8,694 
258	286,168,236,134,364,30,277,572,503,321 
259	145,931,604,156,359,984,319,577,925,621 
260	71,288,10,160,270,177,746,524,145,586 
261	248,378,527,383,174,232,270,341,257,91 
262	311,180,378,123,456,415,805,561,45,347 
263	87,65,40,851,78,26,636,719,103,506 
264	374,70,134,288,59,73,42,854,171,107 
265	171,134,288,425,102,41,285,74,257,389 
266	71,212,603,270,17,997,262,70,8,338 
267	506,311,605,561,57,139,115,686,547,753 
268	74,44,76,165,288,67,374,11,282,441 
269	160,734,460,285,383,827,305,181,388,257 
270	121,160,378,63,92,524,453,132,240,642 
271	165,71,270,423,373,746,30,89,411,781 
272	257,163,374,146,478,302,746,781,44,282 
273	859,527,632,378,787,456,434,83,382,255 
275	488,693,656,504,605,226,727,729,842,966 
276	719,244,636,224,605,50,40,168,753,851 
277	11,288,44,383,177,248,71,527,101,26 
278	288,68,71,121,57,746,74,477,150,103 
279	490,415,610,720,536,693,101,722,289,277 
280	71,270,73,44,57,76,257,490,67,423 
281	240,425,746,831,370,42,411,113,288,134 
282	71,374,240,70,102,92,74,325,282,176 
283	71,74,76,42,30,746,158,44,473,89 
285	248,378,527,174,10,232,341,270,202,146 
286	74,67,71,150,325,746,285,302,11,56 
287	280,271,931,256,1001,141,430,415,13,266 
288	121,11,44,276,10,256,73,176,261,97 
289	92,385,232,557,154,746,168,827,102,747 
290	74,285,288,165,44,374,146,67,222,176 
291	168,270,44,74,248,490,76,389,101,202 
292	165,181,71,248,150,746,73,403,240,56 
294	374,168,70,59,854,270,702,30,46,557 
295	248,150,127,302,148,288,334,746,67,42 
296	74,44,374,746,163,30,76,57,165,196 
298	71,74,746,285,67,73,42,76,102,134 
299	71,97,87,73,473,165,280,579,26,389 
300	270,285,746,181,11,71,150,240,42,595 
301	71,270,257,181,57,44,102,73,42,134 
302	339,658,628,925,289,226,632,77,931,600 
303	71,374,285,30,74,389,44,171,163,70 
304	473,77,713,276,87,264,57,433,814,177 
305	121,334,44,257,148,285,388,16,325,101 
306	57,473,220,244,141,547,367,851,506,652 
307	71,389,87,97,30,746,139,176,325,257 
308	491,101,716,103,10,378,280,327,141,499 
309	71,288,163,240,262,59,524,160,557,257 
310	71,374,30,288,73,74,325,70,222,92 
311	288,285,524,460,374,305,527,174,10,453 
312	248,378,460,527,288,257,74,325,383,341 
313	490,244,16,561,78,13,547,851,686,40 
314	168,248,285,68,288,127,121,76,164,196 
315	11,374,177,232,270,202,262,787,163,169 
316	163,160,383,34,16,490,388,546,550,181 
317	71,270,150,288,165,102,42,67,73,262 
318	248,378,174,527,10,232,366,146,305,202 
319	77,40,521,45,463,244,562,13,128,628 
320	270,374,746,150,165,42,240,325,73,373 
321	385,68,232,168,92,746,318,154,257,95 
322	57,65,311,73,211,145,561,176,277,285 
323	71,65,262,236,374,73,270,264,746,44 
324	71,41,264,473,73,65,26,433,716,257 
325	160,385,460,285,232,270,181,28,305,478 
326	490,26,713,87,128,579,285,286,196,433 
327	57,285,71,374,746,68,26,176,181,302 
328	165,71,181,746,150,285,102,30,240,70 
329	768,171,284,65,311,477,13,826,787,123 
330	57,74,158,44,285,26,389,746,181,78 
331	481,171,689,640,488,168,628,65,134,799 
332	270,71,257,181,42,11,325,240,262,222 
333	71,42,70,30,59,425,232,325,233,222 
334	473,16,45,521,73,503,471,34,121,165 
335	248,68,385,429,257,232,161,150,595,111 
336	168,285,74,385,288,325,148,132,781,397 
337	991,434,603,904,758,306,694,356,426,821 
338	77,244,531,156,286,50,450,1001,621,658 
339	836,85,815,223,631,304,50,674,90,905 
340	40,359,540,810,26,52,795,77,286,57 
341	374,71,74,150,30,257,478,262,373,302 
342	490,716,471,74,547,57,101,257,85,456 
343	288,385,127,374,68,746,181,305,70,92 
344	240,168,70,746,154,30,370,233,42,274 
345	71,374,134,240,158,425,59,285,257,150 
347	374,831,70,134,67,411,683,129,232,233 
348	334,127,11,174,464,341,318,453,44,772 
349	374,425,746,30,46,73,57,59,700,745 
350	374,425,73,134,30,240,423,158,181,745 
351	473,163,4,264,34,271,521,156,925,224 
352	92,232,288,586,702,102,357,158,63,884 
353	74,270,150,165,285,146,67,196,323,164 
354	458,277,1018,280,450,26,871,521,652,256 
355	385,270,68,378,71,460,325,73,92,734 
356	71,270,73,165,42,67,257,102,150,232 
357	168,71,521,139,77,158,101,433,181,276 
358	121,527,56,168,127,34,181,67,311,433 
359	71,746,134,30,411,181,233,150,113,854 
360	248,385,288,168,527,285,388,28,341,366 
361	306,963,154,111,245,161,997,694,787,988 
362	270,285,63,288,168,132,181,125,778,154 
363	224,789,689,45,632,244,753,871,286,931 
364	285,74,288,163,478,240,11,233,302,92 
365	288,257,150,11,478,240,68,302,282,71 
366	57,521,30,102,92,854,656,270,70,615 
367	57,270,288,150,30,181,158,389,139,163 
368	374,132,42,288,165,325,92,11,74,129 
369	374,288,158,59,240,702,102,586,121,291 
370	71,374,262,171,102,73,11,240,70,702 
372	270,746,181,248,154,257,150,42,232,59 
373	262,158,886,511,73,87,702,70,521,746 
374	74,374,746,288,165,30,76,42,478,781 
375	57,71,30,74,288,425,746,285,240,85 
376	425,168,831,854,70,107,746,134,113,313 
377	207,720,971,603,306,383,464,922,265,536 
378	163,67,257,76,73,527,44,232,334,276 
379	71,374,30,240,59,74,325,288,282,291 
380	240,262,70,746,232,132,370,831,357,170 
381	44,257,76,285,150,499,387,433,177,11 
382	71,490,67,57,97,11,262,87,134,77 
383	419,171,83,87,252,789,566,869,211,236 
384	71,270,165,262,288,11,67,325,150,433 
386	240,270,168,232,154,63,357,370,132,729 
387	163,160,174,11,44,202,388,741,456,550 
388	490,280,11,160,716,506,705,460,97,203 
389	74,163,76,44,285,73,42,30,102,595 
390	490,286,266,657,925,40,46,112,156,359 
391	71,374,171,262,17,425,92,922,46,631 
392	112,389,636,359,409,40,50,458,211,128 
393	74,163,302,288,746,374,478,165,76,102 
394	152,207,675,68,464,904,389,174,429,126 
395	163,150,165,285,67,127,746,781,334,222 
396	270,288,478,257,92,150,74,42,325,222 
397	437,694,284,245,288,748,608,161,63,152 
398	71,158,425,262,134,409,560,264,102,702 
399	168,286,264,473,67,851,85,560,244,407 
400	168,97,262,65,286,236,112,425,30,102 
401	339,686,786,309,364,359,561,572,45,425 
402	374,669,248,325,42,586,557,524,227,91 
403	71,165,73,257,325,30,102,59,89,11 
404	71,374,74,11,42,59,134,232,92,579 
405	374,59,30,746,240,73,423,411,70,683 
408	71,70,30,425,42,59,232,165,411,74 
409	270,746,181,478,257,150,11,154,111,146 
411	168,270,255,490,171,44,158,746,163,321 
412	97,605,128,321,594,438,359,491,636,57 
413	270,288,248,257,181,68,240,325,334,595 
414	71,285,44,73,26,163,746,262,325,240 
415	168,73,270,57,121,92,46,30,85,805 
416	490,121,16,74,44,34,101,176,10,87 
417	473,311,68,76,103,433,174,264,456,67 
418	71,158,425,41,171,87,30,42,288,85 
419	121,429,288,68,460,232,366,465,642,772 
420	71,168,232,285,746,63,154,669,963,161 
421	288,285,524,366,734,460,386,240,111,403 
422	232,270,288,374,524,63,305,111,325,146 
423	248,325,288,163,165,74,71,102,30,423 
424	160,11,288,285,318,374,460,465,827,125 
425	57,71,30,134,285,41,746,73,657,176 
427	121,11,378,270,168,374,746,386,734,177 
428	71,270,74,240,288,181,11,67,146,302 
429	163,490,101,720,383,76,288,28,784,256 
430	168,145,458,560,67,686,319,277,244,68 
431	225,504,989,656,557,262,454,922,694,70 
432	270,374,71,240,42,102,478,165,163,113 
433	374,102,11,288,165,132,325,423,74,745 
434	71,270,285,288,181,30,67,73,163,248 
435	57,286,264,236,74,473,280,40,44,270 
436	121,385,174,10,527,28,784,302,177,55 
437	71,87,262,374,102,97,288,74,746,657 
439	168,11,181,71,165,288,325,388,378,374 
440	168,87,458,40,572,76,73,176,531,579 
441	374,270,257,102,165,325,30,150,11,146 
442	560,40,547,78,211,16,359,450,286,41 
443	60,689,77,490,73,226,14,5,50,48 
444	168,102,683,680,831,615,46,73,511,886 
445	57,560,112,719,211,359,73,309,311,364 
446	97,83,4,41,128,288,632,604,594,816 
447	168,262,30,67,59,746,615,70,325,854 
448	168,74,11,288,127,334,302,148,71,397 
449	74,270,42,285,71,478,67,146,102,89 
450	168,145,57,458,128,78,26,277,134,16 
451	270,74,374,163,150,67,325,248,59,44 
452	288,746,557,132,248,70,385,154,163,757 
453	270,233,411,746,257,285,478,222,248,370 
454	248,374,334,121,325,74,127,67,59,44 
455	97,264,719,57,311,359,496,54,244,409 
456	57,74,171,26,41,286,67,165,285,374 
458	374,922,727,92,603,989,225,485,640,274 
459	71,158,57,102,87,74,30,42,579,286 
460	71,374,74,285,134,42,46,67,325,176 
461	425,30,41,70,270,854,746,288,521,165 
462	11,288,385,127,160,527,10,73,318,386 
463	71,74,280,311,77,68,30,42,257,171 
464	168,233,831,370,746,59,107,557,854,232 
466	311,171,547,719,78,65,450,473,77,145 
467	859,768,865,267,169,955,285,675,758,720 
468	374,232,746,134,702,165,30,73,411,557 
469	491,765,77,458,103,74,73,716,554,741 
470	270,71,42,325,240,288,248,67,373,781 
471	319,450,311,632,925,85,50,156,931,562 
472	458,1002,547,26,561,389,4,925,34,594 
473	267,603,693,284,989,437,729,530,929,207 
474	270,92,248,102,70,132,111,557,154,113 
476	473,128,76,57,85,257,139,103,506,359 
477	71,73,67,158,76,77,139,26,236,851 
478	71,30,171,74,46,262,285,150,240,257 
479	63,318,285,746,70,92,148,669,305,165 
480	270,74,181,288,30,44,102,158,165,46 
481	71,97,87,73,270,11,76,42,183,102 
482	865,169,904,434,971,437,306,963,412,997 
483	285,150,255,288,374,176,26,746,76,302 
484	74,150,71,302,67,746,288,73,282,164 
485	929,603,720,972,437,216,758,434,826,285 
486	220,244,527,733,610,562,71,156,319,838 
487	425,165,67,158,831,615,683,746,232,129 
488	168,236,85,280,490,311,367,277,309,165 
489	71,270,746,181,67,102,150,30,288,232 
490	270,285,288,30,44,57,102,478,255,113 
491	71,285,102,42,70,325,30,92,59,150 
492	713,83,389,605,931,415,339,921,141,450 
493	389,168,176,216,68,44,85,83,481,442 
494	270,150,374,44,248,478,302,11,68,282 
495	521,40,560,652,286,220,139,795,112,491 
496	378,174,160,385,285,288,341,389,55,741 
497	248,378,527,174,383,10,270,386,341,91 
498	248,146,302,285,499,148,56,478,164,196 
499	71,165,42,746,30,423,76,262,70,302 
500	694,729,212,285,288,437,245,240,731,608 
501	374,132,70,102,746,285,181,111,11,227 
502	71,73,74,11,288,42,134,423,240,68 
503	57,171,65,30,257,288,746,102,78,165 
504	491,383,11,10,755,44,389,456,768,473 
506	285,429,163,768,8,255,207,477,270,127 
507	97,85,46,560,719,77,45,165,40,433 
509	71,165,59,30,746,423,74,240,181,615 
510	521,168,71,236,211,636,656,374,277,103 
511	374,746,102,71,150,478,288,233,282,163 
513	285,11,389,121,257,374,181,71,150,302 
514	285,14,288,121,306,383,180,378,163,207 
515	270,102,288,132,111,154,70,370,11,827 
516	132,746,63,288,285,111,325,827,30,334 
517	311,562,244,577,339,266,309,13,115,984 
518	374,746,165,425,92,67,325,831,411,288 
519	270,262,92,181,70,59,232,165,370,557 
520	86,782,729,989,83,267,504,115,60,139 
521	922,212,945,267,989,225,374,437,608,693 
522	145,389,473,141,220,65,367,211,547,686 
523	11,285,248,334,306,720,177,527,826,180 
524	87,359,458,579,40,506,738,547,128,103 
525	270,288,233,478,325,257,59,262,248,132 
526	224,389,13,40,851,78,280,686,367,733 
527	78,145,561,851,244,168,280,26,13,547 
528	71,165,262,240,73,30,423,11,291,702 
529	262,158,702,746,557,232,30,171,60,803 
530	168,65,87,374,97,30,615,183,78,74 
531	929,77,456,13,383,256,765,174,378,716 
532	71,65,78,359,409,40,657,103,128,309 
533	288,92,232,70,163,68,102,262,74,595 
534	163,490,491,177,174,71,127,276,473,325 
535	270,374,240,102,150,30,478,67,781,95 
536	11,240,154,111,746,168,385,161,306,132 
537	257,248,146,374,302,478,288,42,499,71 
538	74,248,67,285,42,325,146,373,441,56 
539	270,746,92,102,70,325,132,42,111,63 
540	68,389,44,285,57,74,374,103,746,174 
541	374,70,288,59,134,165,232,425,46,854 
542	71,425,30,70,158,134,42,702,233,423 
543	374,285,74,67,150,257,478,423,70,73 
545	163,383,11,174,34,101,285,341,16,490 
546	168,248,257,42,288,232,325,111,74,113 
547	463,4,26,925,415,311,722,309,594,329 
548	71,288,746,44,76,165,374,67,240,232 
549	92,71,831,854,615,240,70,107,57,886 
550	71,30,92,165,70,59,233,325,423,134 
551	71,73,280,121,77,325,16,34,103,181 
552	430,309,491,13,1001,271,561,112,676,594 
553	628,156,856,309,115,415,277,438,525,922 
554	521,339,716,409,309,805,134,389,547,166 
556	71,374,285,240,67,73,288,181,411,113 
557	158,45,409,266,309,367,103,13,531,156 
558	374,288,70,59,165,73,92,134,222,411 
559	490,71,163,121,288,255,128,177,716,264 
560	41,65,97,286,560,168,719,886,236,367 
561	121,318,465,524,168,174,527,403,383,28 
562	168,270,746,73,163,70,385,55,423,291 
563	163,285,76,302,288,11,165,67,595,164 
564	74,270,374,288,71,163,42,478,30,595 
565	503,68,4,560,925,40,44,101,286,103 
566	374,168,262,92,270,30,288,657,70,564 
567	71,74,490,165,67,527,746,176,473,59 
568	121,127,378,257,74,146,490,385,784,67 
569	309,594,733,506,430,224,244,931,280,610 
570	270,181,74,262,150,165,257,222,67,370 
571	713,26,540,277,286,139,319,1018,415,604 
572	481,525,60,693,534,989,674,566,223,729 
573	71,270,74,389,73,746,257,374,67,325 
574	163,490,270,285,121,499,389,473,26,387 
575	71,374,288,42,158,102,257,11,70,433 
576	57,285,74,288,255,181,139,71,30,478 
577	359,786,621,800,269,753,156,562,681,410 
578	270,288,374,524,366,460,68,111,91,257 
579	746,288,181,232,74,385,334,132,102,63 
580	168,262,165,70,59,67,240,57,745,41 
581	248,746,11,232,74,325,478,150,302,148 
584	97,782,252,284,713,115,536,674,490,57 
585	57,717,244,547,40,16,540,52,309,610 
587	71,57,746,389,73,65,262,257,68,579 
588	77,753,560,244,224,686,158,48,409,458 
589	168,160,227,11,70,778,91,517,586,575 
590	148,374,288,285,524,240,386,68,70,146 
591	789,4,77,594,14,859,733,339,675,463 
593	527,716,256,177,29,26,141,76,768,13 
594	57,171,490,74,264,78,262,270,102,183 
595	491,16,755,382,826,28,985,202,401,574 
596	168,257,44,181,150,302,746,334,10,389 
597	158,46,97,65,521,409,85,112,70,211 
598	71,311,280,68,163,165,325,177,236,181 
599	248,257,68,302,378,11,478,76,67,746 
600	385,465,232,288,388,270,257,386,305,125 
601	121,604,464,389,456,632,550,859,14,284 
602	871,674,224,921,151,410,789,339,902,503 
603	121,160,288,71,10,174,490,383,34,784 
604	288,57,11,26,746,171,30,477,73,572 
605	57,71,85,134,74,264,73,339,409,719 
606	101,415,401,4,574,382,536,787,156,289 
607	270,74,248,150,42,71,288,325,233,411 
608	123,171,339,87,266,485,488,836,426,26 
609	270,11,68,746,181,374,76,389,176,26 
610	11,57,44,176,746,26,240,150,257,74 
611	168,385,160,524,746,73,262,127,318,30 
612	288,374,270,127,429,460,10,8,477,734 
613	74,270,44,746,163,76,30,165,73,158 
614	97,339,236,65,262,636,359,76,30,183 
615	168,374,70,92,134,240,171,42,41,595 
616	57,255,68,44,176,490,65,521,240,509 
617	374,71,150,240,257,30,411,478,325,282 
618	240,102,557,313,168,288,854,154,746,70 
619	163,288,285,10,385,181,389,755,34,746 
620	490,503,103,168,271,177,236,224,11,44 
621	270,257,68,374,71,746,150,76,255,26 
622	473,68,527,73,765,34,78,276,271,11 
623	491,527,56,44,765,378,177,387,196,567 
624	181,257,165,478,302,374,746,233,373,325 
625	248,557,63,385,154,603,111,477,334,284 
626	71,11,73,121,30,74,490,325,103,702 
627	787,92,248,378,14,255,963,161,334,154 
628	71,57,374,65,490,30,74,236,409,76 
629	71,374,288,74,262,30,59,181,70,411 
630	458,85,4,13,103,561,705,506,521,456 
631	490,83,506,78,26,244,805,579,40,16 
632	168,11,132,288,59,248,121,291,55,293 
633	374,30,59,70,288,73,325,423,158,291 
634	68,527,174,10,285,734,784,453,125,374 
635	71,374,30,165,57,285,42,240,44,433 
637	71,92,285,30,59,11,158,702,586,107 
638	787,713,266,926,754,52,863,711,717,174 
639	527,554,145,148,464,276,76,202,340,705 
640	168,262,374,746,270,87,11,74,240,579 
641	71,255,68,557,284,154,389,30,787,306 
642	270,181,262,42,257,150,92,11,67,134 
643	168,262,46,67,30,59,270,423,411,57 
644	527,491,720,145,276,202,55,76,383,765 
645	378,11,127,177,755,285,168,385,490,826 
646	71,11,92,42,70,73,74,325,132,222 
647	521,560,286,78,112,367,851,490,102,786 
648	121,720,207,904,437,347,429,216,389,955 
649	71,70,285,92,165,30,232,288,134,67 
650	71,831,854,70,107,615,680,46,270,30 
651	163,160,127,10,28,765,388,456,385,270 
652	321,168,158,41,490,270,409,277,473,869 
653	270,102,370,63,557,70,132,478,831,411 
654	57,490,236,26,805,409,579,40,746,11 
655	168,288,285,181,127,746,148,240,460,30 
656	232,288,285,257,524,74,465,827,302,781 
657	288,270,378,746,389,92,477,240,385,150 
658	490,65,236,547,103,814,257,286,101,359 
659	163,385,285,288,68,181,460,10,465,423 
660	652,52,540,554,547,16,913,810,768,244 
661	16,26,45,156,29,216,554,716,77,277 
662	257,150,374,44,68,302,478,146,161,160 
663	71,132,746,59,285,102,248,557,291,423 
664	71,270,285,57,158,257,165,42,176,433 
665	121,334,168,270,181,148,150,76,784,202 
666	74,285,248,165,746,478,374,44,441,240 
667	168,132,158,67,240,325,165,413,524,239 
668	270,71,374,67,163,248,150,240,59,411 
669	71,270,165,11,181,325,240,30,68,146 
670	713,256,156,34,13,236,276,277,71,177 
672	92,132,59,73,325,121,423,111,282,165 
673	248,165,146,285,127,42,746,67,499,222 
674	240,233,63,288,181,478,154,92,325,318 
675	374,71,262,42,257,11,73,325,282,595 
676	787,904,826,711,574,754,755,717,306,52 
677	165,71,325,240,59,257,423,30,302,781 
679	262,557,102,822,669,270,702,680,854,454 
680	557,640,17,803,168,288,425,158,669,132 
681	284,169,904,758,216,971,382,720,694,898 
682	248,270,257,285,74,378,746,388,73,441 
683	77,112,26,65,450,244,547,686,367,171 
684	168,270,746,46,702,59,831,42,199,557 
685	262,30,102,87,521,270,139,92,615,700 
686	252,628,525,83,674,763,729,226,631,694 
687	71,70,285,425,232,30,132,233,669,370 
688	71,270,26,171,121,158,490,73,139,657 
689	248,148,285,270,460,288,383,28,388,71 
691	121,610,160,207,177,128,327,594,675,148 
692	163,44,168,101,765,499,334,713,203,387 
693	285,460,288,524,374,63,527,174,10,325 
694	71,11,68,121,44,30,257,490,232,150 
695	309,60,869,264,657,280,48,733,503,689 
696	288,385,787,127,148,28,859,152,341,734 
697	270,288,11,102,232,42,74,478,92,282 
698	270,285,150,240,44,30,11,57,255,282 
699	378,865,713,971,255,456,177,266,52,4 
700	71,288,74,490,76,44,374,325,433,240 
701	16,389,491,139,415,851,280,450,309,805 
702	165,74,150,67,746,71,285,163,423,397 
703	71,92,70,73,68,30,163,702,423,282 
704	41,46,339,560,134,86,636,490,40,48 
705	244,605,367,60,636,473,65,851,171,753 
706	309,560,531,450,871,50,430,636,851,594 
707	74,270,181,746,30,165,102,42,478,134 
708	163,127,491,720,465,385,288,765,181,305 
710	163,160,148,10,174,270,285,276,524,423 
711	163,285,746,146,302,374,165,127,397,423 
712	163,68,177,174,44,127,148,67,311,288 
713	527,383,10,202,148,76,203,741,145,768 
714	168,97,139,85,134,409,686,339,103,719 
715	270,669,71,42,102,233,586,385,285,107 
716	71,60,46,115,280,359,40,657,738,689 
717	121,44,473,378,101,334,460,256,387,741 
718	285,181,163,44,11,68,255,30,240,665 
719	156,311,50,753,636,686,531,719,871,786 
720	121,378,527,127,385,460,181,150,73,318 
721	248,168,257,378,11,302,325,177,784,202 
722	71,286,560,686,264,73,211,26,786,805 
723	929,675,720,904,347,8,429,434,530,174 
725	71,389,473,491,44,73,288,746,765,456 
726	71,165,262,30,423,325,240,285,150,745 
727	71,165,181,257,262,423,240,73,158,302 
728	389,458,13,826,574,68,503,464,610,863 
729	71,746,102,30,232,73,158,59,282,248 
730	717,145,753,128,925,156,410,226,269,372 
731	168,70,615,746,30,59,270,854,42,680 
732	121,68,385,174,383,44,232,55,491,73 
733	224,1001,921,562,905,473,151,902,45,372 
735	168,615,240,746,171,70,270,42,831,511 
736	168,288,57,473,71,101,181,284,34,323 
737	168,389,270,181,490,527,378,150,71,146 
738	270,71,325,11,74,232,163,59,524,385 
739	4,224,83,805,931,977,1001,68,327,541 
740	334,240,111,160,524,168,778,154,557,669 
741	71,92,42,158,74,425,70,165,233,67 
742	374,232,42,158,425,30,702,165,291,683 
743	121,127,160,181,168,499,383,76,28,471 
744	859,929,787,123,306,434,758,382,401,334 
745	71,65,339,262,503,560,145,716,50,869 
746	163,257,374,248,68,71,150,121,478,423 
747	165,150,248,302,163,746,285,325,102,233 
748	121,68,285,318,465,388,146,527,386,478 
749	270,257,11,68,374,746,150,30,121,146 
750	240,102,425,70,370,854,171,831,232,212 
751	71,158,73,102,41,521,746,74,67,92 
752	713,415,26,560,139,810,805,1018,40,652 
753	71,270,288,30,57,44,73,165,11,282 
754	168,103,145,77,68,74,276,409,433,67 
755	374,59,74,232,288,181,67,262,282,95 
757	60,168,686,48,309,220,566,605,689,869 
758	74,57,163,389,150,473,26,746,441,579 
759	321,252,727,640,850,86,123,787,358,151 
760	693,252,288,727,17,270,132,63,225,5 
761	77,921,985,174,522,34,256,720,621,87 
762	168,285,257,44,334,127,150,148,232,174 
763	168,11,165,288,374,334,282,781,70,397 
764	165,71,67,325,423,73,285,150,11,781 
765	374,42,165,158,285,59,73,70,74,92 
766	74,374,165,163,146,302,478,71,248,73 
767	71,285,134,288,746,240,46,42,65,521 
768	429,288,787,720,437,92,955,180,460,608 
769	168,262,746,67,425,702,270,30,803,424 
770	46,168,636,689,925,716,719,628,134,48 
771	71,73,67,46,134,57,30,76,102,59 
772	71,288,746,181,44,121,76,248,177,478 
773	713,560,78,224,415,540,277,851,286,471 
774	374,30,59,288,70,425,67,73,150,113 
775	285,270,168,44,8,768,92,477,527,71 
776	168,311,26,85,76,45,285,174,458,65 
777	458,765,256,554,621,236,68,85,925,244 
778	491,594,415,277,224,621,76,327,985,456 
779	729,989,997,265,640,252,748,504,787,86 
780	168,334,127,74,257,378,181,174,67,42 
781	561,309,389,560,547,738,871,430,605,16 
782	71,158,67,42,270,746,102,288,257,11 
783	121,44,288,270,473,378,76,174,67,145 
784	71,165,42,257,325,181,285,423,302,70 
785	367,389,77,733,244,220,145,78,851,415 
786	168,68,288,374,177,77,481,605,14,83 
788	71,74,746,30,67,181,73,285,288,46 
789	240,288,168,71,111,232,746,161,822,170 
790	57,74,87,389,78,26,374,236,211,595 
791	270,285,150,71,11,30,163,255,57,233 
792	244,311,686,271,473,145,463,652,389,115 
793	805,68,11,211,14,717,128,531,352,689 
794	768,675,527,177,787,44,123,306,456,382 
795	270,11,74,30,92,150,163,44,255,57 
796	270,374,68,257,181,121,150,240,165,378 
797	285,270,11,161,154,233,385,827,245,477 
798	87,156,636,531,605,78,719,244,851,26 
799	248,378,527,288,174,465,285,177,305,397 
800	71,158,74,262,171,257,150,181,595,282 
801	71,74,270,30,257,76,42,134,433,11 
802	977,430,540,1018,605,1001,594,547,41,717 
803	458,547,286,415,450,26,309,319,594,851 
805	657,156,719,26,13,264,311,46,271,244 
806	285,746,68,163,74,92,150,44,248,232 
807	713,560,286,244,547,78,540,103,851,71 
808	713,814,244,810,4,652,805,610,256,560 
809	378,527,491,101,284,127,768,168,385,152 
810	374,240,92,70,73,285,57,702,232,11 
812	248,284,374,385,270,8,127,168,161,755 
813	374,71,288,165,150,181,257,262,70,92 
814	71,270,374,42,288,285,73,524,302,222 
815	71,374,42,102,30,73,257,70,478,595 
816	121,334,145,741,705,471,389,531,127,784 
817	491,16,177,168,145,202,103,288,74,755 
818	71,59,70,165,232,30,325,132,702,411 
819	458,389,156,139,705,103,604,765,141,44 
820	87,693,77,658,577,225,410,220,409,815 
821	71,270,288,11,240,181,30,325,68,302 
822	71,165,423,746,134,30,70,232,282,288 
823	71,288,232,70,132,557,102,59,42,282 
824	121,148,527,460,288,270,524,746,383,91 
825	859,288,68,374,389,477,270,121,207,92 
826	288,557,385,154,746,161,232,827,477,125 
827	374,57,171,46,92,240,70,42,423,700 
828	374,158,42,73,92,70,134,165,181,113 
829	71,57,46,139,73,74,65,41,150,87 
830	212,689,922,252,534,694,805,223,364,326 
831	92,68,163,232,255,161,557,154,70,121 
832	168,87,374,60,805,236,211,11,490,86 
833	270,257,478,233,288,42,71,30,165,92 
834	163,720,148,248,44,16,490,546,550,76 
835	270,132,524,374,305,746,63,403,111,59 
836	503,473,339,270,311,176,40,264,11,286 
837	40,562,800,621,321,738,1001,632,560,652 
838	71,11,163,288,285,59,257,95,318,148 
839	168,257,270,127,527,302,334,288,67,325 
840	262,134,171,92,41,831,854,454,702,411 
841	74,165,146,67,44,248,71,42,373,397 
842	121,464,180,550,34,347,632,11,401,340 
843	425,67,59,73,615,30,70,702,190,232 
844	490,44,73,26,97,145,85,339,236,101 
845	102,270,854,134,831,746,313,113,30,150 
846	270,746,240,121,68,127,257,160,827,293 
847	71,374,285,92,158,68,57,232,702,181 
848	68,859,177,720,288,174,270,473,913,787 
849	491,456,741,458,554,180,276,256,610,76 
850	491,503,29,10,256,85,471,73,261,74 
851	17,374,748,265,997,640,481,787,504,437 
852	168,158,139,65,425,409,30,615,74,656 
853	378,334,768,675,490,202,741,382,127,276 
854	389,285,288,527,270,473,177,755,16,746 
855	71,270,288,26,76,97,46,325,177,77 
856	168,150,165,67,499,76,44,781,73,282 
857	71,92,132,288,285,42,11,30,111,248 
858	248,71,385,163,111,70,557,154,42,30 
859	71,270,746,44,257,389,30,73,163,477 
860	490,705,280,456,276,174,985,339,266,177 
861	675,216,306,530,904,382,826,8,963,464 
862	490,456,826,45,285,29,604,339,34,176 
863	139,171,85,560,286,264,425,719,270,364 
864	378,68,174,127,34,385,490,284,55,550 
865	786,716,902,628,48,981,339,269,280,802 
866	306,383,68,121,248,255,378,161,437,125 
867	71,139,30,521,65,288,92,854,615,409 
868	163,285,127,460,385,720,202,293,389,388 
869	713,738,220,717,605,733,13,450,1001,561 
870	71,30,158,285,288,70,42,165,702,46 
871	262,59,92,288,425,30,232,46,745,413 
872	132,232,154,248,59,827,102,370,95,757 
873	270,132,129,232,67,181,373,411,257,831 
874	425,270,42,73,746,57,74,288,285,113 
875	270,285,71,11,163,240,44,478,42,423 
876	716,266,309,547,686,264,733,389,78,719 
877	240,262,232,70,557,59,11,154,113,478 
878	270,288,11,70,232,30,154,370,113,73 
879	321,45,800,881,636,657,628,46,244,561 
880	270,746,257,74,30,478,325,92,232,282 
881	74,181,288,374,165,76,67,73,433,781 
882	374,30,92,70,42,59,288,165,702,113 
883	181,257,374,146,42,165,302,248,240,499 
884	374,11,285,232,30,158,102,702,57,282 
885	71,374,165,134,42,288,150,257,222,702 
886	265,729,212,989,437,288,945,693,169,608 
887	425,270,746,92,854,42,70,165,831,313 
888	111,325,70,318,746,524,669,148,154,282 
889	304,151,738,658,77,800,223,621,359,266 
890	374,158,30,70,102,73,41,746,87,313 
891	429,530,267,922,169,123,557,996,245,180 
892	374,59,288,42,325,102,248,385,282,74 
893	121,68,270,288,385,285,174,73,383,55 
894	240,288,102,11,154,232,370,161,669,586 
895	248,257,74,168,150,527,784,174,441,323 
896	531,490,717,13,50,562,871,1001,560,40 
897	270,288,92,30,181,165,425,70,257,232 
898	77,456,621,339,277,859,594,720,97,34 
899	121,76,16,765,74,255,471,741,45,503 
900	248,285,288,74,181,148,160,76,73,164 
901	163,11,121,285,181,288,150,73,374,103 
902	168,240,70,11,30,232,59,132,669,423 
903	47,658,717,716,223,269,800,503,577,77 
904	385,121,168,68,232,460,374,465,305,125 
905	168,521,77,41,121,83,277,29,491,261 
906	71,59,285,42,30,134,702,557,411,423 
907	270,163,248,181,240,150,71,478,44,73 
908	168,280,76,236,604,433,158,506,456,176 
909	248,378,383,10,288,257,177,150,341,499 
910	321,86,729,374,71,693,252,782,171,158 
911	71,70,11,232,30,59,42,557,854,95 
912	158,286,636,409,45,719,311,266,869,605 
913	429,232,154,161,385,111,746,70,245,68 
914	525,640,97,223,815,83,842,304,463,169 
915	378,720,148,10,202,16,340,456,385,276 
916	71,374,158,257,57,181,73,42,282,11 
917	50,277,84,112,236,621,674,220,640,87 
918	71,374,240,30,73,325,59,423,11,702 
919	787,152,212,207,603,850,60,763,57,288 
920	168,158,134,30,59,285,854,232,113,46 
921	71,374,150,165,181,158,57,73,222,76 
922	71,30,57,158,92,425,134,313,370,257 
923	71,374,165,257,181,30,240,150,67,158 
924	248,378,174,10,181,285,465,56,341,546 
925	163,383,460,248,285,127,490,74,755,203 
926	168,77,473,103,60,177,746,848,686,65 
927	248,378,527,174,10,288,784,302,202,397 
928	77,277,438,527,1001,815,319,85,604,905 
929	270,288,257,42,30,150,11,478,262,67 
930	163,257,71,490,285,288,150,302,441,30 
931	527,11,378,76,276,145,389,325,103,433 
932	71,270,102,557,30,158,232,854,313,113 
933	163,248,68,257,74,181,71,240,42,595 
934	270,74,374,288,165,478,42,146,71,411 
935	156,605,430,1001,450,491,1018,753,828,717 
936	270,374,746,44,478,302,71,146,165,73 
937	490,738,83,57,156,686,103,158,594,1018 
939	270,325,59,746,288,285,111,165,154,227 
940	490,45,786,753,658,800,419,632,86,244 
941	716,531,733,686,636,40,139,29,158,264 
942	374,285,262,30,255,163,232,121,74,154 
943	270,262,746,132,63,385,111,95,42,233 
944	321,481,92,729,989,60,656,850,169,815 
945	490,68,76,56,389,26,353,334,720,4 
946	244,547,57,40,415,112,506,652,220,367 
947	71,68,44,92,26,746,158,477,8,10 
948	787,121,859,385,14,180,963,477,608,154 
949	374,42,30,73,70,232,74,325,282,222 
950	389,68,65,176,521,103,503,509,339,458 
951	71,158,65,264,85,134,74,425,30,67 
952	527,71,473,334,768,145,293,73,28,285 
953	11,148,127,306,174,603,341,125,177,859 
954	378,174,10,127,285,168,44,389,305,741 
955	490,112,506,686,40,103,158,561,76,16 
956	285,746,71,257,478,30,74,113,42,222 
957	168,339,367,262,115,364,503,48,869,77 
958	374,262,74,171,240,134,150,425,70,854 
959	768,14,26,44,216,101,755,8,177,347 
960	473,491,280,716,87,276,433,339,521,604 
961	71,270,288,11,181,165,42,150,240,433 
962	71,158,181,42,74,150,57,165,113,176 
963	71,67,11,181,325,288,285,232,146,441 
964	121,490,285,389,71,74,76,257,473,460 
965	248,59,11,92,325,746,285,42,91,478 
966	71,165,42,30,134,102,325,288,702,222 
967	71,74,67,30,158,57,76,102,282,579 
968	168,257,302,150,165,67,68,196,127,176 
969	521,211,103,145,141,128,359,719,46,156 
970	163,11,257,374,746,150,44,127,176,255 
971	481,656,989,252,729,525,689,693,727,92 
972	50,156,506,244,753,40,319,719,65,158 
973	71,42,746,325,92,248,285,111,107,702 
974	481,158,85,46,364,48,521,139,90,674 
975	163,181,150,746,44,302,146,478,240,164 
976	87,458,805,713,103,389,26,244,309,319 
977	71,57,134,270,374,171,746,67,76,325 
979	71,286,46,339,716,165,67,359,409,458 
980	168,240,285,11,132,30,557,702,854,67 
981	168,11,257,181,746,150,121,127,176,30 
982	71,374,11,30,42,102,257,165,44,248 
983	71,270,42,325,73,30,288,181,302,132 
984	240,70,232,102,154,132,357,274,854,702 
985	168,68,285,76,288,248,146,499,441,196 
986	57,92,240,102,11,70,73,255,854,595 
987	248,385,527,257,288,285,44,177,150,403 
988	458,415,805,547,527,101,814,521,68,103 
989	163,44,177,285,10,28,284,741,464,74 
990	713,814,560,277,415,78,810,4,264,256 
991	71,270,163,746,257,42,288,285,57,103 
992	473,121,11,76,158,280,65,276,686,261 
993	168,85,262,134,236,409,211,719,786,473 
994	74,285,165,302,288,76,374,146,164,222 
995	334,127,385,720,177,305,288,56,232,386 
997	71,30,158,57,70,11,73,74,257,59 
998	168,257,270,288,378,150,302,527,460,387 
999	168,73,121,76,277,604,83,288,60,325 
1000	270,374,288,150,42,165,163,102,30,59 
1001	768,383,913,389,434,464,491,603,177,28 
1002	121,168,44,255,389,746,334,177,385,8 
1003	270,285,181,240,478,44,11,30,102,665 
1004	270,262,385,70,429,746,63,586,125,163 
1005	71,102,70,854,746,615,702,30,59,511 
1006	374,270,30,240,42,150,165,262,57,176 
1007	163,385,68,160,232,181,460,44,386,132 
1008	285,240,257,102,150,74,30,478,154,595 
1009	374,11,70,325,59,285,262,92,257,95 
1010	57,46,560,686,78,367,26,359,73,364 
1011	71,74,73,30,285,288,67,102,181,139 
1012	74,71,76,57,163,165,288,73,30,255 
1013	163,181,67,150,302,68,11,478,499,176 
1015	46,83,112,115,103,11,674,339,473,560 
1016	374,71,74,325,181,257,232,30,70,233 
1017	248,378,174,465,10,28,386,181,202,146 
1018	121,16,550,741,768,340,554,276,713,826 
1019	71,139,87,134,165,41,30,264,76,42 
1020	71,158,134,30,97,139,171,42,288,433 
1022	374,71,257,181,150,262,42,165,222,92 
1023	334,720,174,10,784,305,734,288,453,546 
1024	121,374,127,160,746,71,325,63,386,73 
1025	168,71,70,233,232,132,370,63,30,425 
1026	425,59,73,30,67,615,746,270,702,222 
1027	240,557,70,232,154,63,102,132,729,854 
1028	74,150,288,746,374,76,302,30,68,490 
1029	694,859,284,929,865,17,850,314,720,926 
1030	71,270,165,240,74,73,248,70,222,385 
1031	374,270,71,181,150,30,163,478,44,233 
1032	71,262,288,59,70,158,325,74,291,181 
1034	71,92,102,11,30,59,42,73,669,74 
1035	271,925,554,4,280,121,141,339,658,921 
1036	768,913,123,464,177,972,401,306,490,904 
1037	270,232,70,557,132,102,30,154,702,42 
1038	270,746,262,30,181,478,150,42,154,222 
1039	270,71,285,181,288,232,11,132,524,68 
1040	374,158,92,70,73,42,134,11,854,46 
1041	71,374,73,46,288,171,285,257,423,702 
1042	163,121,465,232,288,285,302,386,524,453 
1043	374,59,70,67,158,134,423,74,11,46 
1044	71,168,46,854,70,171,30,454,270,199 
1045	71,73,490,163,42,746,423,325,288,26 
1046	171,47,640,657,123,504,856,17,463,41 
1047	34,163,276,610,103,29,13,141,10,561 
1048	270,71,746,257,325,181,232,42,524,146 
1049	270,240,102,232,70,30,557,248,325,282 
1050	248,374,181,232,71,325,385,423,524,595 
1051	168,270,127,285,74,527,44,76,202,42 
1052	270,181,150,68,71,746,374,302,30,490 
1053	71,240,70,102,30,132,59,325,282,181 
1054	458,415,244,604,101,121,594,717,68,621 
1055	71,165,74,70,423,73,240,129,140,478 
1056	74,285,76,746,68,71,165,374,164,387 
1057	71,270,67,285,232,181,248,146,524,95 
1058	334,160,720,10,232,734,270,125,429,779 
1059	163,181,746,374,150,68,44,302,146,334 
1060	240,92,557,70,233,370,154,42,161,831 
1061	163,285,181,68,165,73,67,150,146,441 
1062	378,11,14,174,460,464,285,755,148,603 
1063	71,165,257,746,285,150,102,30,240,70 
1064	71,74,73,41,46,389,746,68,374,176 
1065	71,270,76,288,44,374,262,473,46,134 
1066	240,270,746,288,132,59,669,63,357,11 
1067	490,13,277,77,40,264,158,851,211,547 
1068	262,70,102,270,702,803,746,831,288,291 
1069	490,171,264,112,29,851,46,156,266,16 
1070	71,74,67,73,285,30,181,423,433,373 
1071	92,557,154,132,11,262,70,233,385,325 
1072	270,30,181,165,74,92,70,233,95,370 
1073	240,102,831,669,288,232,132,854,233,274 
1074	121,385,174,288,10,366,784,257,386,642 
1075	859,11,8,180,929,207,385,255,675,347 
1077	270,746,74,57,92,257,181,158,11,134 
1078	57,270,288,389,150,171,30,181,176,165 
1079	71,232,68,92,385,121,70,478,154,176 
1080	121,805,207,101,787,255,374,285,621,536 
1081	74,76,181,473,26,73,150,163,255,102 
1082	71,262,102,11,240,74,285,134,46,181 
1083	374,11,74,92,257,68,73,102,163,478 
1084	71,262,59,240,67,70,425,74,745,92 
1085	97,65,339,503,45,280,40,11,925,786 
1086	158,112,716,409,77,656,689,103,869,359 
1087	57,171,139,74,746,26,255,150,595,240 
1088	121,288,71,383,385,527,232,255,181,160 
1089	163,121,68,76,44,288,67,232,177,433 
1090	71,74,374,11,262,158,42,257,134,579 
1091	288,68,248,746,255,44,383,385,232,181 
1092	270,168,746,63,557,132,111,385,154,30 
1093	374,746,70,288,59,702,46,285,700,313 
1094	458,85,814,277,87,632,359,76,68,610 
1095	270,71,374,746,68,248,73,325,102,262 
1096	458,158,41,561,171,271,277,156,280,359 
1097	490,139,145,389,68,713,67,165,134,719 
1098	270,71,288,163,165,42,240,248,76,222 
1099	168,73,276,77,101,10,325,176,816,460 
1100	121,720,473,4,347,755,285,434,16,503 
1101	92,71,854,557,831,168,57,46,656,170 
1102	963,265,284,997,787,161,63,748,996,14 
1103	385,121,168,68,232,378,383,161,146,28 
1104	434,971,383,121,306,378,826,356,963,491 
1105	71,490,158,67,46,286,473,77,686,26 
1106	71,270,74,163,68,30,181,165,70,433 
1107	71,57,425,87,30,74,270,560,409,702 
1108	490,44,34,257,77,20,148,146,387,10 
1109	60,232,17,729,504,168,5,59,11,357 
1110	92,240,59,73,586,385,669,163,291,154 
1111	71,288,232,746,11,132,59,63,111,73 
1112	71,163,77,433,16,121,270,288,491,164 
1113	71,270,288,42,30,240,102,73,150,158 
1114	163,285,746,302,11,68,44,423,282,56 
1115	57,85,560,264,78,280,83,30,389,309 
1116	11,111,288,318,746,827,161,148,102,386 
1117	29,277,103,156,236,621,610,177,765,11 
1118	374,70,102,325,288,73,30,702,478,163 
1119	557,11,963,232,71,429,694,729,746,603 
1120	71,65,686,490,83,786,103,579,359,26 
1121	491,29,327,594,87,11,256,277,717,236 
1122	121,465,232,383,366,527,784,386,257,397 
1123	121,44,101,71,765,4,471,181,255,202 
1124	490,220,166,636,29,78,738,156,1018,40 
1126	121,491,16,34,389,471,26,176,146,196 
1127	240,285,59,92,70,165,288,232,132,557 
1128	57,171,134,288,85,30,74,425,686,103 
1129	163,491,148,248,28,490,76,465,181,389 
1130	163,473,491,257,499,26,73,387,441,146 
1131	163,44,383,177,148,160,74,76,232,477 
1132	374,557,729,437,945,727,306,63,169,285 
1134	374,57,746,288,92,240,285,854,313,700 
1135	71,74,288,285,57,158,67,44,68,282 
