0	116,5,214,483,19,90,496,79,39,940 
1	1023,429,1280,486,575,214,1445,146,1229,851 
2	194,569,801,446,93,161,116,795,705,240 
3	214,292,363,110,257,127,522,328,71,324 
4	214,292,79,139,470,61,496,127,94,406 
5	135,116,781,88,541,483,68,766,508,782 
6	20,28,62,93,16,406,459,1045,268,446 
7	5,62,202,363,59,79,446,292,181,224 
8	135,202,157,94,224,257,18,357,96,62 
9	135,292,9,18,110,522,5,62,246,127 
10	5,116,569,177,194,307,181,121,212,446 
11	116,214,202,110,79,9,397,483,387,92 
12	62,446,160,83,121,214,468,317,157,178 
13	62,20,111,218,160,253,264,25,467,13 
14	202,363,191,94,470,522,3,294,96,127 
15	116,93,5,874,139,397,387,127,88,71 
16	20,5,135,214,874,469,96,90,360,413 
17	5,16,202,483,874,90,19,940,169,907 
18	363,79,191,139,246,1247,250,406,522,324 
19	194,16,135,160,177,880,161,307,319,943 
20	62,880,160,253,235,264,202,317,588,328 
21	116,214,470,94,96,397,79,92,514,508 
22	106,161,569,326,556,425,181,950,310,953 
23	202,292,224,59,18,5,238,92,61,127 
24	5,16,496,79,110,191,363,121,212,92 
25	214,202,218,79,18,328,251,178,25,424 
26	592,626,9,296,904,1261,64,135,745,275 
27	745,493,1075,256,411,1106,90,51,998,907 
28	20,5,62,214,541,874,110,781,940,139 
29	575,309,925,1302,1045,80,94,339,649,1374 
30	801,569,326,425,794,319,705,240,1197,730 
31	135,994,854,18,592,1045,404,157,294,64 
32	116,16,62,328,157,522,160,19,111,251 
33	363,202,79,9,522,406,139,19,496,246 
34	116,5,202,19,483,139,514,90,357,82 
35	88,768,8,280,411,139,472,127,51,855 
36	116,214,79,218,328,59,224,569,257,439 
37	214,157,62,92,363,79,16,1045,139,40 
38	194,218,42,116,425,211,80,28,705,953 
39	135,93,218,214,880,25,83,178,92,38 
40	93,62,202,191,541,469,90,496,912,413 
41	363,135,202,522,251,139,110,496,246,424 
42	135,62,177,446,178,251,880,157,628,317 
43	801,425,556,326,1111,319,705,62,1152,730 
44	575,305,1302,962,934,1452,1077,429,94,1021 
45	116,214,191,5,541,9,469,139,912,688 
46	96,202,257,676,294,224,79,18,324,289 
47	116,214,90,514,781,16,96,139,413,470 
48	569,181,218,588,997,328,239,307,810,874 
49	292,296,214,1240,273,12,206,18,268,395 
50	116,202,79,93,257,12,157,61,40,599 
51	191,135,214,139,93,849,469,514,640,855 
52	116,5,16,157,79,363,139,121,433,439 
53	191,202,12,496,357,292,397,71,92,670 
54	541,202,782,219,1369,261,634,83,470,807 
55	191,110,257,18,94,93,397,88,324,5 
56	116,5,214,292,569,177,880,251,178,446 
57	135,202,157,139,496,224,257,397,12,62 
58	116,5,292,139,496,59,218,96,12,238 
59	880,160,157,212,496,121,235,307,79,110 
60	214,93,191,96,79,88,224,470,483,12 
61	20,470,257,8,94,34,324,162,496,40 
62	116,292,224,406,110,5,496,246,16,397 
63	20,5,214,202,88,19,496,859,39,4 
64	98,1011,157,309,429,1185,1452,146,268,1021 
65	20,292,135,202,224,1247,16,12,246,26 
66	20,93,363,202,5,62,18,61,12,27 
67	93,483,88,96,198,139,940,504,11,413 
68	470,8,292,20,214,206,616,202,980,854 
69	801,161,1111,459,42,794,705,692,205,706 
70	161,42,953,319,106,943,158,622,845,16 
71	854,8,470,268,202,313,1175,92,507,9 
72	692,425,953,150,16,445,621,705,1049,730 
73	5,62,191,88,874,90,19,96,496,907 
74	135,5,214,271,483,514,96,328,844,157 
75	116,214,79,257,397,127,90,874,599,337 
76	20,135,191,110,12,496,19,71,357,324 
77	20,8,90,289,51,483,807,819,11,318 
78	16,62,20,5,181,212,271,121,467,13 
79	292,59,135,387,496,12,110,874,40,676 
80	569,181,446,880,214,212,522,328,202,468 
81	150,556,692,1079,42,589,283,706,1097,1111 
82	116,157,202,363,18,406,16,62,3,83 
83	202,292,496,61,224,157,71,874,357,424 
84	62,253,194,880,181,94,307,177,446,212 
85	218,214,569,406,94,62,25,328,59,148 
86	116,135,79,202,19,292,363,110,257,26 
87	59,9,683,1247,246,93,148,328,398,26 
88	135,214,19,62,139,92,483,470,16,147 
89	253,1082,556,943,445,794,459,706,205,260 
90	950,943,445,556,1111,42,16,1097,1234,804 
91	20,363,79,292,18,224,5,62,1247,470 
92	801,161,459,950,1082,943,16,795,951,158 
93	20,135,257,110,93,251,3,94,470,96 
94	191,781,20,782,1040,289,1118,855,280,198 
95	135,9,93,59,110,496,71,328,357,294 
96	116,93,292,406,19,92,9,139,178,94 
97	18,224,257,139,96,127,406,424,522,92 
98	116,5,9,292,224,874,397,18,12,238 
99	292,257,191,3,683,96,238,127,92,550 
100	135,9,19,397,157,324,59,18,294,670 
101	62,5,202,177,191,139,328,59,212,160 
102	202,470,51,73,90,127,483,139,634,768 
103	20,96,508,139,9,670,371,73,496,397 
104	934,305,796,713,1185,94,1374,1206,1427,1021 
105	116,5,874,19,177,96,483,387,88,292 
106	253,211,1082,1148,943,5,445,1079,410,587 
107	135,363,202,19,5,224,16,251,257,12 
108	20,116,93,62,177,271,328,880,588,809 
109	20,5,62,541,100,198,9,496,271,907 
110	214,135,363,139,257,93,127,71,246,328 
111	214,93,9,496,514,19,79,912,324,292 
112	214,874,271,177,496,292,363,397,59,439 
113	626,250,224,127,96,273,1240,146,34,543 
114	214,202,93,62,16,92,79,328,569,446 
115	116,202,470,127,292,12,88,94,294,71 
116	96,202,470,257,127,397,162,324,670,18 
117	135,214,191,496,139,88,514,257,357,90 
118	5,214,191,110,514,19,139,100,79,387 
119	116,62,218,271,160,328,880,406,468,628 
120	116,214,202,79,191,139,257,397,127,324 
121	962,934,1023,796,1302,80,1374,649,339,1353 
122	20,16,406,224,110,83,9,496,191,257 
123	93,5,79,16,110,139,397,59,387,177 
124	8,713,157,980,721,224,9,618,550,1141 
125	253,1082,735,943,42,1079,106,1197,1148,205 
126	801,211,326,794,950,1082,943,319,240,295 
127	801,1082,692,953,150,106,950,253,790,319 
128	20,135,9,251,218,1247,246,178,5,26 
129	96,110,9,496,397,514,874,8,640,224 
130	135,292,406,328,12,246,251,92,94,683 
131	214,191,79,139,397,88,514,470,292,12 
132	62,16,177,19,157,110,307,92,79,439 
133	20,214,110,139,5,257,397,18,324,71 
134	20,116,214,202,9,157,18,357,324,522 
135	116,135,202,110,874,62,912,90,640,224 
136	83,5,62,88,19,9,79,257,599,363 
137	96,470,162,214,88,745,1398,152,296,51 
138	162,250,257,64,71,139,206,550,333,1240 
139	116,202,363,93,12,19,61,92,397,294 
140	5,62,19,9,496,157,292,271,324,94 
141	116,135,110,257,18,88,357,294,19,387 
142	62,214,880,178,328,522,59,628,251,468 
143	781,116,483,5,907,998,256,807,782,688 
144	135,292,224,406,110,5,496,1247,16,683 
145	292,202,157,626,676,324,246,146,3,34 
146	214,9,135,110,363,157,496,127,93,397 
147	20,9,51,116,616,94,382,482,483,912 
148	116,5,514,177,328,387,257,912,292,504 
149	116,135,202,110,139,88,257,470,874,96 
150	363,110,257,238,19,127,496,3,683,71 
151	116,5,874,94,9,92,218,88,292,363 
152	20,116,202,79,157,59,5,328,238,147 
153	116,214,202,59,157,62,251,181,61,433 
154	116,93,5,16,9,96,470,292,94,59 
155	801,161,326,5,556,705,319,943,692,410 
156	62,106,801,161,211,42,160,93,587,950 
157	292,250,127,313,246,626,146,324,683,92 
158	224,683,3,59,191,116,139,238,550,324 
159	116,522,406,19,496,9,139,569,238,177 
161	116,93,202,59,18,19,92,238,61,246 
162	5,214,483,514,469,496,96,39,528,413 
163	5,181,218,194,271,212,235,468,106,767 
164	801,211,953,1148,950,326,692,1111,283,106 
165	801,161,950,1111,42,943,735,319,205,711 
166	363,116,202,157,18,406,522,139,496,294 
167	801,211,150,950,450,1148,1079,375,804,410 
168	157,111,522,292,328,446,880,92,178,628 
169	5,93,202,110,177,139,218,328,469,257 
170	214,292,202,110,470,96,246,496,92,61 
171	5,62,110,191,9,139,363,397,224,88 
172	20,214,93,202,19,496,62,874,12,71 
173	214,9,135,157,238,71,93,357,397,92 
174	116,135,569,880,214,328,181,496,19,467 
175	83,425,326,1111,950,249,795,589,1135,767 
176	116,93,5,496,88,79,397,328,218,59 
177	116,93,16,177,110,496,328,307,541,121 
178	106,355,179,1077,1206,713,429,80,1353,94 
179	93,5,62,496,96,397,357,157,177,470 
180	116,202,110,292,257,397,88,92,294,541 
181	116,9,496,257,387,12,127,59,324,670 
182	116,214,93,514,90,62,387,79,324,100 
183	79,202,522,251,61,139,148,370,218,836 
184	214,116,224,157,294,324,250,71,676,40 
185	116,214,271,177,79,139,257,96,59,363 
186	116,79,93,157,191,110,257,387,5,522 
187	253,150,106,569,16,794,319,906,795,679 
188	93,62,569,363,160,59,317,111,522,239 
189	214,202,9,12,257,127,496,71,363,92 
190	106,800,796,721,1045,1185,80,1427,1353,1141 
191	18,202,224,683,246,238,3,328,92,110 
192	218,93,177,25,363,160,194,522,406,42 
193	16,253,93,20,446,218,264,121,997,767 
194	157,292,363,470,3,599,238,324,357,550 
195	116,5,16,202,177,328,191,387,292,4 
196	116,214,5,9,496,88,397,224,387,218 
197	12,470,127,257,250,94,363,626,71,496 
198	20,79,157,110,12,246,1247,424,496,3 
199	116,135,214,62,514,9,139,39,357,292 
200	214,202,9,96,127,12,88,387,4,27 
201	9,224,18,139,250,238,357,34,626,162 
202	116,214,5,16,9,541,79,470,127,39 
203	116,62,16,93,191,781,874,261,907,218 
204	214,79,18,294,127,324,246,496,19,424 
205	5,62,363,874,292,271,433,224,110,26 
206	292,224,191,3,59,127,146,92,424,836 
207	953,556,794,943,1135,643,1111,1148,790,315 
208	191,20,34,292,71,116,238,333,152,1238 
209	20,292,79,18,224,12,61,238,93,424 
210	768,219,8,781,289,904,1445,778,411,256 
211	116,202,93,110,19,257,5,238,61,874 
212	694,962,1280,268,83,1023,1077,575,1041,92 
213	214,202,79,110,470,59,19,92,3,250 
214	202,110,157,19,357,5,387,324,238,40 
215	96,214,110,116,135,324,357,238,626,387 
216	363,214,93,202,522,157,5,251,238,27 
217	79,18,116,370,9,148,238,1035,257,628 
218	5,874,177,9,191,139,257,844,433,88 
219	161,556,42,1082,735,943,1111,1234,22,260 
220	292,12,246,59,157,406,676,148,146,313 
221	20,16,5,135,202,214,483,469,541,96 
222	116,202,79,59,224,139,18,522,61,16 
223	363,116,20,218,406,18,251,569,5,27 
224	211,1082,556,794,1135,459,643,944,1097,1049 
225	62,93,194,880,20,264,235,317,38,415 
226	16,569,111,5,181,20,116,135,253,344 
227	214,20,61,370,93,246,328,178,139,667 
228	135,202,18,522,218,251,19,683,16,1247 
229	20,116,214,483,496,139,39,357,271,912 
230	116,135,202,224,110,61,246,5,92,424 
231	202,191,110,874,397,88,387,324,292,328 
232	1419,98,305,1445,1302,851,1452,1374,1427,1353 
233	116,20,111,880,218,468,353,588,810,277 
234	116,135,88,357,12,94,541,92,324,387 
235	116,9,12,157,496,363,238,294,387,71 
236	745,139,96,296,18,92,357,90,904,294 
237	292,20,116,202,18,328,178,424,157,40 
238	116,135,363,79,93,292,92,357,40,294 
239	206,626,257,294,110,1240,713,363,324,1175 
240	16,62,20,111,446,271,160,264,467,53 
241	214,79,93,139,257,328,246,92,3,251 
242	88,9,745,127,90,257,92,51,472,256 
243	94,3,92,713,246,59,267,110,12,139 
244	116,93,79,62,496,191,157,16,12,18 
245	150,459,556,794,845,943,938,1135,706,1084 
246	116,214,110,470,357,5,387,469,12,4 
247	116,93,202,541,271,496,469,39,96,357 
248	20,62,16,177,307,160,874,235,191,363 
249	194,569,177,161,218,880,212,264,767,445 
250	116,135,79,292,224,387,397,71,363,127 
251	116,5,214,191,110,469,496,198,912,387 
252	135,292,257,139,93,92,522,40,324,599 
253	214,202,18,257,94,496,294,238,357,218 
254	116,5,202,79,110,522,94,59,880,18 
255	135,111,363,160,214,121,264,253,522,25 
256	116,62,5,135,19,212,569,880,191,307 
257	253,212,468,363,83,38,214,178,328,451 
258	191,202,88,357,224,670,397,250,849,599 
259	135,20,25,160,264,194,157,522,628,106 
260	781,483,280,88,90,778,607,100,83,1183 
261	5,116,160,218,880,181,446,235,214,202 
262	96,191,214,162,357,107,135,324,238,92 
263	20,94,79,191,3,406,224,592,836,146 
264	135,406,110,139,424,251,3,191,92,96 
265	292,135,9,328,238,683,178,110,424,5 
266	211,253,943,794,445,951,450,706,1042,705 
267	116,5,16,218,79,157,59,397,292,439 
268	801,161,556,62,953,943,450,705,589,711 
269	953,950,1111,705,1082,943,106,445,795,1177 
270	257,404,994,135,550,273,768,79,1261,162 
271	62,214,202,160,121,406,212,25,253,157 
272	5,16,280,110,90,271,483,218,169,397 
273	135,191,110,292,257,357,59,127,874,88 
274	161,950,459,735,794,943,589,1197,706,948 
275	20,406,522,59,79,157,178,25,121,224 
276	363,110,191,406,246,683,272,146,148,626 
277	116,363,79,93,157,61,470,40,387,127 
278	541,202,470,849,9,289,782,73,482,496 
279	214,9,96,139,292,496,71,676,238,626 
280	111,253,135,42,28,157,801,20,181,794 
281	214,202,218,16,62,139,61,238,92,12 
282	253,459,326,735,42,1111,1135,948,1197,1148 
283	214,93,541,483,19,470,514,469,90,11 
284	116,191,202,110,514,139,19,16,100,640 
285	801,556,326,1111,319,953,705,943,1079,679 
286	116,214,5,90,874,397,198,257,292,640 
287	253,950,326,1082,1111,943,106,692,938,906 
288	575,934,305,713,1185,80,157,429,94,1353 
289	135,62,177,19,880,191,569,496,235,588 
290	459,1011,784,135,1427,925,575,363,682,43 
291	116,5,62,16,9,139,271,514,844,61 
292	9,96,202,224,12,18,238,71,387,286 
293	20,363,79,59,157,93,110,139,522,96 
294	135,62,363,271,160,121,468,83,235,406 
295	116,214,93,292,522,19,18,238,177,191 
296	62,16,150,450,1148,692,953,943,1049,160 
297	110,96,94,397,496,469,280,198,157,82 
298	116,202,79,110,12,257,328,127,406,96 
299	20,83,5,92,93,110,836,148,713,1045 
301	16,326,425,42,1111,181,135,459,205,692 
302	116,135,16,202,19,110,139,218,59,357 
303	111,83,16,5,20,106,264,307,157,705 
304	5,202,88,874,16,469,96,912,139,318 
305	116,93,363,16,328,9,224,406,92,397 
306	16,93,116,62,5,111,810,451,178,53 
307	93,212,446,253,468,239,235,451,277,13 
308	116,16,62,177,328,292,271,212,406,446 
309	62,483,16,469,96,19,39,912,640,844 
310	116,214,135,202,19,18,328,257,62,387 
311	253,794,1111,1135,459,1300,450,1234,1197,1049 
312	211,950,556,326,450,445,1148,730,948,1197 
313	116,214,202,62,19,483,514,257,470,670 
314	93,214,94,177,271,191,569,110,328,79 
315	135,59,251,178,62,628,19,238,569,257 
316	116,214,79,59,9,157,191,397,96,12 
317	20,83,90,9,92,62,357,483,599,745 
318	116,363,569,328,446,251,271,212,157,880 
319	20,16,218,307,191,110,541,328,397,212 
320	20,88,94,90,508,357,397,292,296,304 
321	214,5,202,483,19,139,271,357,504,157 
322	5,202,191,92,19,79,328,139,106,27 
323	292,214,79,18,1247,683,246,424,110,836 
324	116,93,202,5,110,16,218,191,397,406 
325	801,211,42,556,62,319,705,5,1148,692 
326	9,79,224,127,238,135,357,387,34,61 
327	202,157,363,470,294,96,19,324,250,357 
328	116,88,541,90,202,198,261,998,62,607 
329	116,214,93,139,470,90,19,469,127,4 
330	116,202,79,18,5,522,406,62,92,397 
331	93,135,62,880,363,83,212,214,25,317 
332	1445,305,1302,962,713,1185,1280,429,80,939 
333	20,93,16,202,19,496,139,83,9,387 
334	214,135,541,127,79,357,514,469,912,849 
335	5,214,874,110,469,496,96,39,280,4 
336	93,406,522,16,61,246,238,62,19,1035 
337	62,202,93,110,874,90,781,139,39,539 
338	214,202,79,12,470,496,363,71,93,357 
339	116,202,79,224,496,19,18,5,59,324 
340	20,5,62,218,79,496,328,397,224,357 
341	116,5,541,214,62,39,781,397,849,11 
342	191,214,202,88,874,469,496,100,16,413 
343	486,1419,1185,146,355,179,649,939,851,618 
344	135,202,79,224,19,257,94,96,294,387 
345	1023,934,309,1445,713,1302,429,1206,1374,939 
346	79,363,139,257,61,12,387,522,62,324 
347	135,191,110,18,157,257,127,496,324,59 
348	20,116,93,214,202,16,79,328,292,127 
349	93,20,116,62,569,121,467,451,628,13 
350	1369,940,191,135,745,607,411,1075,665,1016 
351	953,150,106,459,450,938,556,944,804,989 
352	116,93,202,110,139,79,397,257,470,328 
353	20,96,257,541,34,224,250,324,289,162 
354	135,5,202,496,110,218,79,212,483,357 
355	116,93,88,90,874,39,96,198,280,82 
356	5,177,211,116,42,307,264,235,205,1049 
357	459,950,555,22,161,66,265,643,375,944 
358	202,79,191,139,19,522,328,294,397,127 
359	157,292,224,470,59,406,127,522,93,618 
360	214,191,9,496,292,71,18,357,93,363 
361	116,202,483,90,139,9,280,157,96,39 
362	20,116,88,79,541,357,324,294,250,496 
363	211,953,692,253,445,556,951,794,367,1049 
364	93,16,328,569,61,246,370,238,446,26 
366	135,88,781,483,202,261,256,318,998,11 
367	179,1452,459,934,429,1427,80,1021,1353,94 
368	116,62,16,307,110,280,160,88,92,157 
369	292,20,257,406,424,3,96,1247,250,251 
370	135,20,214,94,83,62,79,92,148,439 
371	202,79,157,96,257,61,328,238,357,92 
372	214,79,9,110,96,127,246,3,250,94 
373	16,116,5,135,181,218,880,160,235,997 
374	116,5,16,496,328,139,88,514,257,483 
375	211,1082,556,326,943,692,643,1135,66,1042 
376	98,934,925,1280,1317,459,1206,649,939,1353 
377	116,202,93,19,96,397,874,92,324,294 
378	111,801,161,556,1111,319,705,794,944,158 
379	20,8,781,289,470,940,849,96,9,318 
380	116,214,470,90,912,357,469,670,360,640 
381	191,93,5,496,62,257,127,469,670,504 
382	116,202,93,19,88,397,470,541,94,71 
383	42,5,218,62,211,326,446,80,425,609 
384	20,116,135,93,5,214,157,496,363,224 
385	801,161,459,950,794,943,735,450,158,711 
386	96,541,19,470,357,670,514,224,92,39 
387	116,483,202,280,508,640,539,695,582,19 
388	18,12,162,110,324,206,683,202,152,59 
389	18,294,59,157,676,71,19,324,496,246 
390	135,62,874,110,96,496,139,357,387,504 
391	111,181,116,446,177,25,880,214,328,235 
392	202,19,139,257,96,238,92,127,62,874 
393	575,796,98,721,1229,851,1374,1206,1427,1353 
394	20,59,18,1247,251,238,110,96,26,186 
395	20,202,157,139,59,12,522,470,357,246 
396	781,280,940,261,88,460,907,778,68,1183 
397	224,79,127,96,139,272,116,550,324,267 
398	116,93,5,214,16,496,514,139,39,328 
399	135,214,202,88,9,496,139,357,257,100 
400	80,962,796,1023,1280,1427,1445,135,268,1302 
401	363,202,59,157,496,257,397,191,406,71 
402	116,214,5,96,139,88,397,469,271,90 
403	214,191,202,541,496,469,198,357,257,11 
404	93,16,271,191,110,880,92,397,292,257 
405	93,19,257,397,12,127,238,874,18,599 
406	88,280,508,83,1118,51,73,460,1016,304 
407	801,106,326,1111,950,705,943,587,589,205 
408	202,135,96,191,328,18,357,874,522,294 
409	214,292,12,257,294,238,3,496,250,357 
410	214,79,191,12,470,496,19,59,127,357 
411	211,735,1082,794,459,450,1234,816,158,283 
412	211,1082,556,459,794,643,445,240,1049,1042 
413	214,135,79,157,257,470,127,324,397,94 
414	16,135,5,160,214,446,264,253,522,251 
415	191,9,71,294,224,670,250,107,88,656 
416	191,202,12,292,88,397,92,8,387,34 
417	59,214,79,522,177,9,26,121,224,496 
418	202,292,96,363,257,61,127,387,470,522 
419	116,202,191,12,387,363,157,470,93,593 
420	93,5,111,135,212,271,160,235,997,439 
421	9,110,139,96,246,406,3,93,250,1247 
422	116,214,5,157,874,94,83,483,92,357 
423	116,62,214,191,541,280,19,271,261,9 
424	106,692,459,450,315,556,253,1300,804,5 
425	116,363,5,139,224,16,18,96,191,387 
426	20,116,257,12,292,849,92,324,289,40 
427	16,93,116,177,353,239,317,277,25,522 
428	116,88,280,874,16,514,198,39,11,271 
429	202,292,363,224,257,397,96,94,127,324 
430	20,292,93,251,257,246,683,178,424,92 
431	116,88,202,514,469,781,100,51,139,261 
432	93,160,181,446,253,235,317,328,363,467 
433	116,135,214,202,16,874,191,19,110,157 
434	116,135,214,271,483,88,96,328,844,859 
435	79,59,61,251,683,328,424,370,26,191 
436	116,202,79,157,96,5,257,387,328,238 
437	214,116,202,18,12,59,257,246,470,148 
438	16,116,135,569,880,160,83,363,214,202 
439	116,202,406,106,92,3,148,257,713,424 
440	292,116,202,251,224,328,246,157,370,40 
441	20,16,135,19,160,218,121,59,880,809 
442	111,16,253,62,212,446,277,353,588,53 
443	88,508,90,745,261,854,460,1075,318,802 
444	20,93,202,79,5,522,238,12,599,177 
445	801,16,42,450,5,735,326,845,414,315 
446	214,202,157,363,470,294,496,93,357,3 
447	801,161,735,950,943,16,692,62,589,944 
448	20,116,59,202,93,406,26,683,496,191 
449	5,160,271,218,194,121,880,181,446,415 
450	20,83,3,268,146,713,9,273,470,800 
451	116,191,5,483,110,469,496,90,16,127 
452	214,292,157,139,96,324,19,357,599,496 
453	20,135,280,514,202,90,874,191,908,582 
454	116,202,191,12,470,363,496,397,357,40 
455	20,202,18,5,62,238,92,569,628,496 
456	62,271,880,160,874,307,121,110,446,439 
457	211,1082,556,326,943,1135,951,106,22,205 
458	470,294,135,676,296,162,273,324,157,854 
459	62,483,202,541,469,90,397,19,640,908 
460	268,219,8,110,618,250,91,361,92,1175 
461	116,135,62,569,111,363,271,121,406,467 
462	177,271,446,181,880,239,59,38,467,810 
463	20,116,257,3,146,246,273,238,148,836 
464	801,950,1111,1082,794,735,319,589,845,706 
465	116,62,191,514,90,781,496,912,413,695 
466	93,88,541,110,202,100,504,688,261,766 
467	116,5,191,16,19,496,139,39,100,640 
468	116,214,202,874,139,514,19,357,198,11 
469	363,713,592,224,92,5,12,1045,139,846 
470	116,363,135,9,61,62,406,96,433,370 
471	62,569,194,446,20,212,271,264,997,459 
472	62,83,214,271,160,25,235,406,178,317 
473	116,62,16,135,214,19,328,212,59,191 
474	569,5,160,801,42,150,459,264,161,588 
475	135,62,110,96,79,9,328,357,844,224 
476	191,135,508,781,93,198,470,39,73,9 
477	16,93,111,181,135,446,160,239,810,997 
478	20,202,9,127,94,849,90,73,257,382 
479	116,191,88,781,280,62,874,539,688,849 
480	79,9,110,127,18,470,324,61,599,40 
481	363,214,292,157,218,683,238,1247,628,836 
482	202,191,93,363,19,257,496,357,397,96 
483	940,83,261,90,855,5,871,198,834,169 
484	363,20,135,292,202,522,328,224,19,424 
485	5,62,880,328,160,181,111,235,439,92 
486	8,96,470,854,508,541,656,94,357,543 
487	211,253,556,943,326,951,643,711,367,315 
488	110,5,12,139,218,246,59,238,470,357 
489	18,202,522,246,1247,148,328,218,3,178 
490	575,1445,934,179,721,1317,1077,1427,94,932 
491	116,93,541,469,139,62,19,127,508,539 
492	93,79,292,496,363,110,96,61,16,357 
493	214,202,79,139,96,157,59,387,357,470 
494	135,62,93,541,19,90,483,261,514,157 
495	157,202,191,246,313,96,273,59,618,522 
496	111,218,880,94,181,177,92,160,307,80 
497	20,93,5,110,16,9,139,522,18,3 
498	135,214,5,96,139,79,397,271,469,39 
499	214,116,127,257,18,238,162,387,157,34 
500	94,224,257,139,5,146,273,19,83,406 
501	20,88,139,96,292,127,397,324,289,849 
502	116,202,93,541,79,107,12,387,92,514 
503	116,202,79,292,363,224,257,328,16,357 
504	157,202,110,406,191,238,19,470,5,328 
505	96,202,12,670,357,508,135,616,324,51 
506	20,781,135,940,778,51,280,1040,11,1340 
507	1023,962,1302,925,1077,1280,94,80,1427,1353 
508	9,214,246,139,191,294,398,522,676,127 
509	116,202,292,224,59,257,12,328,127,92 
510	83,253,135,16,62,556,794,28,845,1148 
511	211,150,950,943,794,450,643,240,1049,367 
512	116,93,496,224,363,12,387,470,71,61 
513	116,62,93,483,88,280,874,907,261,908 
514	191,9,257,71,250,238,34,157,626,599 
515	116,135,214,874,496,96,271,100,90,257 
516	12,110,146,139,272,273,324,550,206,59 
517	253,950,42,1082,106,735,943,1111,1197,260 
518	96,88,289,849,51,162,135,616,90,482 
519	20,62,202,19,514,160,59,588,9,235 
520	801,950,1082,794,943,735,319,1234,1049,711 
521	116,135,5,271,9,96,177,844,469,90 
522	116,93,5,202,496,483,139,541,39,912 
523	116,202,9,18,257,93,470,397,92,324 
524	194,218,150,5,157,446,556,264,1403,609 
525	116,135,79,224,12,328,496,246,5,424 
526	116,96,110,387,357,257,470,157,324,874 
527	363,292,224,93,139,110,238,251,1247,357 
528	116,214,62,9,496,96,397,328,257,127 
529	93,5,496,139,363,874,96,92,522,599 
530	83,950,326,794,735,943,1135,951,260,820 
531	116,214,202,496,88,96,397,387,470,844 
532	116,62,874,135,16,177,79,88,110,541 
533	8,107,289,849,152,110,371,257,324,18 
534	429,486,1374,179,305,839,649,851,618,1023 
535	214,94,496,257,93,224,670,324,294,18 
536	62,93,202,88,177,307,139,160,940,859 
537	93,62,874,110,9,271,96,357,218,92 
538	745,980,781,88,143,191,256,855,634,371 
539	116,5,16,177,328,110,9,257,292,121 
540	20,116,93,135,5,16,496,59,9,307 
541	214,202,292,157,139,294,92,19,357,93 
542	116,191,88,483,62,198,397,781,360,998 
543	116,214,202,292,328,522,110,406,92,271 
544	62,93,214,88,541,19,177,96,328,688 
545	202,541,874,139,469,9,19,198,387,79 
546	191,483,541,135,1369,280,382,766,493,871 
547	202,12,470,19,18,294,238,387,94,40 
548	79,251,1247,18,26,224,628,238,647,157 
549	202,110,88,79,397,541,94,357,127,324 
550	5,292,79,92,9,224,397,257,59,433 
551	116,202,496,470,93,397,238,294,40,61 
552	363,79,9,18,157,1247,496,246,218,387 
553	135,626,127,313,88,1240,296,34,324,543 
554	214,16,328,522,177,569,110,271,874,880 
555	116,202,93,79,397,874,257,62,12,71 
556	20,5,16,202,496,483,96,59,859,875 
557	116,202,79,110,139,224,257,874,238,357 
558	12,294,363,206,333,8,152,246,404,238 
559	801,161,1111,42,943,319,705,249,1049,1148 
560	363,116,214,135,292,522,328,16,5,94 
561	135,292,257,522,246,96,496,92,294,94 
562	93,135,874,569,218,496,19,2,110,483 
563	214,116,224,12,110,251,424,96,328,26 
564	135,191,94,19,874,139,357,483,11,337 
565	20,116,5,214,191,496,397,483,292,522 
566	214,116,12,139,96,324,61,92,496,3 
567	116,5,483,16,214,528,96,198,139,413 
568	116,88,5,90,781,508,528,413,695,855 
569	79,257,683,139,424,522,713,92,1247,218 
570	214,116,94,139,250,324,626,238,3,496 
571	363,16,62,292,406,251,9,181,628,121 
572	202,219,261,62,90,106,745,19,507,470 
573	116,541,90,39,198,280,496,357,19,670 
574	135,363,202,328,224,16,61,178,191,27 
575	20,363,79,18,224,328,61,496,218,40 
576	116,214,93,874,139,96,19,198,387,92 
577	135,191,110,139,88,514,357,257,177,292 
578	93,5,214,110,496,271,39,9,387,640 
579	79,18,61,157,251,246,328,148,96,470 
580	116,96,79,496,135,93,357,874,470,676 
581	20,79,59,157,18,257,251,1247,683,874 
582	191,483,508,135,782,280,261,318,802,411 
583	20,116,9,508,849,670,257,34,12,543 
584	20,5,88,19,16,292,9,90,470,111 
585	93,202,5,874,469,496,139,357,849,318 
586	20,116,5,214,496,271,139,39,100,688 
587	116,253,160,271,353,235,83,277,810,363 
588	16,135,181,425,459,1111,880,794,1148,735 
589	470,127,79,550,226,34,94,246,64,139 
590	62,191,16,96,9,496,397,528,198,177 
591	20,177,5,446,468,253,121,38,467,1078 
592	5,202,191,16,19,469,912,79,640,688 
593	1445,305,1302,851,1185,1374,429,339,157,932 
594	20,61,398,1035,178,135,148,238,1411,32 
595	5,110,218,93,219,88,541,768,19,90 
596	5,16,874,191,218,157,328,292,92,160 
597	116,16,62,218,202,406,181,157,271,212 
598	135,59,292,328,62,18,224,61,246,1247 
599	202,93,18,224,19,139,191,257,12,238 
600	253,425,950,326,42,1111,943,106,319,587 
601	16,5,62,157,446,880,292,160,121,19 
602	459,326,42,943,1111,643,450,948,249,1049 
603	20,5,214,271,19,496,139,90,39,4 
604	214,93,406,328,61,628,238,246,157,1035 
605	214,5,191,19,496,541,271,387,224,912 
606	12,683,157,246,94,406,550,59,600,768 
607	214,202,406,569,181,292,25,59,224,19 
608	93,177,202,880,446,271,522,25,212,178 
609	202,96,127,397,670,79,224,387,107,157 
610	292,79,12,139,93,61,496,92,406,397 
611	214,5,191,110,139,363,357,522,12,470 
612	94,939,713,800,20,116,43,3,682,659 
613	214,202,59,470,96,127,94,92,246,599 
614	569,62,83,93,116,235,307,202,178,628 
615	96,20,9,250,18,496,116,292,656,616 
616	218,446,111,121,363,353,588,253,38,810 
617	5,62,214,483,16,469,19,90,528,79 
618	253,950,326,1111,943,735,445,260,240,948 
619	191,9,470,224,294,676,34,626,238,88 
620	116,363,406,92,3,224,59,19,713,618 
621	116,79,363,110,139,191,12,5,397,62 
622	280,135,807,778,1118,541,191,493,766,68 
623	1045,28,3,939,92,18,111,361,721,12 
624	116,214,62,110,157,257,328,363,127,4 
625	116,214,363,157,79,5,328,139,496,148 
626	94,1045,768,139,470,106,268,79,18,522 
627	135,623,355,1280,363,3,148,839,218,1011 
628	83,5,135,111,93,121,280,880,483,460 
629	116,93,5,9,496,157,16,59,387,218 
630	214,116,135,522,328,224,246,12,157,647 
631	20,5,214,59,177,271,397,191,844,387 
632	801,326,106,953,319,705,943,587,706,711 
633	135,9,191,257,238,127,397,522,328,92 
634	93,214,79,522,628,246,224,181,9,19 
635	214,88,110,483,357,469,198,289,324,92 
636	214,79,116,110,157,96,127,522,683,250 
637	20,5,874,514,88,19,271,397,39,113 
638	116,62,16,202,177,110,139,328,59,2 
639	161,556,1082,950,326,943,692,589,1403,1234 
640	116,202,9,224,292,12,157,88,71,94 
641	214,202,9,12,139,96,59,238,496,19 
642	16,93,569,62,5,264,353,317,810,765 
643	116,16,62,218,328,522,880,111,160,264 
644	214,79,12,157,96,324,94,40,93,61 
645	42,326,106,794,1111,943,735,1079,260,906 
646	191,202,357,224,294,324,676,34,292,541 
647	116,214,93,9,19,541,470,92,483,82 
648	191,12,257,139,110,324,152,238,616,135 
649	363,202,79,93,59,713,139,12,328,683 
650	111,157,93,522,92,110,79,28,307,224 
651	5,62,271,202,160,181,317,235,157,251 
652	214,363,292,59,139,19,61,92,94,294 
653	116,5,16,19,328,880,212,235,139,844 
654	218,522,59,178,251,202,253,880,121,38 
655	62,135,271,446,880,328,363,178,874,264 
656	214,79,406,522,328,26,246,628,12,647 
657	96,93,397,79,257,19,224,360,504,198 
658	16,569,181,93,253,177,218,83,239,53 
659	5,16,271,328,79,363,569,59,160,307 
660	854,8,371,96,94,382,9,110,256,493 
661	161,950,556,692,42,943,845,1097,315,705 
662	781,1369,940,508,483,191,1075,20,1370,83 
663	925,800,179,1045,459,429,1427,80,1353,94 
664	801,950,1111,42,794,735,319,951,1403,1197 
665	214,202,522,18,251,628,246,177,61,238 
666	20,116,214,5,202,496,397,514,357,387 
667	93,62,214,16,19,514,139,39,4,127 
668	116,214,470,127,357,397,8,670,292,224 
669	5,214,191,483,541,514,271,39,357,4 
670	157,93,292,406,18,328,224,569,3,251 
671	569,181,177,212,253,214,810,53,251,59 
672	116,202,191,96,874,397,257,88,12,92 
673	253,5,459,735,1082,42,953,692,1300,706 
674	16,801,135,425,326,1111,1148,943,643,951 
675	20,191,93,224,139,19,12,218,496,3 
676	191,9,34,162,139,202,1240,206,357,64 
677	16,116,5,177,569,271,218,468,121,467 
678	116,88,874,514,469,19,912,96,82,9 
679	111,181,135,93,446,116,25,194,317,628 
680	116,5,62,363,177,496,9,224,397,569 
681	20,363,214,93,157,406,522,62,94,424 
682	116,88,483,90,280,514,198,39,9,139 
683	363,116,294,139,246,238,406,92,324,148 
684	135,202,18,12,257,19,127,294,5,357 
685	363,79,59,93,328,251,406,496,110,62 
686	20,5,16,214,88,541,19,496,307,469 
687	16,116,181,253,880,264,121,317,38,1078 
688	214,79,12,257,294,496,127,246,328,397 
689	5,16,177,79,328,218,844,514,292,469 
690	191,626,127,79,96,8,272,676,116,34 
691	28,181,80,25,214,16,36,880,1252,92 
692	211,253,1082,556,459,794,692,1111,42,1079 
693	801,953,950,106,1082,943,319,906,1403,1049 
694	93,202,19,522,18,224,178,569,874,257 
695	116,202,397,19,670,71,387,483,94,147 
696	8,96,214,626,745,357,296,224,324,71 
697	116,406,522,683,16,157,26,1035,9,181 
698	363,59,292,251,178,224,19,62,139,433 
700	161,1082,556,943,845,326,1023,804,1300,253 
701	181,569,5,406,202,522,83,880,628,292 
702	459,94,16,214,344,194,713,264,62,292 
703	20,116,135,16,569,181,79,25,439,110 
704	20,5,214,79,874,363,59,496,92,251 
705	854,781,745,135,51,493,807,802,871,1340 
706	20,93,363,202,59,328,218,406,139,2 
707	20,854,508,470,781,51,849,855,371,357 
708	9,202,110,874,541,496,292,470,224,59 
709	135,212,111,181,317,588,157,522,468,307 
710	16,569,93,181,253,218,271,264,25,13 
711	161,1082,556,943,1111,643,1135,711,283,260 
712	116,88,214,508,96,940,849,640,539,127 
713	801,211,556,42,1111,950,943,1082,260,944 
714	116,110,191,257,224,470,59,92,496,357 
715	292,9,18,12,238,406,246,496,27,71 
716	569,5,111,20,253,160,212,83,271,264 
717	191,541,470,257,219,19,280,79,40,127 
718	20,181,135,62,177,253,212,468,317,328 
719	20,93,160,212,202,121,181,19,317,79 
720	20,116,214,93,9,96,397,470,92,324 
721	191,79,224,357,324,292,34,676,541,93 
722	16,111,93,20,446,212,468,25,451,467 
723	20,116,5,62,135,177,181,235,202,277 
724	116,202,110,470,96,12,93,92,294,599 
725	214,202,19,177,59,496,9,18,406,880 
726	20,116,135,16,177,569,79,160,191,257 
727	20,16,135,218,160,19,880,191,139,433 
728	9,292,224,257,157,238,40,246,92,286 
729	1082,106,794,845,951,1079,1135,1300,367,804 
730	16,62,20,212,271,880,468,235,239,13 
731	116,93,483,5,874,90,397,528,16,4 
732	20,135,79,522,218,110,257,246,178,62 
733	16,93,116,160,468,264,38,277,25,522 
734	253,950,326,42,735,1111,319,951,948,711 
735	116,214,5,9,79,16,397,514,470,271 
736	191,9,12,135,257,676,162,34,626,8 
737	116,363,202,79,224,19,257,5,92,148 
738	116,135,202,93,940,96,470,261,998,874 
739	20,135,569,177,157,25,522,292,344,777 
740	20,93,214,202,271,569,874,328,433,212 
741	116,214,62,9,496,96,88,387,257,127 
742	96,9,224,257,116,71,626,670,397,387 
743	214,202,9,12,257,127,59,357,324,397 
744	253,5,177,93,20,801,326,317,609,211 
745	214,79,135,110,470,294,61,19,324,94 
746	214,292,9,12,238,110,424,251,387,683 
747	116,202,110,257,19,224,88,92,357,94 
748	62,16,874,514,483,214,212,397,139,688 
749	111,83,253,556,425,1111,319,705,240,1082 
750	191,96,127,397,224,19,670,387,238,147 
751	157,93,110,18,9,62,3,59,599,836 
752	191,782,778,73,382,296,819,1398,371,1340 
753	93,20,16,62,5,569,328,59,628,809 
754	801,211,42,556,1111,950,106,1082,1197,845 
755	62,181,212,328,317,59,522,19,83,353 
756	20,135,5,569,363,160,202,178,353,79 
757	116,191,93,19,874,257,470,12,157,40 
758	116,363,202,257,238,496,157,397,1247,357 
759	20,116,5,202,88,79,397,218,92,177 
760	623,135,1011,934,1280,796,1077,268,146,851 
761	116,135,202,18,19,257,94,96,3,324 
762	5,19,292,328,110,218,387,522,177,844 
763	116,62,214,19,88,541,496,483,880,337 
765	93,16,569,157,328,181,307,363,79,433 
766	191,1398,470,782,802,96,34,665,510,256 
767	79,59,251,328,1247,12,257,424,19,628 
768	116,202,79,224,96,363,357,470,92,294 
769	781,1369,807,940,782,1075,88,261,350,541 
770	20,5,212,160,483,569,397,469,859,39 
771	116,93,5,292,363,59,874,18,218,387 
772	116,202,93,16,9,139,96,470,218,59 
773	116,214,191,62,19,541,397,257,469,912 
774	556,953,1082,943,1111,735,587,711,795,295 
775	116,781,940,508,198,855,640,139,100,849 
776	5,307,93,16,219,261,781,19,11,539 
777	116,135,363,79,224,18,12,191,522,96 
778	116,62,214,16,88,110,541,177,469,328 
779	116,214,5,79,139,96,292,328,357,844 
780	20,116,202,93,62,191,496,218,12,470 
781	214,79,135,406,110,238,246,1247,496,127 
782	801,42,5,425,326,556,1111,218,643,260 
783	93,214,202,191,19,9,96,514,257,357 
784	801,161,459,950,42,943,319,705,260,295 
785	93,5,569,160,121,468,253,328,214,178 
786	854,20,289,73,382,296,110,1369,94,543 
787	116,20,135,177,468,38,25,239,406,1078 
788	20,93,224,9,110,12,238,94,3,96 
789	116,5,214,874,90,469,96,198,912,257 
790	93,88,62,496,19,397,16,79,4,198 
791	5,214,261,292,111,218,92,460,483,257 
792	224,292,20,676,202,162,272,146,238,424 
793	16,20,116,62,5,177,181,446,235,239 
794	16,150,161,218,42,326,880,459,121,679 
795	93,59,139,5,522,397,61,62,470,294 
796	116,5,62,218,874,496,271,569,191,92 
797	1111,950,319,943,705,794,589,795,1403,1079 
798	59,18,224,93,12,257,139,178,19,334 
799	116,62,88,483,781,940,261,397,411,256 
800	202,191,139,496,257,874,363,357,127,218 
801	363,214,116,292,522,9,238,257,148,61 
802	5,253,446,194,160,106,25,264,522,767 
803	9,61,1247,139,257,26,387,246,186,398 
804	116,363,93,224,139,522,61,406,218,191 
805	962,98,721,925,1445,157,1206,1353,80,146 
806	116,214,139,157,257,19,357,324,496,40 
807	135,79,157,110,139,251,246,1247,424,218 
808	211,692,794,643,845,459,951,22,319,705 
809	1045,713,273,267,206,257,294,550,1240,8 
810	211,953,943,643,326,1097,706,240,66,315 
811	486,962,1045,80,459,309,1041,305,268,649 
812	5,202,483,514,496,139,271,79,4,640 
813	404,1240,214,296,994,135,34,20,904,157 
814	106,157,16,569,801,161,310,319,205,214 
815	93,202,157,19,496,110,397,357,92,147 
816	5,62,93,261,157,94,874,218,940,855 
817	116,5,16,139,157,397,218,357,470,18 
818	20,5,483,88,191,90,514,39,198,413 
819	5,116,569,307,880,212,121,235,194,264 
820	116,214,202,496,9,19,397,90,257,198 
821	116,214,93,191,139,874,292,397,328,470 
822	135,191,110,292,257,12,18,19,324,71 
823	202,191,496,292,257,874,127,12,92,71 
824	9,127,470,238,387,324,292,162,157,599 
825	202,328,139,238,218,246,5,683,424,94 
826	20,116,110,3,12,599,294,496,397,267 
827	116,191,214,483,96,62,90,198,100,4 
828	116,292,224,110,238,94,92,148,424,836 
829	116,214,202,514,96,19,139,79,100,127 
831	5,874,496,483,541,39,177,257,912,198 
832	735,1082,1135,943,643,948,240,260,711,1197 
833	253,83,569,194,446,42,880,459,93,20 
834	116,363,214,328,522,292,628,111,25,160 
835	12,18,224,34,496,626,92,157,768,849 
836	20,135,214,202,496,5,397,874,127,61 
837	116,202,93,88,874,541,387,224,670,90 
838	962,305,309,796,1317,1185,1374,80,339,1353 
839	106,202,253,94,569,62,181,25,42,121 
840	735,1082,459,1135,1111,643,1079,106,1097,1049 
841	191,88,8,778,382,980,665,296,1340,871 
842	16,157,446,202,62,522,328,264,160,628 
843	157,93,522,406,92,224,328,83,139,9 
844	181,135,116,25,212,264,194,271,363,42 
845	214,116,135,191,224,470,294,357,238,40 
846	191,135,90,214,198,470,256,411,261,39 
847	459,556,326,794,1111,943,319,711,1148,845 
848	79,9,157,238,406,246,294,683,328,92 
849	214,79,59,139,470,93,496,522,324,3 
850	79,96,59,238,397,157,328,357,40,424 
851	214,79,18,139,59,324,496,246,71,92 
852	116,522,224,246,148,139,424,61,628,110 
853	735,42,1111,943,1135,730,1197,240,295,906 
854	1082,556,1135,943,794,643,951,1079,66,1234 
855	111,80,939,42,16,181,880,446,148,310 
856	211,735,1082,459,1135,1111,1079,1097,1197,1049 
857	5,16,496,157,328,79,844,92,160,121 
858	116,214,93,157,292,218,59,496,569,83 
859	116,214,202,93,9,470,912,79,4,304 
860	9,292,139,294,324,357,238,599,273,34 
861	363,214,135,292,202,59,9,224,12,1247 
862	116,110,292,12,127,88,324,294,94,59 
863	8,96,127,94,289,51,357,371,12,18 
864	116,157,93,94,257,328,148,683,191,470 
865	93,202,79,96,397,271,127,387,292,4 
866	135,59,406,328,522,5,121,19,61,1247 
867	214,292,191,59,238,294,61,94,522,246 
868	20,135,59,18,157,62,238,139,496,110 
869	135,79,363,224,139,12,5,397,387,424 
870	116,93,79,157,496,139,191,96,61,218 
871	116,79,363,93,191,12,257,470,397,294 
872	116,88,483,5,90,198,397,640,470,855 
873	116,214,202,292,110,328,9,177,257,178 
874	541,508,912,854,940,8,127,855,496,318 
875	16,106,211,42,326,425,160,556,307,735 
876	218,363,62,202,253,446,251,106,628,92 
877	9,20,676,139,324,626,246,157,238,683 
878	62,135,880,446,588,328,496,83,997,439 
879	116,96,202,496,88,874,541,760,224,470 
880	801,326,106,319,953,705,950,735,730,706 
881	214,116,79,522,328,9,12,647,32,334 
883	202,93,12,496,397,470,127,61,71,92 
884	20,5,271,177,496,483,19,121,139,218 
885	62,83,363,214,160,253,328,235,178,317 
886	116,88,483,93,214,198,508,849,874,413 
887	20,116,135,214,83,496,139,177,224,147 
888	135,191,110,292,83,19,397,127,324,40 
889	214,93,16,18,406,224,191,59,9,251 
890	211,459,950,42,705,1082,730,845,795,1177 
891	161,1082,1135,589,1079,692,249,1234,1196,260 
892	116,214,62,218,59,292,191,397,18,121 
893	305,355,179,851,1374,1229,429,339,157,42 
894	116,93,496,59,191,96,16,387,357,324 
895	116,202,157,139,19,496,257,238,5,294 
896	16,93,116,62,5,177,446,880,353,235 
897	116,5,62,191,139,157,292,224,363,127 
898	116,93,202,874,9,90,469,16,470,640 
899	600,224,110,8,206,1045,618,1240,79,275 
900	1023,253,28,794,950,735,326,1403,205,22 
901	16,202,19,483,177,541,469,328,844,280 
902	62,16,202,110,271,19,469,9,39,328 
903	569,116,20,5,111,271,253,264,588,522 
904	83,326,106,794,1082,319,943,589,951,948 
905	88,8,508,214,90,768,296,980,139,34 
906	116,135,12,19,93,363,59,71,127,61 
907	96,257,616,656,849,250,71,224,79,292 
908	5,111,135,62,20,253,235,307,194,239 
909	116,139,294,238,676,357,250,59,61,147 
910	116,214,79,9,110,496,139,61,397,96 
911	191,88,483,470,781,5,912,11,73,94 
912	148,939,1280,18,309,1229,272,522,80,361 
913	5,214,110,139,9,397,257,541,357,433 
914	214,116,59,93,522,257,238,246,294,836 
915	569,181,253,880,468,353,317,277,451,25 
916	191,202,88,496,514,19,469,90,257,539 
917	62,5,20,212,271,446,160,235,810,471 
918	83,5,93,116,160,264,25,212,767,13 
919	1082,950,161,315,211,444,794,1148,1358,28 
920	116,202,406,224,16,139,238,257,496,246 
921	214,363,9,110,139,470,19,496,406,522 
922	8,854,656,1398,616,214,51,543,382,257 
923	135,214,5,62,96,292,363,61,12,127 
924	161,1111,459,943,735,705,1234,795,1197,106 
925	20,116,214,157,79,92,191,62,257,246 
926	801,556,326,28,1111,319,711,679,1197,1300 
927	116,214,93,202,5,62,139,59,96,92 
928	111,5,135,116,253,181,218,307,451,506 
929	16,111,62,93,181,880,218,588,38,997 
930	83,253,446,880,194,106,25,344,28,767 
931	93,214,5,9,139,96,157,59,127,12 
932	5,62,157,218,9,292,224,257,522,18 
933	116,93,139,496,96,79,357,483,94,11 
934	116,202,292,224,59,19,12,470,92,127 
935	406,202,148,106,3,59,93,328,257,939 
936	1011,925,1452,1206,459,1185,80,1427,1021,1353 
937	211,459,556,1111,705,794,943,587,1197,622 
938	116,202,406,522,79,328,251,16,246,139 
939	88,20,854,782,807,116,607,998,289,350 
940	135,116,18,257,94,250,92,626,238,387 
941	801,326,953,950,794,1082,943,319,1148,711 
942	20,363,191,139,257,406,470,3,218,246 
943	425,950,450,326,643,794,283,730,240,790 
944	116,93,5,874,469,90,9,100,470,4 
945	191,202,18,257,127,324,496,71,238,8 
946	116,106,541,1045,768,157,256,940,782,607 
947	191,62,280,781,874,19,94,11,469,539 
948	116,214,9,139,96,88,514,541,224,469 
949	363,59,202,18,12,522,238,496,424,26 
950	214,135,12,257,246,92,218,94,5,470 
951	150,950,692,445,556,326,705,706,948,795 
952	214,5,16,406,79,328,19,880,224,27 
953	801,211,42,953,705,943,794,1300,1079,706 
954	202,5,224,357,397,292,324,18,599,363 
955	20,116,191,541,483,514,139,496,127,198 
956	191,1040,73,1118,802,382,135,1240,940,543 
957	127,34,18,626,257,904,980,357,224,313 
958	253,692,445,326,643,1111,319,804,315,16 
959	16,20,116,5,218,446,880,235,468,121 
960	116,79,139,96,874,224,387,357,127,71 
961	93,62,116,20,5,271,880,264,810,277 
962	62,94,79,292,92,397,177,880,88,357 
963	116,214,59,5,522,9,18,61,257,874 
964	135,79,224,522,61,328,246,424,397,294 
965	211,950,326,794,735,943,1135,249,240,711 
966	116,202,110,157,257,59,12,127,94,387 
967	8,854,110,768,51,980,73,357,1240,250 
968	20,135,214,88,157,257,96,79,324,12 
969	161,1082,735,556,794,450,1148,587,1135,240 
970	20,116,88,127,18,79,324,397,250,19 
971	135,940,88,62,1369,256,607,695,169,871 
972	62,5,111,116,181,212,446,468,239,25 
973	116,135,16,19,110,139,483,9,880,357 
974	214,116,139,257,294,363,676,357,250,387 
975	116,5,177,19,83,569,212,292,139,439 
976	157,214,111,181,406,880,94,79,271,59 
977	116,202,292,191,139,19,257,61,92,127 
978	20,116,93,5,62,16,496,328,59,88 
979	224,135,202,146,683,246,139,550,116,92 
980	953,951,845,643,943,1300,367,253,1187,1111 
981	214,79,9,257,470,496,246,71,92,328 
982	801,326,106,953,319,705,943,944,589,711 
983	20,135,191,214,88,83,90,96,912,940 
984	94,110,12,93,522,59,246,599,238,424 
985	214,202,363,110,12,96,5,470,94,40 
986	135,62,202,446,328,874,496,588,59,307 
988	79,202,257,59,93,127,397,324,92,40 
989	20,363,79,191,19,92,18,496,874,177 
990	1419,309,1023,575,305,1445,1317,1452,1302,1077 
991	161,150,62,135,950,943,459,315,205,845 
992	305,309,1445,962,179,934,1077,429,339,157 
993	79,135,93,139,19,406,246,424,1247,397 
994	191,79,12,470,257,357,162,397,107,333 
995	214,116,18,12,94,294,3,324,357,599 
996	253,161,326,1082,794,459,42,845,938,205 
997	135,874,88,514,280,139,307,96,157,261 
998	116,202,127,257,357,71,324,88,19,670 
999	363,59,135,178,251,328,202,1247,26,433 
1000	575,305,962,1302,1185,1077,649,1374,94,1353 
1001	116,96,157,257,88,470,127,59,12,238 
1002	16,93,116,569,181,218,121,38,997,406 
1003	214,406,18,522,135,9,647,424,12,32 
1004	116,214,62,59,292,177,496,110,157,26 
1005	20,470,110,162,71,626,8,135,363,92 
1006	83,62,160,42,106,459,795,679,1049,121 
1007	116,88,139,514,127,496,508,670,640,8 
1008	20,116,5,62,202,110,397,357,257,514 
1009	214,59,116,224,683,26,218,19,139,110 
1010	20,93,62,214,446,202,121,251,59,253 
1011	93,135,212,214,202,181,307,19,468,506 
1012	93,5,135,271,363,121,253,202,406,277 
1013	20,253,83,271,212,264,235,353,157,202 
1014	135,292,93,522,19,251,5,1247,62,26 
1015	202,79,93,9,139,496,5,238,61,62 
1016	116,16,135,62,880,328,181,157,496,439 
1017	116,9,292,93,328,387,12,251,1247,18 
1018	20,5,280,88,907,256,998,508,51,688 
1019	569,111,177,20,253,218,880,468,264,588 
1020	211,950,1148,445,643,556,951,944,730,1187 
1021	116,202,191,496,224,5,397,62,238,88 
1022	116,93,202,522,406,251,92,257,177,238 
1023	135,363,202,224,139,61,522,5,96,3 
1024	1045,796,1419,721,429,305,851,1317,1452,1374 
1025	5,93,191,483,90,781,19,96,413,504 
1026	326,42,794,106,943,735,1079,1197,906,1403 
1027	202,127,357,93,508,94,912,11,92,19 
1028	20,202,224,18,257,496,94,92,599,324 
1029	62,569,363,446,181,160,522,111,235,251 
1030	93,214,202,191,88,139,9,483,257,387 
1031	116,79,93,251,26,178,19,593,332,5 
1032	93,135,62,569,271,880,212,363,317,264 
1033	600,768,202,626,79,592,3,550,8,246 
1034	116,214,5,59,496,110,191,96,522,387 
1035	116,363,59,157,61,110,496,191,397,16 
1036	20,470,79,127,250,626,357,768,157,88 
1037	116,202,93,5,397,257,357,324,62,59 
1038	214,116,12,191,93,522,294,246,424,40 
1039	18,224,191,294,139,3,246,92,626,406 
1040	116,214,202,496,9,79,397,357,387,218 
1041	20,135,257,357,541,92,854,768,162,296 
1042	8,96,849,508,745,1398,541,626,294,152 
1043	111,181,16,135,62,20,106,194,36,80 
1044	801,211,42,16,569,950,705,794,1148,622 
1045	20,94,139,96,250,768,626,59,599,496 
1046	116,20,135,62,83,177,19,496,541,79 
1047	20,5,93,62,16,271,569,874,19,235 
1048	569,5,62,116,446,177,880,271,264,106 
1049	202,139,12,157,874,88,40,670,107,483 
1050	214,5,9,139,16,157,59,328,514,844 
1051	194,569,160,177,801,446,459,150,116,310 
1052	161,556,692,459,794,951,326,643,705,790 
1053	211,326,459,735,42,1135,1079,106,938,1049 
1054	116,202,18,93,257,19,294,397,61,357 
1055	83,326,950,1111,319,943,705,706,295,692 
1056	5,62,363,328,874,157,9,251,880,257 
1057	20,93,218,83,157,328,292,251,19,496 
1058	135,214,9,96,191,224,257,110,218,424 
1059	214,5,93,62,191,874,9,83,357,4 
1060	135,79,93,157,251,218,178,110,16,628 
1061	116,5,214,191,79,139,328,514,257,469 
1062	781,778,782,256,508,607,855,197,936,695 
1063	801,161,326,459,425,1111,160,450,177,1148 
1064	116,214,5,110,874,496,139,218,522,18 
1065	116,5,16,19,177,83,541,79,90,39 
1066	194,62,177,161,446,42,211,326,906,609 
1067	5,541,940,261,508,256,411,51,912,220 
1068	20,62,5,16,214,271,19,39,9,940 
1069	801,211,42,556,177,135,319,446,1049,622 
1070	116,93,191,79,96,88,157,224,127,4 
1072	93,62,177,212,160,253,121,235,13,363 
1073	363,292,522,251,218,62,257,12,246,26 
1074	116,292,224,12,257,148,61,94,92,27 
1075	5,62,328,177,363,157,224,257,433,127 
1076	116,202,496,96,157,79,357,483,94,90 
1077	135,181,5,446,253,880,363,157,25,997 
1078	214,79,19,9,496,110,218,61,12,92 
1079	116,93,214,202,191,19,483,514,387,257 
1080	116,214,93,94,83,88,218,127,271,599 
1081	214,9,116,110,294,157,71,676,397,19 
1082	781,280,1369,83,483,90,460,871,1370,282 
1083	106,925,28,1452,1185,80,1427,1021,1353,94 
1084	202,79,18,19,191,257,61,96,406,470 
1085	116,62,218,328,121,160,522,317,251,496 
1086	202,79,110,257,127,19,92,59,324,599 
1087	116,202,93,224,59,257,470,522,94,324 
1088	111,253,106,150,181,218,28,80,446,679 
1089	116,110,139,19,257,59,92,127,238,40 
1090	20,93,59,328,251,157,1247,110,139,246 
1091	116,79,110,93,191,61,92,3,328,96 
1092	214,292,79,569,177,628,224,246,19,238 
1093	116,202,93,110,5,191,496,238,397,16 
1094	214,79,116,61,191,96,246,424,1247,3 
1095	211,950,556,16,1111,450,42,1148,938,730 
1096	59,79,1247,522,328,18,238,334,246,593 
1097	202,79,496,328,9,177,224,92,83,96 
1098	16,62,161,42,160,211,177,326,679,1049 
1099	79,59,12,61,1247,110,148,370,470,1035 
1100	8,139,768,127,292,34,357,51,371,250 
1101	93,116,253,218,468,121,588,38,451,997 
1102	16,93,569,20,181,177,212,253,264,363 
1103	854,745,1369,493,778,802,73,988,607,411 
1104	83,194,135,177,150,161,42,116,307,240 
1105	62,111,569,93,5,116,177,253,160,264 
1106	20,16,202,178,569,251,19,157,61,139 
1107	191,214,12,79,357,224,294,34,292,238 
1108	202,79,110,96,363,257,387,5,328,357 
1109	214,224,18,294,127,676,246,71,3,94 
1110	363,157,83,406,253,202,93,446,106,18 
1111	116,62,363,59,271,569,157,110,9,406 
1112	116,135,79,110,139,218,496,1247,191,397 
1113	116,5,16,177,9,363,292,96,522,157 
1114	94,363,406,522,592,292,459,25,181,344 
1115	20,116,93,202,16,94,880,522,224,9 
1116	16,5,253,202,522,83,264,94,160,59 
1117	116,214,191,62,514,16,496,198,912,688 
1118	116,363,292,224,522,328,406,5,251,96 
1119	211,1042,950,315,1079,42,790,804,265,989 
1120	470,313,626,162,324,550,206,157,135,238 
1121	116,88,541,280,940,508,469,912,539,256 
1122	116,157,406,257,92,191,61,148,424,496 
1123	116,202,96,12,257,18,387,294,357,71 
1124	191,202,94,357,79,18,324,294,387,93 
1125	20,116,135,93,5,62,177,110,880,257 
1126	801,326,106,794,950,705,943,587,589,711 
1127	191,470,257,116,71,357,496,626,94,40 
1128	116,202,5,139,496,88,397,92,127,90 
1129	161,1082,950,794,692,943,326,643,1403,1135 
1130	116,62,16,177,328,110,79,9,191,257 
1131	253,556,794,62,28,1082,1079,1234,1023,730 
1132	116,202,88,483,96,496,9,470,127,92 
1133	20,116,5,191,16,19,397,357,90,844 
1134	116,5,62,483,514,496,96,39,357,844 
1135	20,135,218,160,212,202,328,157,239,451 
1136	20,79,224,541,40,324,357,363,294,1240 
1137	161,950,1082,326,943,106,589,1234,1042,260 
1138	20,135,5,62,874,496,569,212,588,397 
1139	363,116,110,406,139,246,93,148,19,496 
1140	20,202,214,874,110,271,19,100,261,688 
1141	214,202,363,12,139,470,246,522,19,96 
1142	135,483,280,191,541,855,998,411,539,1040 
1143	20,116,110,12,470,94,238,324,522,599 
1144	116,202,110,5,19,224,470,18,88,363 
1145	483,5,88,191,214,261,508,874,528,413 
1146	214,292,79,157,470,19,94,92,61,397 
1147	161,950,1111,1082,735,943,319,692,706,158 
1148	62,5,116,20,135,218,160,880,253,468 
1149	135,93,214,202,191,496,16,224,96,177 
1150	745,493,1040,802,1240,395,371,807,94,660 
1151	214,116,93,135,683,238,218,12,1035,334 
1152	135,202,470,257,19,96,18,496,599,71 
1153	191,280,90,508,110,854,51,493,214,1075 
1154	116,62,214,110,496,19,469,280,39,504 
1155	211,950,692,1148,445,643,951,706,711,948 
1156	801,569,556,425,1111,5,62,319,1300,730 
1157	116,191,214,483,874,96,496,100,9,781 
1158	20,93,16,5,363,214,181,121,628,439 
1159	191,116,854,214,782,280,470,11,382,469 
1160	211,556,326,794,1135,643,445,816,1049,1197 
1161	62,16,218,157,177,307,88,92,139,280 
1162	135,202,191,496,9,387,257,4,177,912 
1163	135,363,93,59,328,224,61,5,874,470 
1164	1011,355,28,925,1077,459,713,339,1353,1141 
1165	5,214,83,177,406,880,59,25,251,160 
1166	20,214,292,127,79,496,676,397,107,504 
1167	214,202,62,16,90,397,514,79,96,912 
1168	16,5,116,569,111,218,160,271,253,121 
1169	253,735,1082,943,1111,1135,42,450,711,816 
1170	135,191,781,280,198,261,83,778,908,640 
1171	62,111,271,880,157,569,874,19,280,506 
1172	135,202,79,18,12,257,19,294,127,5 
1173	202,292,224,18,19,12,470,61,92,127 
1174	214,202,9,12,257,157,363,324,397,92 
1176	116,5,214,483,19,139,496,280,39,470 
1177	202,157,470,93,397,238,324,599,246,263 
1178	211,326,106,1111,1082,943,319,906,1403,205 
1179	93,177,20,83,218,264,317,588,997,451 
1180	93,62,214,874,90,514,19,139,496,640 
1181	116,202,9,224,257,18,94,92,324,599 
1182	116,191,62,514,16,469,9,198,912,640 
1183	135,79,522,251,238,246,683,5,424,62 
1184	135,202,363,94,139,59,406,328,218,599 
1185	191,214,541,257,12,397,224,294,93,912 
1186	16,111,62,20,253,181,880,212,264,202 
1187	214,202,127,257,18,71,292,94,162,34 
1188	363,292,59,224,251,328,1247,683,246,26 
1189	569,177,111,160,253,363,588,467,328,277 
1190	313,202,139,116,157,324,8,34,162,206 
1191	20,93,135,214,178,522,5,157,246,647 
1192	135,214,9,93,357,127,257,854,280,337 
1193	161,556,326,943,951,253,319,1197,705,1097 
1194	106,135,218,5,211,679,326,906,943,177 
1195	8,904,110,819,73,51,411,371,1369,256 
1196	179,309,459,1229,80,649,429,1427,94,1021 
1197	214,96,139,874,514,470,39,4,107,82 
1198	116,79,59,202,224,522,18,387,96,406 
1199	214,110,257,191,238,92,328,470,496,683 
1200	20,116,214,16,62,218,157,328,177,292 
1201	5,16,874,110,79,157,569,292,160,224 
1202	116,214,202,483,16,19,9,387,357,100 
1203	116,202,5,191,16,218,224,92,94,83 
1204	1082,556,326,943,643,1135,445,367,1049,106 
1205	20,135,16,5,62,569,271,121,522,874 
1207	157,522,406,5,92,59,19,246,148,303 
1208	135,9,496,397,224,12,127,59,61,670 
1209	116,5,214,541,469,90,496,100,198,504 
1210	79,116,61,139,424,251,328,3,470,294 
1211	8,313,273,139,88,1240,92,296,599,268 
1212	1419,486,713,796,925,339,1185,1427,1317,1452 
1213	16,569,111,253,160,214,25,202,628,344 
1214	93,62,19,483,139,96,90,79,127,387 
1215	20,116,214,202,9,224,328,496,139,127 
1216	135,79,9,12,257,218,19,683,1247,92 
1217	116,135,16,496,110,212,79,397,83,257 
1218	5,202,483,292,470,9,92,855,337,460 
1220	20,363,93,16,406,522,569,251,177,246 
1221	211,735,1082,459,1111,42,1135,845,711,795 
1222	211,1082,326,42,1111,1135,1079,158,240,711 
1223	214,135,202,139,191,257,397,294,387,424 
1224	214,202,292,257,93,96,397,61,357,324 
1225	20,116,93,5,16,177,328,191,569,9 
1226	116,135,214,202,874,110,139,328,96,271 
1227	106,28,5,713,92,3,459,79,25,253 
1228	146,1045,92,139,626,88,127,250,324,600 
1229	116,135,5,214,496,191,328,88,844,92 
1230	116,214,202,496,88,79,397,357,292,4 
1231	16,5,177,160,253,880,218,264,451,53 
1232	1369,508,782,483,541,607,8,998,289,907 
1233	116,93,5,79,157,496,292,357,92,387 
1234	363,135,79,522,61,110,1247,5,246,62 
1235	20,116,59,61,251,257,683,246,218,40 
1236	801,556,326,569,319,705,943,5,735,622 
1237	211,735,1082,326,42,1111,1135,1197,249,816 
1238	5,20,271,218,253,121,468,264,997,363 
1239	214,116,83,218,224,522,93,12,836,424 
1240	953,556,1082,62,735,42,795,643,160,1079 
1241	135,5,202,496,191,79,139,880,569,88 
1242	5,93,88,874,469,19,280,912,198,100 
1243	5,62,79,292,496,397,257,541,224,127 
1244	135,59,79,178,370,148,238,61,5,446 
1245	135,116,214,93,406,292,328,59,178,92 
1246	214,292,79,139,363,324,238,357,92,40 
1247	20,116,191,214,139,470,127,94,90,92 
1248	214,9,135,139,257,294,238,250,94,19 
1249	16,62,569,19,157,292,446,406,251,160 
1250	135,5,214,110,271,541,469,39,688,504 
1251	161,950,556,951,845,938,450,315,319,1300 
1252	326,794,1111,319,1082,943,735,240,622,1152 
1253	116,214,202,191,292,9,218,522,92,271 
1254	161,106,42,1082,735,943,1111,1234,260,938 
1255	116,5,88,874,280,469,19,496,912,539 
1257	161,950,692,943,450,326,459,711,240,1042 
1258	16,5,111,181,446,160,353,277,451,13 
1259	116,135,9,363,12,257,59,71,470,127 
1260	135,880,253,271,212,363,202,468,522,178 
1261	111,211,161,556,735,1082,326,794,459,643 
1262	5,93,194,160,264,212,20,25,767,38 
1263	116,202,9,224,257,59,157,470,357,294 
1264	191,162,8,670,224,107,397,387,92,626 
1265	116,202,93,496,88,397,470,541,92,71 
1266	93,214,202,496,157,139,397,177,387,433 
1267	292,202,12,139,470,93,522,19,96,127 
1268	5,191,111,202,768,110,62,361,592,854 
1269	135,214,522,328,92,110,19,139,496,257 
1270	20,110,79,139,273,313,127,618,324,8 
1271	116,363,292,496,110,18,191,61,238,406 
1272	692,950,150,22,556,283,989,1097,804,444 
1273	20,62,135,16,19,110,139,844,100,160 
1274	211,950,692,556,445,326,643,730,948,795 
1275	135,5,93,874,880,111,307,235,110,79 
1276	214,79,135,191,139,127,40,397,324,424 
1277	116,93,135,363,292,406,251,569,1247,2 
1278	116,93,9,110,62,292,61,16,363,541 
1279	116,406,3,110,246,83,257,238,12,713 
1280	111,253,16,83,177,446,235,277,468,353 
1281	16,569,214,328,522,880,38,264,253,353 
1282	16,218,202,446,328,25,251,121,160,92 
1283	191,782,90,493,1118,998,382,73,318,350 
1284	950,42,106,735,943,1111,1234,1196,66,260 
1285	224,9,20,424,294,59,238,592,836,116 
1286	106,28,5,62,150,157,801,116,121,705 
1287	116,93,88,874,469,39,280,781,539,127 
1288	116,202,96,496,224,387,127,59,328,514 
1289	326,425,28,1111,705,569,1082,730,203,36 
1290	135,202,224,157,110,93,397,387,71,424 
1291	116,135,292,157,139,522,251,96,1247,387 
1292	5,214,271,79,139,397,59,357,541,127 
1293	116,135,90,470,198,357,640,100,504,19 
1294	9,110,157,18,71,397,324,59,387,599 
1295	854,8,51,73,616,9,382,135,110,411 
1296	406,9,20,246,110,994,191,768,226,238 
1297	93,218,212,160,264,468,271,25,588,363 
1298	292,406,522,16,224,238,5,62,19,424 
1299	93,569,116,446,880,353,588,810,997,1078 
1300	116,88,214,280,940,514,198,318,19,256 
1301	116,214,202,157,541,496,397,271,357,307 
1302	83,161,556,326,950,735,1111,705,692,711 
1303	801,211,953,459,1082,1111,240,1135,845,730 
1304	116,5,62,496,541,9,397,357,257,39 
1305	214,135,157,19,522,191,251,246,1247,127 
1306	116,214,5,79,496,139,59,387,357,177 
1307	83,5,194,446,218,116,20,810,25,53 
1308	116,224,93,92,246,59,713,257,9,272 
1309	116,202,110,292,496,257,224,18,541,62 
1310	214,79,257,135,676,71,19,40,357,59 
1311	355,28,309,1452,1229,649,459,1427,1021,1141 
1312	93,116,20,177,446,271,468,264,239,997 
1313	20,93,111,19,880,191,569,79,121,433 
1314	214,202,79,328,19,9,139,61,569,599 
1315	214,88,110,9,62,90,470,198,912,92 
1316	116,93,5,292,59,18,92,496,139,397 
1317	20,116,224,246,92,139,328,424,9,251 
1318	62,191,202,541,110,16,874,100,198,688 
1319	18,79,257,294,59,324,626,313,273,272 
1320	116,214,191,874,62,357,387,470,292,59 
1321	116,214,93,5,874,470,127,257,670,107 
1322	93,569,446,218,468,121,83,38,363,451 
1323	116,5,214,9,110,177,191,257,224,2 
1324	16,363,446,94,271,25,19,79,292,235 
1325	93,5,181,160,264,239,235,38,25,1078 
1326	1369,778,807,483,90,256,8,198,73,197 
1327	116,292,93,110,139,251,218,94,424,148 
1328	508,8,90,51,256,807,382,980,607,198 
1329	83,5,16,307,880,110,160,874,292,235 
1330	363,59,79,406,1247,224,26,139,62,593 
1331	253,326,459,794,735,1111,943,1135,948,1197 
1332	363,292,59,202,224,251,496,246,683,397 
1333	16,5,181,177,446,468,353,38,588,363 
1335	292,79,116,135,12,257,157,19,246,96 
1336	16,79,522,178,19,628,224,496,246,92 
1337	363,110,191,92,246,148,218,294,146,127 
1338	257,146,127,273,139,600,79,116,272,618 
1339	5,62,16,496,271,9,79,177,357,39 
1340	116,214,110,541,496,19,257,157,483,18 
1341	253,950,326,1082,735,943,319,260,295,795 
1342	116,5,62,569,446,212,160,235,264,588 
1343	116,5,62,79,9,177,328,257,224,514 
1344	116,214,202,874,79,94,139,357,257,599 
1345	191,202,257,496,88,94,18,71,92,157 
1346	116,214,202,514,496,62,90,127,224,640 
1347	16,116,569,5,177,271,880,264,328,467 
1348	93,214,62,96,469,39,496,19,387,127 
1349	135,93,110,522,251,191,96,424,683,387 
1350	116,5,93,16,19,271,496,83,177,92 
1351	214,363,202,110,19,406,470,96,246,5 
1352	116,5,90,781,19,397,96,912,539,94 
1353	363,79,135,202,61,406,157,218,496,178 
1354	135,363,214,569,202,522,111,251,439,27 
1355	20,5,214,191,541,90,261,483,397,940 
1356	116,139,12,79,127,324,40,294,1240,59 
1357	801,211,62,42,705,950,943,181,1197,1152 
1358	135,496,79,59,157,363,121,433,844,2 
1359	12,94,127,139,626,3,246,550,683,599 
1360	214,93,5,9,157,292,397,218,357,844 
1361	20,135,93,139,257,191,1247,683,96,40 
1362	62,5,569,93,135,218,271,880,212,235 
1363	20,292,59,93,139,157,424,191,246,397 
1364	79,116,110,191,238,406,522,127,683,424 
1365	18,79,110,59,246,3,406,61,324,93 
1366	116,79,96,157,397,127,541,292,94,599 
1367	116,202,363,59,191,19,470,397,406,92 
1368	116,62,214,191,19,280,397,79,218,470 
1369	135,202,93,257,139,94,522,328,496,599 
1370	16,62,202,328,522,121,25,212,292,79 
1371	83,326,950,1111,319,943,705,260,795,692 
1372	116,202,88,62,9,139,469,198,79,640 
1373	569,93,62,5,177,446,253,271,218,264 
1374	93,569,177,111,212,38,588,451,628,1423 
1375	116,5,62,191,110,469,96,496,271,4 
1376	20,62,16,202,483,19,514,139,96,357 
1377	20,135,214,202,496,177,469,859,328,912 
1378	93,292,224,191,139,18,874,238,12,406 
1379	569,161,5,135,211,326,556,767,260,25 
1380	20,127,257,88,626,294,79,34,541,40 
1381	116,139,224,257,62,59,12,357,328,599 
1382	214,202,522,18,251,94,19,246,238,496 
1383	309,1023,713,179,1280,1317,80,649,1427,1021 
1384	211,459,1082,735,943,1111,1079,948,711,295 
1385	9,139,127,296,257,96,157,543,18,11 
1386	214,522,5,328,18,111,880,79,94,253 
1387	569,5,446,93,264,271,116,20,767,810 
1388	116,202,93,157,9,224,5,191,62,397 
1389	214,292,79,522,9,328,238,257,110,40 
1390	93,79,157,139,224,96,12,218,61,324 
1391	116,191,110,470,19,96,224,357,496,387 
1392	16,328,292,157,178,874,446,880,160,139 
1393	116,79,292,157,12,257,397,406,40,127 
1394	20,569,62,5,212,271,218,121,235,997 
1395	116,214,18,328,224,9,238,139,94,257 
1396	214,79,116,61,191,96,246,1247,683,496 
1398	116,569,5,212,253,239,38,25,997,1078 
1399	116,202,191,483,514,496,139,39,357,844 
1400	116,202,110,496,5,292,224,324,387,40 
1401	135,157,110,224,19,59,406,191,496,12 
1402	20,191,202,88,139,5,83,12,363,397 
1403	194,62,135,161,150,880,264,446,260,794 
1404	1369,508,782,807,541,256,20,871,1340,988 
1405	1011,305,962,179,713,459,1374,1206,1427,1353 
1406	135,214,157,363,110,522,92,257,328,12 
1407	569,177,181,253,468,218,264,353,239,451 
1408	214,202,9,363,470,59,93,324,357,397 
1409	5,181,62,218,880,271,264,317,588,451 
1410	1011,309,721,796,98,305,459,1452,1302,146 
1411	116,214,202,62,514,19,496,90,387,470 
1412	148,106,116,1045,92,522,268,618,600,191 
1413	5,62,202,160,212,446,19,522,496,433 
1414	116,202,110,224,12,496,92,5,324,328 
1415	363,93,224,5,218,238,251,257,12,246 
1416	363,214,135,79,292,9,328,19,139,1247 
1417	116,5,62,496,139,9,397,257,96,844 
1418	116,79,292,139,61,18,257,397,387,40 
1419	116,202,157,363,62,496,12,218,470,433 
1420	735,950,106,326,943,794,692,240,587,1197 
1421	62,5,16,202,110,83,88,469,844,92 
1422	20,292,59,61,19,328,110,496,683,397 
1423	116,214,202,110,9,139,397,363,387,433 
1424	116,5,874,139,16,224,387,12,61,522 
1425	20,157,218,18,59,251,328,181,246,683 
1426	470,257,292,626,135,116,88,656,71,313 
1427	20,116,5,16,88,483,514,139,90,39 
1428	116,16,135,271,19,218,160,59,588,2 
1429	135,62,874,496,328,218,79,88,483,257 
1430	116,202,79,110,874,224,292,12,328,238 
1432	157,79,224,257,139,218,599,522,397,27 
1433	116,191,93,874,541,79,397,387,469,912 
1434	214,202,9,157,257,470,59,397,92,357 
1435	116,5,62,483,19,139,96,39,280,844 
1436	62,135,177,271,218,880,181,446,496,79 
1437	116,135,202,19,224,191,328,71,522,5 
1438	79,135,9,61,139,110,496,191,96,218 
1440	116,202,9,139,59,257,96,328,357,61 
1441	20,292,224,139,250,238,406,92,61,626 
1442	116,202,93,257,397,874,59,88,363,61 
1443	214,292,79,157,139,93,61,92,406,40 
1444	16,20,5,177,271,446,239,997,810,467 
1445	116,93,214,19,271,79,177,59,880,307 
1446	211,253,950,692,556,326,445,730,315,948 
1447	5,202,88,874,280,469,96,496,781,79 
1448	116,93,79,59,9,5,61,157,218,12 
1449	161,42,1111,950,943,794,1082,643,249,1079 
1450	781,88,135,940,90,541,854,998,1075,83 
1451	135,79,110,257,61,328,96,470,424,294 
1452	20,16,218,406,522,121,79,880,18,271 
1453	116,83,93,88,541,781,907,198,766,411 
1454	93,363,157,328,496,139,61,191,238,406 
1455	20,116,135,214,218,18,251,94,148,599 
1456	363,292,93,257,191,61,92,246,5,470 
1457	116,202,93,224,496,18,257,470,92,61 
1458	16,569,5,181,218,160,353,239,317,522 
1459	116,214,110,139,874,79,397,387,127,12 
1460	116,214,9,470,19,670,324,849,12,147 
1461	253,735,556,1111,445,794,1148,589,1197,283 
1462	116,93,202,19,522,218,61,251,12,191 
1463	116,135,110,470,292,397,541,324,5,483 
1464	5,874,328,191,59,224,257,96,433,569 
1465	214,93,18,202,178,16,628,647,32,398 
1466	211,950,692,450,556,326,445,643,706,1403 
1467	16,20,569,212,111,468,235,810,997,277 
1468	62,271,214,181,157,202,307,212,194,522 
1469	135,93,880,194,25,160,264,106,406,80 
1470	16,62,181,880,468,264,235,588,451,53 
1471	292,214,116,61,224,328,19,257,218,334 
1472	116,191,110,224,19,397,157,541,92,363 
1473	116,16,19,496,110,79,363,191,397,307 
1474	62,181,177,194,446,264,277,214,468,795 
1475	16,93,569,212,363,880,121,353,317,251 
1476	135,93,79,18,224,61,496,110,424,370 
1477	116,20,253,212,271,468,264,25,38,451 
1478	1011,28,925,851,721,1206,429,1427,1021,932 
1479	211,253,450,692,326,445,1111,106,944,315 
1480	801,150,326,556,569,705,794,943,181,135 
1481	735,1082,326,42,692,643,1148,816,1197,1234 
1482	16,569,62,5,212,160,218,264,121,810 
1483	211,735,459,794,1111,692,42,1079,205,795 
1484	214,79,59,157,110,257,238,397,3,27 
1485	116,483,88,5,90,280,508,397,766,139 
1486	116,79,363,19,18,12,257,397,5,62 
1487	363,110,406,257,238,148,470,218,5,836 
1488	116,292,110,94,251,148,61,424,836,16 
1489	202,363,9,224,18,328,92,406,397,94 
1490	116,93,79,292,96,224,387,357,127,522 
1491	363,16,569,20,214,328,292,659,79,439 
1492	801,161,425,326,556,135,160,943,177,1197 
1493	116,16,177,110,328,9,844,292,88,127 
1494	202,292,19,157,139,257,62,238,61,522 
1495	214,292,569,328,79,59,111,446,246,148 
1496	801,161,42,1111,953,705,794,943,106,589 
1497	116,9,139,496,12,96,470,328,294,357 
1498	801,253,425,1082,950,326,450,1148,1111,587 
1499	83,161,953,1111,319,1082,158,795,622,1152 
1500	569,83,177,880,212,264,235,468,353,202 
1501	854,493,980,940,256,988,460,90,191,998 
1502	1445,305,1302,309,713,1185,1206,80,339,939 
1503	5,135,181,218,271,880,194,446,121,161 
1504	1445,305,925,713,1045,1077,649,94,1427,1353 
1505	157,12,470,3,238,148,522,683,146,273 
1506	79,116,93,522,238,424,496,470,186,370 
1507	253,194,181,42,459,135,177,319,36,310 
1508	116,111,880,328,83,178,79,25,212,19 
1509	363,16,214,328,522,181,79,121,19,160 
1510	135,202,292,224,257,19,12,96,127,238 
1511	801,161,42,953,950,319,943,1082,249,295 
1512	59,135,79,522,16,9,238,1035,62,139 
1513	116,363,79,157,19,496,470,397,5,92 
1514	16,135,177,880,93,20,106,42,264,36 
1515	20,5,212,880,253,468,264,25,83,451 
1516	801,459,425,794,319,1111,705,158,706,845 
1517	16,62,569,116,446,83,160,880,271,264 
1518	211,1082,794,951,643,1148,730,66,240,1234 
1519	214,202,292,12,257,96,59,397,324,92 
1520	110,127,363,116,96,273,3,768,272,71 
1521	16,218,446,178,251,18,121,880,160,253 
1522	93,62,569,5,116,111,218,253,468,317 
1523	5,62,191,541,139,496,397,280,83,92 
1525	16,93,569,177,406,328,121,777,439,659 
1526	801,211,459,42,950,943,1082,569,951,944 
1527	16,93,135,363,880,25,160,214,157,235 
1528	116,202,79,157,292,397,387,71,92,40 
1529	116,5,16,19,328,79,569,92,224,446 
1530	1011,575,1041,309,1302,1229,939,267,268,1021 
1531	116,363,214,79,522,157,121,496,224,9 
1532	16,62,181,160,135,459,218,556,445,609 
1533	214,157,59,19,257,496,92,94,246,3 
1534	214,406,61,139,251,1247,424,148,3,496 
1536	62,135,181,218,880,264,307,178,42,439 
1537	202,79,19,191,139,496,12,397,16,61 
1538	20,93,116,5,62,135,177,212,363,59 
1539	116,363,202,110,18,328,522,191,16,397 
1540	16,20,5,62,111,218,446,160,212,214 
1541	459,556,28,794,950,1042,735,730,795,938 
1542	135,5,202,79,110,522,94,496,177,139 
1543	16,5,93,212,218,880,328,317,110,59 
1544	950,735,42,845,1079,943,1135,1300,711,315 
1545	116,202,59,257,397,328,294,357,522,324 
1546	20,214,202,157,522,406,251,496,139,874 
1547	211,1082,556,1135,943,951,643,22,711,1197 
1548	214,202,135,110,19,238,157,59,294,357 
1549	20,93,214,157,19,328,874,92,9,18 
1550	16,135,218,93,880,157,194,160,25,307 
1551	116,83,177,880,271,363,214,121,522,628 
1552	20,5,93,214,181,212,202,446,328,874 
1553	116,5,214,88,96,496,9,100,387,504 
1554	16,569,93,62,212,446,253,160,38,307 
1555	93,363,135,214,202,328,292,18,433,777 
1557	111,5,94,28,16,939,93,363,569,1045 
1558	20,363,93,59,224,522,139,397,94,357 
1559	181,5,253,212,271,468,264,38,277,588 
1560	950,42,1082,106,735,943,1111,711,938,1403 
1561	93,16,5,157,292,328,181,25,121,246 
1562	106,556,953,326,943,735,1111,1148,80,1300 
1563	135,292,59,522,246,251,12,424,398,26 
1564	116,214,202,79,9,139,397,357,218,541 
1565	116,214,93,79,127,357,12,90,874,670 
1566	5,93,62,83,271,181,212,121,157,810 
1567	214,292,79,110,257,522,96,424,496,294 
