0	60,688,978,427,11,591,8,974,608,657 
1	660,35,202,163,925,563,807,4,340,921 
2	997,314,527,431,687,282,578,821,246,1003 
3	890,160,216,14,253,565,660,21,107,89 
4	141,280,181,245,140,163,659,294,122,894 
5	759,820,731,250,753,635,525,426,992,403 
6	469,9,168,686,748,659,455,852,565,14 
7	431,276,554,578,634,520,603,48,1043,237 
8	543,101,341,765,742,648,1035,740,8,595 
9	802,799,469,777,659,9,334,950,315,825 
10	950,141,129,405,927,1006,881,1121,762,300 
11	423,431,634,276,65,149,614,520,603,148 
12	277,100,216,72,659,481,479,22,953,81 
13	626,608,581,629,759,956,814,322,621,1103 
14	351,199,89,371,277,217,424,265,953,150 
15	956,608,581,635,626,759,218,629,327,126 
16	65,806,554,662,292,618,634,75,240,578 
17	106,77,694,612,598,405,591,992,57,209 
18	431,423,634,65,276,252,929,520,258,906 
19	802,799,106,259,20,77,730,689,9,1031 
20	950,198,117,512,843,447,255,129,911,351 
21	431,221,461,578,565,492,883,736,237,527 
22	431,554,276,520,603,618,65,674,1043,358 
23	1028,203,447,93,432,911,494,762,120,659 
24	950,843,659,803,141,762,129,494,81,911 
25	666,272,419,630,163,120,463,66,921,563 
26	543,648,970,765,341,1035,431,1052,423,878 
27	141,1121,666,163,281,925,659,625,807,229 
28	431,527,461,578,687,237,356,883,900,736 
29	4,378,589,45,336,497,950,117,512,204 
30	1021,431,183,423,634,520,956,218,276,149 
31	802,106,259,47,730,59,77,636,9,689 
32	78,141,128,204,6,145,659,163,371,168 
33	970,708,101,791,946,1035,244,36,465,260 
34	659,452,310,438,469,748,494,9,852,14 
35	244,567,528,708,1172,904,260,376,757,979 
36	731,250,759,591,608,820,1116,172,525,1034 
37	163,894,479,807,141,6,925,30,266,272 
38	635,1093,629,195,608,399,426,820,1103,849 
39	431,634,276,554,520,929,578,252,674,475 
40	634,550,554,356,237,618,687,276,287,586 
41	451,481,128,175,351,438,141,160,798,231 
42	659,798,748,351,160,842,825,106,469,625 
43	145,217,277,369,168,151,272,438,234,660 
44	202,613,220,997,282,201,527,687,578,168 
45	431,423,634,276,520,554,603,614,527,358 
46	431,423,276,674,45,520,603,634,554,1043 
47	423,634,431,149,65,475,794,520,530,148 
48	659,442,175,438,452,798,216,894,972,6 
49	469,802,106,799,9,777,334,852,782,636 
50	531,199,216,997,155,277,972,107,424,894 
51	280,204,855,438,224,355,451,442,100,72 
52	753,513,731,992,612,598,189,176,133,262 
53	314,666,690,741,272,925,141,919,419,66 
54	648,512,554,929,65,473,416,740,475,742 
55	431,527,276,520,578,191,554,603,634,48 
56	413,1025,1085,161,10,911,584,487,762,1004 
57	731,403,250,513,1151,1034,262,690,82,612 
58	748,455,995,777,334,20,315,764,825,694 
59	431,554,423,75,276,603,65,520,906,237 
60	218,956,608,668,663,581,751,615,816,723 
61	431,554,65,634,806,618,662,674,578,237 
62	72,950,242,665,84,497,117,168,175,843 
63	141,163,160,294,281,807,659,539,625,1121 
64	635,608,629,581,759,956,814,322,1011,914 
65	157,216,277,19,249,660,107,424,230,272 
66	120,272,1003,660,340,666,107,246,95,982 
67	4,220,245,953,107,565,527,660,687,736 
68	4,285,659,660,137,30,163,67,565,862 
69	218,58,834,377,854,212,471,458,577,775 
70	141,864,163,280,894,580,807,253,145,659 
71	736,719,120,660,687,527,821,107,982,3 
72	124,293,141,216,89,294,45,539,659,855 
73	843,659,494,681,950,894,1000,762,273,625 
74	531,242,202,660,35,479,351,151,497,231 
75	279,137,674,650,14,106,799,802,730,32 
76	141,1121,129,300,881,513,950,591,86,659 
77	423,431,634,614,674,603,520,1036,149,618 
78	106,659,777,995,455,334,20,825,491,694 
79	252,431,554,578,237,65,276,618,240,603 
80	218,956,668,58,608,54,663,734,854,471 
81	660,249,216,650,277,894,107,497,4,272 
82	155,423,731,614,516,60,674,657,974,683 
83	451,279,157,38,371,97,191,201,186,303 
84	141,798,950,128,294,843,659,163,360,281 
85	216,155,442,224,4,862,191,204,497,220 
86	250,513,86,1151,172,472,176,598,262,1034 
87	469,455,995,166,161,59,694,950,825,570 
88	431,634,554,276,520,674,65,252,237,48 
89	650,613,216,21,972,122,461,565,19,687 
90	280,531,151,497,67,997,855,479,100,197 
91	216,21,122,220,97,265,107,972,272,855 
92	956,759,635,626,820,629,58,195,490,343 
93	659,494,413,764,706,166,793,9,1188,454 
94	578,634,618,550,65,932,237,586,806,276 
95	451,797,950,117,798,129,512,405,893,1025 
96	277,638,766,14,469,565,9,686,659,695 
97	4,277,890,497,351,855,220,972,282,438 
98	155,279,140,31,183,204,371,45,650,674 
99	802,970,106,799,247,101,341,440,386,86 
100	950,843,216,452,531,280,117,203,175,911 
101	791,244,465,528,708,196,595,542,260,376 
102	950,117,129,447,843,354,927,413,911,584 
103	137,145,431,890,170,22,461,237,797,747 
104	956,218,377,668,58,615,834,734,471,776 
105	635,426,820,882,626,943,1093,104,1103,1116 
106	106,802,150,438,231,748,659,799,694,825 
107	362,161,354,469,843,570,487,129,1042,852 
108	280,355,531,798,175,316,659,117,160,320 
109	431,554,65,423,662,258,276,603,806,520 
110	912,269,634,543,958,357,970,149,680,423 
111	608,956,581,626,635,759,629,327,322,621 
112	168,480,175,659,242,253,479,580,894,972 
113	336,371,14,191,282,234,316,481,638,98 
114	423,554,618,276,149,603,520,586,530,358 
115	797,950,336,351,117,255,279,198,204,154 
116	217,442,145,997,497,277,438,160,972,266 
117	972,233,890,97,565,797,438,578,855,461 
118	155,369,279,31,140,183,674,423,52,276 
119	216,272,217,660,340,442,107,925,666,369 
120	512,280,742,893,247,648,561,117,970,341 
121	314,45,280,741,336,303,265,204,272,919 
122	956,581,608,626,635,759,629,322,849,195 
123	759,635,11,626,641,399,642,688,1093,343 
124	122,666,613,272,30,925,266,6,419,234 
125	956,218,608,58,668,834,54,734,212,723 
126	956,218,834,377,723,854,58,471,615,126 
127	791,567,708,36,196,1172,904,376,757,543 
128	731,690,86,787,513,403,405,172,427,250 
129	89,580,21,191,201,204,424,52,371,565 
130	175,479,316,128,163,141,659,6,862,122 
131	250,86,591,59,802,189,516,992,403,733 
132	660,613,233,277,272,120,95,107,1003,391 
133	659,479,81,843,316,351,163,141,807,349 
134	950,432,354,1028,413,1004,129,203,1137,93 
135	140,802,106,799,59,77,20,336,259,694 
136	216,30,613,972,22,369,355,81,170,90 
137	163,925,862,168,6,807,660,864,141,150 
138	9,455,166,694,319,59,161,209,1031,825 
139	280,279,230,183,96,221,443,270,674,276 
140	329,168,4,163,660,925,438,807,277,265 
141	106,674,802,799,77,259,689,59,996,730 
142	543,34,56,648,1108,1052,1035,244,324,127 
143	20,469,247,259,765,852,561,17,774,228 
144	124,405,893,117,427,129,141,950,307,731 
145	660,549,329,140,272,925,340,666,163,107 
146	334,694,659,315,636,59,825,319,209,483 
147	950,263,266,84,843,336,141,117,168,911 
148	765,970,34,269,101,1052,1108,595,359,247 
149	431,220,237,578,145,580,461,527,687,554 
150	580,855,78,100,355,497,424,224,650,175 
151	451,512,4,117,950,140,151,893,129,742 
152	759,820,635,525,943,731,626,882,608,1116 
153	30,220,67,277,351,4,527,687,578,431 
154	230,650,145,199,35,424,862,79,565,224 
155	797,565,253,157,160,686,155,191,469,268 
156	151,140,659,438,479,163,480,481,580,122 
157	554,634,550,237,618,276,527,287,461,356 
158	742,561,970,774,512,465,783,1035,34,958 
159	279,14,21,224,277,186,438,183,4,555 
160	852,659,686,9,793,565,494,68,166,748 
161	129,843,117,447,1025,911,354,512,10,413 
162	163,168,160,151,580,35,807,855,925,351 
163	635,626,629,820,426,1093,1103,195,608,814 
164	279,155,19,191,220,31,497,100,249,424 
165	659,491,413,706,852,362,772,1042,1000,432 
166	469,659,802,106,98,9,799,748,852,320 
167	512,893,742,648,543,740,1035,427,1155,11 
168	648,893,56,970,269,765,783,101,127,567 
169	175,160,659,438,253,245,145,371,894,480 
170	279,140,183,1021,282,197,303,531,613,14 
171	956,218,608,58,668,834,615,734,54,322 
172	431,423,634,554,65,618,520,929,237,662 
173	155,314,230,201,38,627,216,855,186,639 
174	183,140,242,204,231,555,272,666,162,919 
175	797,52,789,855,100,249,89,131,16,98 
176	252,565,65,550,1090,686,680,932,469,237 
177	431,527,687,461,736,883,578,1003,356,900 
178	956,218,834,668,54,1057,962,1143,1178,153 
179	950,129,78,117,141,405,927,1025,881,294 
180	742,561,247,791,465,904,489,708,946,376 
181	141,128,480,613,78,163,659,452,245,320 
182	183,282,639,230,218,431,668,60,956,423 
183	20,59,9,47,455,694,1031,852,247,57 
184	249,168,253,191,78,972,329,424,122,175 
185	956,608,218,58,581,327,734,1057,834,621 
186	106,802,799,659,98,748,438,469,825,253 
187	442,972,565,580,35,424,245,79,659,894 
188	688,731,591,690,60,11,978,1151,86,787 
189	660,953,253,580,925,163,107,563,650,277 
190	217,30,145,479,894,160,163,497,997,35 
191	216,894,175,659,35,234,137,855,479,163 
192	802,20,59,469,77,47,995,748,636,315 
193	731,86,1151,612,250,59,189,20,101,733 
194	351,128,659,451,131,320,539,168,497,242 
195	166,748,9,454,1042,455,284,227,793,625 
196	14,204,168,497,972,220,531,442,555,199 
197	141,45,280,659,336,163,294,452,281,140 
198	431,550,618,634,237,554,65,252,806,586 
199	956,608,581,218,327,626,635,759,734,663 
200	391,265,355,580,30,660,565,329,659,79 
201	608,956,218,626,58,635,581,759,322,663 
202	106,799,20,59,259,893,247,334,101,405 
203	512,950,1025,447,1038,911,117,1028,893,648 
204	950,129,161,512,354,447,117,659,491,843 
205	141,294,320,659,281,163,1121,625,807,279 
206	591,250,86,690,335,516,172,1151,176,401 
207	280,997,282,953,31,220,497,890,107,438 
208	183,157,639,741,688,218,668,60,731,335 
209	660,279,120,140,272,95,107,340,925,563 
210	950,141,129,762,1121,927,281,659,300,881 
211	106,247,512,334,995,636,47,455,59,17 
212	659,242,128,452,141,279,163,140,131,145 
213	145,280,35,351,163,234,660,807,391,972 
214	634,56,554,680,269,806,423,416,113,512 
215	141,294,1121,281,659,666,1006,300,163,950 
216	451,512,950,117,447,1025,911,129,1028,360 
217	659,469,494,9,166,17,625,455,793,334 
218	431,834,854,218,723,956,423,1143,471,775 
219	244,36,489,567,757,1135,542,561,247,127 
220	117,447,129,843,1025,927,911,354,413,1028 
221	731,250,86,591,189,172,392,176,513,733 
222	660,216,265,272,120,340,925,107,497,151 
223	249,997,351,14,890,168,438,650,100,479 
224	659,452,355,137,748,98,686,469,424,494 
225	549,1003,660,687,272,107,95,527,736,120 
226	168,613,659,175,452,253,277,862,972,81 
227	157,862,855,497,277,371,21,204,19,122 
228	157,314,369,451,230,155,342,197,14,438 
229	674,47,259,730,258,662,240,32,292,106 
230	106,802,799,259,20,59,77,694,674,730 
231	799,77,469,9,47,748,455,730,674,334 
232	431,634,554,618,75,423,603,929,932,372 
233	106,59,777,334,469,455,294,57,893,731 
234	234,972,659,155,100,355,442,452,216,98 
235	802,970,106,648,56,958,359,34,440,1155 
236	659,452,175,128,163,14,494,625,972,424 
237	20,59,47,469,334,995,730,17,777,689 
238	648,34,912,958,765,1108,359,946,595,440 
239	201,191,277,186,862,578,363,145,890,79 
240	160,67,216,30,22,233,565,151,170,249 
241	543,970,648,742,341,893,1035,440,8,427 
242	950,843,659,100,681,170,494,762,141,625 
243	634,554,929,276,65,75,252,237,372,393 
244	759,635,426,820,1093,104,525,943,1103,1116 
245	218,58,668,834,615,608,377,54,1068,754 
246	151,531,277,231,217,479,855,14,89,894 
247	608,626,635,581,956,629,759,322,814,450 
248	950,927,1025,432,129,1028,354,10,1038,1004 
249	431,674,252,634,603,423,1043,578,730,32 
250	259,77,694,730,9,636,334,689,777,455 
251	106,802,799,59,20,694,47,689,334,788 
252	316,78,160,855,580,862,659,163,122,424 
253	659,442,438,480,285,175,452,249,255,170 
254	1021,378,639,741,80,39,60,218,668,688 
255	95,660,120,719,736,821,687,527,340,982 
256	17,20,166,334,777,694,995,852,315,825 
257	106,799,259,59,694,77,47,674,9,689 
258	660,329,580,997,925,107,163,972,563,242 
259	578,431,554,634,565,276,287,237,252,618 
260	378,342,204,38,1021,282,438,351,157,497 
261	423,634,674,75,276,603,65,520,929,397 
262	956,608,581,635,626,759,629,327,322,109 
263	431,423,674,554,276,929,75,65,475,603 
264	220,186,580,578,233,277,431,276,438,527 
265	802,20,259,59,694,77,674,469,730,334 
266	216,280,30,163,100,807,997,925,175,660 
267	231,96,193,80,218,668,688,60,58,926 
268	423,431,60,543,634,520,657,614,149,101 
269	336,282,19,98,880,199,252,240,565,578 
270	791,465,528,708,196,1172,904,376,757,517 
271	956,608,218,58,581,626,327,668,322,642 
272	218,58,956,608,60,926,591,1088,816,731 
273	218,668,834,431,854,58,377,816,718,926 
274	608,635,626,956,629,820,195,581,218,322 
275	660,202,279,925,340,163,272,563,14,419 
276	20,59,469,777,995,748,636,209,315,166 
277	512,742,893,740,247,237,543,357,765,341 
278	157,277,168,972,442,565,107,497,79,660 
279	316,442,650,355,862,285,424,497,855,659 
280	731,427,978,591,1151,8,250,690,513,759 
281	452,277,659,4,391,565,199,972,175,650 
282	423,431,634,614,554,75,794,618,1111,530 
283	279,351,613,479,249,659,862,580,253,162 
284	950,843,117,129,447,911,1025,584,927,1028 
285	431,423,634,252,929,276,662,520,906,292 
286	244,489,528,1172,979,783,970,765,1035,1108 
287	220,21,202,953,265,351,442,438,217,107 
288	956,608,581,635,626,759,629,322,327,15 
289	791,561,970,427,1151,904,86,893,244,1132 
290	336,438,481,216,234,972,285,862,747,580 
291	950,843,141,129,762,294,659,911,927,281 
292	218,668,956,58,377,926,834,471,751,54 
293	279,145,479,890,660,120,163,272,807,925 
294	731,250,759,978,591,403,427,513,86,1034 
295	950,303,117,843,355,452,203,512,447,911 
296	431,634,276,520,237,578,618,423,929,1043 
297	106,259,20,47,694,730,636,811,334,469 
298	45,279,183,451,980,497,797,555,277,266 
299	280,451,224,100,369,249,234,639,162,141 
300	431,423,276,554,603,75,358,929,614,48 
301	659,1042,161,777,802,319,570,454,487,315 
302	280,183,282,650,97,199,265,4,371,438 
303	1003,95,246,736,120,527,883,660,272,821 
304	163,168,253,89,145,807,862,141,925,67 
305	280,183,97,230,1021,21,94,197,27,527 
306	591,731,218,688,335,690,250,1088,472,86 
307	950,911,432,354,584,1004,1038,927,772,10 
308	145,497,151,89,233,855,997,461,94,953 
309	316,168,277,150,155,230,659,175,253,52 
310	308,72,168,98,659,175,452,355,371,245 
311	140,168,137,163,234,438,855,925,660,807 
312	145,217,249,151,14,442,168,230,199,451 
313	660,650,21,265,107,272,95,120,242,246 
314	950,198,843,129,117,911,141,1025,584,447 
315	626,635,608,581,956,629,759,322,814,450 
316	491,1042,995,764,362,413,802,284,706,793 
317	67,862,163,351,140,72,807,175,150,480 
318	660,249,391,894,107,35,272,340,925,120 
319	956,608,581,626,635,759,629,322,849,402 
320	659,253,106,438,320,442,481,802,825,842 
321	950,843,803,263,659,141,129,911,762,198 
322	96,38,140,1021,797,481,78,234,4,14 
323	659,748,452,6,894,469,825,842,625,245 
324	834,718,668,218,377,956,854,1143,471,1089 
325	78,163,145,452,351,659,151,14,807,141 
326	802,799,166,20,659,334,491,1042,483,937 
327	423,554,674,276,603,75,252,618,32,65 
328	802,106,259,674,47,730,689,20,636,77 
329	956,608,218,58,327,581,615,668,626,759 
330	78,469,252,9,191,806,799,782,797,578 
331	580,862,155,186,224,233,4,497,424,578 
332	423,431,634,65,662,276,554,252,929,259 
333	218,956,608,751,212,834,718,458,854,1178 
334	255,137,316,145,862,52,747,565,191,204 
335	802,106,20,59,77,455,995,825,47,209 
336	659,100,131,438,216,798,371,285,151,825 
337	731,591,250,86,1151,176,60,787,612,753 
338	950,1025,927,893,366,891,561,512,911,993 
339	378,423,674,60,543,657,520,101,431,614 
340	163,175,141,145,168,807,862,452,659,864 
341	106,802,799,175,659,748,825,469,20,303 
342	183,1021,639,741,688,731,60,218,335,591 
343	543,101,8,567,893,708,244,595,341,742 
344	591,472,86,690,335,189,513,392,992,176 
345	431,30,580,527,578,191,687,276,554,603 
346	980,218,668,956,58,834,926,60,377,854 
347	591,753,513,86,472,598,1151,172,176,189 
348	137,270,52,578,14,277,252,303,233,240 
349	956,218,608,58,581,1057,668,834,718,621 
350	218,668,591,731,690,926,663,458,60,642 
351	834,431,854,668,718,377,423,876,942,471 
352	202,277,890,442,217,199,797,351,391,272 
353	431,237,862,578,100,168,972,461,19,438 
354	249,355,442,234,480,22,531,217,35,424 
355	145,160,580,151,277,100,163,72,30,424 
356	956,218,834,608,668,1057,54,212,615,621 
357	218,58,608,926,816,688,615,458,54,60 
358	1085,10,584,129,1004,1038,770,772,1042,362 
359	220,230,997,351,233,19,107,660,565,391 
360	431,237,648,512,799,765,554,929,634,970 
361	431,512,357,792,269,893,416,554,1155,912 
362	465,791,946,36,528,489,904,742,542,260 
363	950,447,161,843,927,491,1085,512,487,772 
364	7,799,802,469,106,9,112,237,782,636 
365	17,275,455,793,995,227,334,284,319,777 
366	674,423,431,276,603,1043,32,634,520,730 
367	141,666,613,163,266,925,294,272,204,1121 
368	244,1132,36,774,783,1180,1082,339,440,740 
369	89,145,481,351,72,438,163,480,253,807 
370	992,753,250,731,612,1034,690,82,189,944 
371	141,245,163,160,479,659,294,281,807,162 
372	120,719,736,272,687,527,821,107,340,982 
373	543,34,740,431,283,958,634,149,1108,101 
374	155,280,1021,650,431,423,674,276,520,603 
375	549,660,650,216,797,35,231,107,160,199 
376	660,340,229,163,630,982,107,120,66,576 
377	431,634,520,237,618,423,929,578,65,372 
378	956,218,834,668,58,718,54,847,751,621 
379	431,554,276,252,520,674,258,237,578,662 
380	431,293,461,237,580,230,452,578,497,527 
381	279,140,438,217,266,155,145,245,555,424 
382	231,45,201,650,789,72,303,497,98,128 
383	218,668,956,834,58,854,718,926,212,54 
384	956,608,218,581,58,327,668,734,54,1178 
385	608,759,956,820,195,58,581,1116,250,870 
386	250,731,591,753,86,612,176,690,992,403 
387	423,431,634,554,65,276,603,258,578,475 
388	950,843,911,117,129,203,584,447,1028,141 
389	742,386,512,1082,489,413,1085,1123,765,994 
390	797,38,141,690,666,294,1121,591,731,513 
391	129,802,659,1121,106,881,950,105,825,281 
392	4,797,303,497,342,351,480,355,183,31 
393	659,748,336,842,106,294,825,625,802,281 
394	613,138,549,97,233,107,246,272,660,391 
395	659,230,106,98,802,16,748,469,799,371 
396	45,862,497,438,613,230,160,117,452,78 
397	469,659,310,9,438,355,748,852,686,128 
398	218,834,956,668,718,54,212,1057,942,885 
399	753,403,86,1151,598,472,172,690,1034,176 
400	38,140,293,96,155,531,234,342,497,191 
401	834,718,668,218,854,377,956,962,615,1143 
402	7,94,60,218,608,431,956,423,668,581 
403	423,431,634,65,929,554,258,475,614,794 
404	834,854,218,718,377,423,723,1178,942,212 
405	369,224,216,89,659,230,168,351,191,842 
406	591,86,250,753,992,427,403,690,598,688 
407	753,403,86,1151,472,690,172,189,133,176 
408	635,626,759,882,426,820,1103,195,399,814 
409	423,431,634,614,520,554,75,149,475,794 
410	431,237,554,423,475,618,252,258,393,765 
411	277,81,351,163,613,120,807,84,925,972 
412	252,554,237,292,586,532,578,1046,473,1026 
413	151,141,316,438,479,371,659,452,163,266 
414	106,259,730,77,59,47,20,689,32,1043 
415	543,765,970,34,912,423,283,431,269,149 
416	797,650,442,249,89,565,438,151,21,90 
417	20,59,259,469,334,17,730,777,674,689 
418	59,77,20,189,694,250,591,334,787,944 
419	431,423,634,520,554,527,603,614,618,1036 
420	591,513,86,612,690,598,172,189,176,133 
421	950,843,927,491,129,1004,772,911,432,117 
422	803,120,883,280,736,461,563,719,613,568 
423	635,759,626,426,629,195,882,608,1103,399 
424	72,4,141,175,294,279,479,6,659,129 
425	9,852,659,777,166,334,995,17,748,455 
426	95,246,1003,272,340,107,719,736,921,982 
427	1003,120,233,272,660,95,246,107,719,340 
428	100,479,175,266,497,894,163,14,128,424 
429	567,34,958,465,595,528,542,1052,101,765 
430	674,47,730,252,662,423,106,689,65,75 
431	843,84,145,950,216,351,175,128,203,659 
432	543,648,101,970,893,742,341,878,423,740 
433	4,855,145,249,199,371,997,100,168,19 
434	431,834,718,956,723,377,854,212,1143,734 
435	797,4,151,117,438,539,128,224,255,160 
436	245,659,216,438,145,277,163,862,798,972 
437	791,244,465,528,543,489,595,196,260,757 
438	432,772,911,1004,354,203,491,770,1000,706 
439	145,122,862,894,163,480,659,128,807,855 
440	674,431,252,554,75,65,258,799,662,603 
441	431,423,276,634,520,603,554,674,578,48 
442	30,442,160,531,890,122,202,997,220,151 
443	843,129,141,1025,927,584,294,1006,117,447 
444	731,250,516,335,86,591,690,189,688,472 
445	650,253,265,35,52,638,659,424,277,391 
446	431,423,834,218,276,854,520,668,634,1036 
447	635,626,759,882,1103,820,195,399,814,849 
448	431,423,674,634,520,276,554,149,929,475 
449	890,30,613,293,277,527,687,431,578,191 
450	659,45,285,128,140,112,249,469,494,625 
451	956,608,581,626,635,759,629,322,327,109 
452	447,1028,432,203,911,584,1004,1000,494,10 
453	413,447,852,802,777,970,354,740,275,782 
454	608,956,626,635,581,759,629,322,849,642 
455	659,452,494,613,843,803,72,279,90,894 
456	65,929,618,237,475,520,258,276,586,794 
457	956,608,218,581,58,626,642,615,849,718 
458	791,946,36,1132,196,489,595,542,260,904 
459	431,237,578,554,550,634,618,512,929,65 
460	140,84,481,843,452,122,494,279,203,30 
461	927,129,161,447,1025,1085,117,762,10,362 
462	802,20,59,47,334,777,636,17,748,674 
463	279,280,204,224,1021,367,488,674,77,106 
464	423,431,218,634,956,520,608,276,723,668 
465	247,783,244,802,1082,469,708,946,106,269 
466	183,96,140,342,1021,980,613,497,217,580 
467	659,613,351,253,452,798,320,479,163,277 
468	249,245,580,953,122,480,452,253,266,150 
469	777,334,748,161,275,319,491,20,566,315 
470	277,659,245,199,565,686,650,469,72,224 
471	843,168,539,950,862,494,659,203,316,263 
472	1028,447,911,432,93,494,1000,584,762,1038 
473	230,855,497,442,650,160,151,217,224,155 
474	806,578,550,932,586,292,532,240,662,237 
475	97,862,890,245,282,535,527,687,107,578 
476	731,591,86,1151,690,516,612,189,427,733 
477	431,527,578,736,883,687,461,356,565,287 
478	956,581,423,723,431,751,642,834,60,626 
479	659,81,277,245,150,494,140,972,279,163 
480	218,834,854,956,377,58,212,471,1178,577 
481	442,972,137,531,355,122,424,479,855,565 
482	543,101,8,893,978,341,970,648,567,36 
483	753,403,86,1151,472,598,189,172,133,176 
484	608,956,635,626,581,759,629,322,327,1011 
485	204,14,217,168,242,122,497,199,175,972 
486	634,423,276,520,618,578,603,929,65,237 
487	442,145,972,660,565,265,107,890,424,497 
488	469,650,686,9,565,438,155,659,852,79 
489	231,316,234,277,216,168,659,469,112,16 
490	149,550,648,237,258,662,393,276,1008,680 
491	218,58,668,608,834,615,377,754,723,847 
492	431,527,220,687,578,461,356,237,634,276 
493	659,168,452,163,494,81,78,277,35,807 
494	277,157,371,862,972,855,199,245,285,424 
495	950,1025,927,11,911,1102,307,584,769,994 
496	431,423,674,634,276,520,31,554,603,1043 
497	759,849,635,956,218,668,615,1057,490,327 
498	635,759,820,629,882,195,1093,1103,608,399 
499	554,634,65,618,806,578,929,662,276,258 
500	423,674,431,634,520,149,543,237,614,276 
501	635,626,629,1093,1103,426,820,195,399,608 
502	252,282,578,220,554,240,634,65,431,603 
503	666,925,163,862,141,894,272,807,229,168 
504	753,403,86,1151,690,598,472,189,1034,176 
505	970,742,648,708,1035,791,740,595,244,440 
506	4,512,89,336,431,303,480,237,371,41 
507	1028,447,432,203,911,494,1000,1038,413,584 
508	613,580,578,431,293,890,527,687,554,276 
509	613,293,220,549,107,272,246,660,687,1003 
510	648,56,1155,561,269,774,1108,34,416,431 
511	106,777,852,995,334,20,454,491,842,694 
512	431,237,799,554,929,634,578,276,65,512 
513	997,168,355,894,151,234,35,231,660,202 
514	843,255,203,494,1000,140,492,1105,1028,355 
515	956,608,218,581,626,635,759,327,58,734 
516	431,634,65,149,75,258,475,674,550,237 
517	7,21,627,268,303,578,204,32,565,89 
518	799,106,259,674,47,730,32,20,59,77 
519	543,8,567,1116,946,791,708,978,1052,970 
520	890,21,220,549,138,107,272,660,424,442 
521	862,199,424,145,565,155,245,107,442,270 
522	314,862,220,527,687,953,1003,246,293,497 
523	244,1132,528,708,904,946,542,1135,543,34 
524	543,101,970,341,8,893,1035,427,740,440 
525	277,613,531,249,479,170,369,81,659,245 
526	282,137,155,96,191,21,276,431,218,668 
527	431,634,554,603,520,929,252,358,674,258 
528	204,78,140,371,893,405,766,117,230,802 
529	431,276,423,451,520,674,603,634,1043,554 
530	953,14,230,21,199,19,217,972,442,168 
531	314,369,157,38,351,14,183,186,94,639 
532	329,217,163,145,925,479,660,807,253,199 
533	799,59,77,47,742,334,469,893,405,730 
534	927,129,911,1025,354,447,294,413,10,584 
535	843,1028,203,447,432,911,1000,494,1038,772 
536	431,634,149,520,554,794,618,530,358,527 
537	279,627,431,423,276,674,108,520,634,603 
538	303,141,151,183,162,100,479,666,181,163 
539	442,168,160,438,35,137,163,14,660,497 
540	247,904,512,757,158,1132,517,791,946,1172 
541	45,980,303,216,293,197,234,378,355,479 
542	635,759,626,1093,426,629,820,195,399,1116 
543	591,731,250,690,86,513,753,403,172,992 
544	423,431,634,674,65,276,149,929,603,148 
545	137,14,253,160,894,89,369,391,329,660 
546	855,145,217,14,151,953,497,150,160,199 
547	231,369,35,67,972,424,565,452,660,497 
548	282,431,218,423,668,956,520,276,834,60 
549	431,423,276,554,603,75,674,614,929,32 
550	431,634,276,554,603,674,578,75,32,618 
551	163,141,613,479,807,168,925,124,281,659 
552	282,431,423,276,520,108,634,603,554,578 
553	580,14,4,565,578,638,201,270,107,89 
554	447,927,354,129,432,762,10,770,141,93 
555	862,266,279,479,665,950,452,613,273,141 
556	137,14,369,30,67,424,894,855,565,953 
557	250,731,513,612,472,598,172,176,1151,189 
558	280,438,242,249,6,442,183,175,230,253 
559	168,89,438,217,277,253,163,424,137,452 
560	280,279,627,431,423,674,520,371,634,276 
561	635,956,626,759,581,629,820,322,1116,621 
562	512,431,151,237,349,97,461,452,539,1105 
563	608,956,581,635,626,759,629,218,322,668 
564	145,371,137,277,580,151,150,452,128,424 
565	469,275,106,455,764,995,334,454,494,799 
566	431,276,75,520,618,65,674,1043,237,358 
567	431,276,520,108,423,634,603,527,554,578 
568	469,799,455,852,166,315,659,694,636,161 
569	431,527,276,264,520,634,554,603,578,423 
570	890,220,249,21,497,442,107,217,438,660 
571	431,423,276,520,527,554,358,618,578,1111 
572	802,799,20,259,47,730,689,9,469,788 
573	659,168,320,494,7,798,310,972,35,747 
574	469,802,799,9,106,748,659,455,852,175 
575	137,183,19,21,245,216,953,639,277,527 
576	431,423,276,520,554,603,614,527,578,75 
577	255,480,972,230,580,497,84,650,224,22 
578	635,626,759,956,629,581,820,1116,322,882 
579	431,554,276,520,578,423,603,527,75,48 
580	217,67,168,163,479,438,329,807,6,925 
581	635,759,626,426,1093,629,195,1103,104,525 
582	742,341,774,543,783,465,648,101,339,708 
583	431,423,634,520,674,149,554,237,614,603 
584	423,431,854,834,668,956,1036,276,614,723 
585	650,997,199,497,797,855,265,21,202,282 
586	843,203,81,950,1028,494,1000,365,447,273 
587	660,163,666,340,272,419,630,807,563,229 
588	731,608,668,956,58,60,759,642,86,1061 
589	753,250,403,1151,262,598,189,172,133,176 
590	431,423,276,554,520,603,75,358,614,929 
591	950,843,129,531,117,803,911,141,659,447 
592	894,329,168,163,391,925,35,660,807,6 
593	423,431,554,276,65,674,929,614,475,578 
594	218,58,668,608,834,377,734,581,663,754 
595	950,512,742,161,469,247,129,413,354,802 
596	797,4,531,438,497,650,855,157,160,479 
597	280,371,242,96,438,31,277,30,266,151 
598	862,438,72,452,122,150,659,35,128,497 
599	950,442,659,843,242,141,589,129,762,162 
600	163,100,141,481,855,78,659,807,438,351 
601	218,956,668,58,60,834,816,377,212,854 
602	843,447,203,911,432,584,117,1038,1000,494 
603	494,852,413,1042,706,1000,284,447,227,1028 
604	140,145,894,163,151,137,997,424,807,391 
605	145,580,253,438,480,163,497,175,424,807 
606	431,554,634,578,252,618,237,550,603,586 
607	759,731,608,250,820,690,343,399,86,956 
608	608,956,581,635,626,759,629,218,322,195 
609	20,59,259,47,455,995,777,748,17,730 
610	660,249,95,120,272,535,107,340,925,246 
611	218,608,668,956,58,591,343,642,820,731 
612	634,554,929,75,276,149,586,532,292,372 
613	316,78,4,199,580,565,638,21,452,191 
614	543,912,34,283,423,56,958,1052,765,742 
615	608,956,218,58,668,626,327,642,751,322 
616	608,956,581,635,626,629,759,327,218,914 
617	151,160,894,660,163,925,272,807,120,497 
618	31,221,451,279,155,431,191,19,520,237 
619	423,634,554,276,618,149,603,65,674,614 
620	277,369,137,160,424,479,855,151,100,199 
621	659,6,140,160,151,351,141,452,479,163 
622	635,626,956,629,581,759,814,820,1093,218 
623	650,265,660,95,1003,272,120,246,107,736 
624	202,137,531,660,890,479,355,272,972,265 
625	168,160,953,122,442,220,797,14,855,565 
626	531,231,145,168,890,272,660,438,329,972 
627	168,660,329,202,549,253,163,925,497,972 
628	618,1046,237,680,929,578,473,932,532,1176 
629	168,613,231,122,479,266,972,803,84,245 
630	183,1021,443,741,218,668,731,335,688,516 
631	956,608,581,218,626,635,759,58,1057,751 
632	956,608,581,626,635,218,327,759,629,642 
633	140,45,94,191,52,237,431,21,789,578 
634	336,141,145,659,128,280,351,843,163,81 
635	280,122,479,253,163,481,807,35,316,855 
636	972,442,531,580,216,565,155,659,79,220 
637	60,642,218,1116,626,974,668,399,978,343 
638	329,862,4,163,660,479,925,807,175,217 
639	481,124,405,150,141,539,45,117,151,129 
640	759,635,8,1093,978,626,426,104,1116,427 
641	155,137,431,423,674,276,371,603,520,1043 
642	336,950,589,279,665,131,117,659,170,242 
643	431,31,527,578,613,276,216,687,554,603 
644	431,423,554,520,603,75,618,929,527,1111 
645	431,276,423,520,603,634,674,578,554,1043 
646	992,250,403,513,820,525,195,943,612,262 
647	423,431,639,276,520,614,634,674,603,48 
648	218,956,58,377,854,718,471,1178,577,926 
649	431,550,554,65,237,252,806,929,1046,932 
650	992,753,403,86,1151,1034,82,427,262,172 
651	106,543,799,774,101,36,783,745,77,1035 
652	950,129,141,1025,117,294,1006,911,584,405 
653	282,183,155,1021,230,221,191,270,688,276 
654	427,731,893,978,690,591,688,403,1034,944 
655	608,956,635,626,581,759,629,322,849,1093 
656	431,423,276,520,1036,527,834,603,854,554 
657	351,137,442,531,479,151,234,217,355,100 
658	742,774,904,783,893,376,648,708,740,1180 
659	925,340,163,272,419,666,563,630,921,807 
660	21,157,220,265,19,660,107,272,424,199 
661	294,950,141,403,300,927,405,1006,994,86 
662	956,608,218,58,581,327,626,635,322,642 
663	431,423,634,520,554,614,475,75,237,674 
664	244,567,708,528,1172,196,904,376,757,979 
665	608,626,635,956,581,759,629,322,814,58 
666	950,843,141,659,762,281,294,129,911,625 
667	431,237,220,100,282,461,578,527,170,972 
668	218,668,718,54,377,854,58,577,723,962 
669	218,58,668,834,608,377,1057,723,581,663 
670	218,956,668,615,751,54,816,126,1178,723 
671	608,635,820,629,956,626,195,581,525,322 
672	163,141,336,613,864,807,253,659,181,281 
673	660,249,890,369,14,145,107,329,35,272 
674	686,852,659,9,565,748,455,494,361,457 
675	218,668,956,58,834,54,926,471,962,816 
676	802,799,774,777,1180,745,904,512,455,852 
677	431,276,108,423,520,603,634,578,554,1043 
678	852,166,950,748,9,275,454,413,362,494 
679	216,369,265,220,145,660,107,424,972,272 
680	451,797,282,789,150,131,124,766,266,175 
681	802,106,799,259,59,674,730,689,636,32 
682	742,20,59,777,57,455,446,636,17,439 
683	925,138,660,163,340,272,666,419,107,807 
684	956,218,834,668,58,377,615,212,471,663 
685	635,759,626,1093,629,882,195,1103,1116,399 
686	890,650,220,549,138,157,660,107,272,535 
687	802,799,748,694,469,9,455,659,334,825 
688	155,221,674,159,431,423,520,237,543,101 
689	216,100,277,150,659,78,862,35,242,855 
690	120,95,272,340,925,107,921,1003,563,666 
691	465,567,904,791,1132,376,528,196,757,765 
692	1003,95,660,120,272,246,719,107,736,687 
693	731,591,250,690,86,1151,172,1034,335,787 
694	451,314,512,431,1021,237,648,186,878,893 
695	155,855,277,224,442,580,72,424,497,972 
696	249,217,137,355,497,231,272,391,894,100 
697	797,442,890,565,30,67,438,107,285,90 
698	244,489,36,528,567,946,376,757,979,1108 
699	659,469,748,106,802,9,799,825,17,166 
700	570,362,1085,487,9,1188,17,1127,927,995 
701	834,218,668,54,718,377,615,58,847,962 
702	893,512,742,561,341,247,543,878,8,405 
703	427,8,978,543,893,101,366,759,833,970 
704	84,279,369,231,494,90,843,659,285,216 
705	280,221,674,52,431,276,423,1043,603,520 
706	608,626,635,956,581,629,759,322,814,109 
707	591,731,612,690,472,598,172,176,1151,262 
708	591,731,753,86,690,1151,612,172,176,262 
709	608,956,581,635,626,327,759,629,218,1057 
710	578,276,618,603,527,252,287,358,423,237 
711	216,660,277,249,220,272,107,120,160,972 
712	731,591,86,753,690,1151,403,612,172,176 
713	480,168,89,163,280,140,807,175,72,35 
714	843,950,452,531,145,862,659,280,154,128 
715	140,451,230,197,650,94,255,151,168,797 
716	799,20,455,748,334,777,995,259,659,825 
717	843,145,203,494,1000,242,120,1028,950,563 
718	1003,145,120,736,883,719,687,272,527,95 
719	591,86,612,262,598,172,472,690,1034,944 
720	753,86,472,690,598,189,1151,172,262,176 
721	543,740,912,431,765,634,269,1052,149,792 
722	423,520,603,75,618,578,929,1043,252,48 
723	218,58,668,608,834,377,615,734,581,723 
724	753,992,86,403,1151,690,598,172,189,1034 
725	431,38,578,554,224,613,634,276,237,603 
726	438,285,660,160,107,972,163,351,659,79 
727	635,626,759,629,820,426,1093,882,195,1103 
728	659,469,491,852,413,161,777,843,17,362 
729	950,843,303,141,129,659,911,762,154,294 
730	431,554,276,520,674,603,929,1043,237,65 
731	431,550,618,237,65,252,586,929,1046,806 
732	659,175,950,843,131,494,141,625,281,762 
733	423,65,149,662,393,75,252,680,520,1176 
734	608,956,581,635,626,759,629,218,322,1093 
735	591,731,86,690,403,598,1151,176,472,172 
736	230,279,431,237,554,512,634,520,276,648 
737	950,843,129,911,141,117,1025,927,447,584 
738	635,626,629,820,608,426,882,1093,814,581 
739	512,742,950,117,161,447,354,413,927,774 
740	423,634,431,674,614,520,65,475,258,794 
741	89,151,168,972,371,97,438,555,480,217 
742	438,128,231,160,316,659,798,479,452,14 
743	613,659,245,141,163,181,894,855,807,145 
744	950,198,129,141,843,117,659,294,911,762 
745	249,199,168,145,277,862,650,424,355,72 
746	4,890,277,660,265,497,272,797,138,107 
747	282,218,668,431,834,854,423,276,956,520 
748	280,231,862,438,266,580,497,162,72,141 
749	351,438,234,277,89,497,199,151,972,253 
750	218,956,854,58,926,816,471,923,212,718 
751	163,145,862,480,807,216,351,316,925,22 
752	635,626,759,820,426,1093,882,608,195,1103 
753	980,280,218,668,956,58,926,60,834,377 
754	100,168,150,266,163,894,141,67,807,371 
755	141,371,253,659,438,294,14,163,479,842 
756	567,101,8,595,528,427,708,244,36,978 
757	608,626,759,629,956,581,820,814,322,58 
758	802,106,20,59,259,77,334,9,636,455 
759	431,634,149,794,475,520,554,740,912,618 
760	650,216,660,19,249,107,272,14,120,95 
761	491,362,1042,570,772,1004,487,706,659,911 
762	659,413,911,447,1028,762,432,129,494,491 
763	181,175,78,128,659,316,141,855,253,266 
764	650,265,660,535,272,107,95,120,1003,246 
765	635,626,759,608,581,956,629,1116,343,177 
766	591,86,612,472,598,1151,690,133,172,392 
767	608,635,626,759,956,629,581,820,1116,399 
768	218,956,834,668,58,377,718,615,723,1178 
769	282,613,165,674,276,1043,578,237,32,431 
770	802,799,20,77,694,730,334,689,9,788 
771	674,423,259,730,689,106,32,276,603,77 
772	512,45,237,431,349,154,648,160,94,589 
773	431,423,276,618,75,929,65,674,252,1043 
774	431,276,75,618,674,520,149,578,1043,475 
775	797,22,151,100,255,565,67,461,90,747 
776	269,792,774,283,561,465,359,431,783,324 
777	100,245,659,253,163,894,128,141,807,480 
778	956,608,218,58,581,327,668,615,377,751 
779	956,608,626,581,218,635,327,58,759,751 
780	1003,853,776,1051,569,471,1057,218,668,734 
781	925,340,272,563,120,419,921,666,107,630 
782	956,218,608,58,581,668,1057,615,621,212 
783	608,956,581,635,626,759,629,218,327,399 
784	413,659,491,354,1042,129,911,570,432,927 
785	950,129,117,512,354,405,161,881,659,1025 
786	442,351,231,580,263,203,279,843,81,890 
787	218,608,668,58,956,663,690,343,926,212 
788	791,244,708,36,196,1172,595,376,757,543 
789	181,950,141,131,405,294,129,117,1006,881 
790	953,220,687,527,1003,660,107,736,272,95 
791	431,423,554,603,614,75,149,618,929,1043 
792	67,220,216,890,245,997,565,107,201,638 
793	100,137,972,438,255,497,151,890,22,747 
794	67,89,972,122,438,100,14,22,202,480 
795	802,20,77,334,9,469,730,636,455,748 
796	956,608,581,218,626,635,327,759,629,126 
797	543,101,893,427,8,341,978,1035,765,742 
798	956,608,626,635,759,581,218,58,327,751 
799	834,54,615,668,734,718,377,58,723,776 
800	635,759,629,608,1093,820,195,426,399,882 
801	479,141,168,862,452,163,659,279,807,81 
802	431,423,276,634,520,554,674,603,1043,237 
803	980,218,668,956,58,60,608,926,816,834 
804	14,659,216,231,168,442,371,285,52,894 
805	14,4,277,217,497,89,199,424,555,97 
806	731,591,690,250,1088,218,668,172,58,1151 
807	674,259,799,802,730,689,20,77,32,1043 
808	431,65,149,662,618,475,75,292,532,648 
809	250,591,731,86,690,992,176,403,612,58 
810	293,45,659,336,766,224,106,802,825,141 
811	157,60,218,608,688,731,974,668,956,58 
812	265,531,145,660,277,231,168,272,220,35 
813	431,423,276,520,527,554,218,668,834,1036 
814	950,447,432,911,203,927,354,1004,770,772 
815	660,216,329,4,163,391,925,217,272,807 
816	431,423,634,520,149,276,614,554,237,674 
817	531,442,855,371,972,137,479,157,242,266 
818	431,423,554,520,603,75,674,48,358,149 
819	431,423,276,520,618,578,929,237,48,527 
820	469,659,224,9,308,160,852,531,686,175 
821	250,612,591,598,189,1151,690,753,106,133 
822	431,423,634,520,224,276,674,554,603,237 
823	95,120,719,687,107,527,340,736,982,821 
824	218,668,956,377,854,54,734,471,723,1178 
825	608,956,626,635,581,759,629,218,58,1116 
826	591,250,86,513,690,403,612,172,598,189 
827	997,242,650,442,797,202,107,972,19,272 
828	431,634,65,554,618,258,603,929,520,530 
829	45,21,862,220,855,371,186,204,122,224 
830	423,431,276,554,75,65,149,929,1043,148 
831	431,423,634,276,520,108,674,554,603,237 
832	218,668,834,854,431,956,377,718,58,816 
833	956,581,635,626,629,759,322,327,15,1011 
834	431,648,634,56,65,740,543,618,912,416 
835	431,423,634,554,520,75,149,65,929,1043 
836	635,759,626,426,1093,820,1103,195,399,1116 
837	591,250,86,612,992,472,598,176,335,1151 
838	742,247,970,341,101,765,8,427,440,708 
839	956,608,581,626,635,759,629,849,322,1011 
840	1003,660,95,272,107,687,527,120,736,719 
841	145,369,249,151,220,157,272,234,14,660 
842	956,608,581,635,626,759,58,621,399,177 
843	157,233,138,660,272,107,1003,120,687,95 
844	145,613,168,351,481,266,452,894,30,807 
845	580,160,438,855,217,67,163,452,72,231 
846	431,634,276,423,520,603,578,618,358,237 
847	168,531,613,124,452,245,438,170,128,266 
848	862,270,890,265,277,578,107,199,687,497 
849	280,245,279,613,140,452,163,128,253,807 
850	634,423,618,65,603,276,929,258,358,372 
851	447,1028,203,432,911,1000,1038,494,584,772 
852	567,708,946,36,34,465,528,742,1132,1172 
853	613,972,22,481,438,803,659,953,494,122 
854	759,635,626,195,1093,1116,629,525,870,8 
855	956,218,608,58,668,615,327,734,212,621 
856	423,634,520,75,1036,614,358,578,530,527 
857	244,1132,567,946,904,1172,260,1135,920,1180 
858	252,65,618,578,237,932,586,292,532,662 
859	218,834,668,956,854,377,615,577,1178,942 
860	423,674,75,554,276,662,252,603,149,929 
861	218,668,58,956,688,926,591,1088,608,816 
862	843,659,531,175,84,150,494,950,253,360 
863	834,668,377,854,54,956,577,212,775,1089 
864	280,512,351,216,539,431,160,461,890,452 
865	635,626,629,608,820,1093,581,426,814,882 
866	45,72,224,155,438,316,303,659,277,349 
867	282,183,369,431,193,423,520,218,276,668 
868	277,145,151,120,272,21,1003,660,138,391 
869	635,626,956,759,581,629,322,814,195,914 
870	791,244,708,36,489,1172,542,376,1135,920 
871	567,791,946,36,465,528,1132,34,196,376 
872	950,927,129,843,354,294,762,447,911,117 
873	608,759,635,956,820,629,626,195,1116,849 
874	279,45,31,230,97,197,650,855,191,220 
875	234,217,230,282,89,122,199,479,151,451 
876	431,423,96,634,520,149,614,218,956,276 
877	60,688,731,978,591,218,11,974,608,427 
878	369,797,168,151,202,234,14,89,220,100 
879	249,531,355,479,100,231,137,890,894,369 
880	956,218,608,58,668,615,327,626,54,759 
881	554,634,276,423,520,603,578,237,674,48 
882	431,423,276,674,603,520,554,614,1043,578 
883	100,659,950,141,294,281,129,762,625,843 
884	140,329,168,660,202,925,163,497,138,272 
885	591,86,753,992,472,598,189,1151,172,715 
886	797,438,150,282,230,249,128,175,442,151 
887	843,659,762,129,141,911,413,281,625,494 
888	731,802,799,893,591,86,77,688,250,787 
889	279,19,201,351,204,199,277,451,100,424 
890	1021,639,423,218,60,731,608,974,668,956 
891	279,140,369,371,351,799,41,802,106,674 
892	431,423,634,554,75,618,520,929,662,614 
893	351,137,168,242,253,369,316,6,659,862 
894	635,626,629,820,426,882,1093,608,1103,195 
895	218,834,58,668,608,377,615,718,1143,327 
896	168,160,862,163,479,438,807,6,35,659 
897	14,580,221,578,191,862,107,245,821,565 
898	221,431,423,276,464,520,634,603,614,218 
899	140,950,84,665,117,452,145,497,369,843 
900	668,718,431,615,962,212,1089,734,471,58 
901	282,378,280,94,60,204,431,87,423,520 
902	659,280,181,253,452,145,277,242,81,803 
903	759,820,635,731,426,525,608,250,753,992 
904	469,802,20,995,852,334,694,777,315,825 
905	216,21,265,220,145,19,660,107,972,351 
906	45,224,157,14,72,862,249,96,479,150 
907	802,742,469,9,161,995,852,334,455,950 
908	753,403,86,472,1151,690,262,172,133,1034 
909	635,626,759,608,629,581,956,820,1093,814 
910	950,659,129,911,762,413,447,141,354,432 
911	244,708,946,904,196,1172,1135,757,742,386 
912	431,765,740,970,742,929,149,56,554,662 
913	798,659,539,141,953,316,843,163,22,665 
914	731,591,86,688,427,1151,787,106,189,172 
915	950,843,659,447,413,491,911,129,354,432 
916	442,277,438,972,242,497,452,22,217,122 
917	191,438,249,201,277,855,580,638,424,497 
918	531,217,145,160,894,202,660,272,35,231 
919	431,423,554,276,75,618,929,149,237,258 
920	45,141,150,280,950,145,843,659,162,279 
921	802,799,106,674,259,77,59,20,689,47 
922	14,216,249,220,797,565,107,497,660,122 
923	608,218,58,581,327,1057,734,635,663,1178 
924	950,247,927,742,561,354,447,413,1025,893 
925	280,155,31,137,183,980,270,342,674,276 
926	618,554,578,932,586,680,532,292,237,372 
927	512,648,893,101,970,431,11,740,1035,357 
928	791,543,946,708,489,196,36,757,1172,260 
929	635,759,626,426,1093,629,195,104,399,525 
930	431,554,578,634,618,237,252,603,287,520 
931	753,250,86,472,1151,690,189,172,133,1034 
932	38,191,277,282,216,168,21,308,79,253 
933	140,314,799,802,106,237,382,742,674,512 
934	591,513,86,612,690,598,172,189,1151,176 
935	753,250,86,1151,262,172,472,189,1034,176 
936	20,334,455,161,259,636,77,47,748,483 
937	249,145,217,89,277,438,497,14,128,150 
938	231,953,122,277,160,217,137,150,253,266 
939	659,438,452,481,100,150,494,14,35,894 
940	218,668,956,854,377,58,718,54,577,505 
941	100,150,163,580,894,253,807,141,6,277 
942	7,378,431,423,218,956,520,668,634,276 
943	31,230,155,96,431,423,520,276,634,603 
944	431,554,423,252,618,603,520,906,1043,358 
945	799,259,106,674,47,20,59,77,1043,636 
946	423,674,276,634,603,614,520,1043,48,1036 
947	950,349,129,141,589,405,117,881,294,279 
948	20,694,166,995,334,825,852,842,315,777 
949	834,218,668,854,377,58,718,54,962,734 
950	431,218,668,834,854,423,276,377,956,718 
951	731,802,893,688,690,405,427,106,250,189 
952	1028,93,911,141,203,762,447,432,129,659 
953	220,14,578,199,216,52,638,565,438,145 
954	282,280,218,668,956,58,431,834,854,60 
955	157,282,221,27,218,668,956,431,60,58 
956	797,277,168,890,202,217,438,151,234,650 
957	216,245,242,100,479,22,890,481,438,452 
958	122,141,855,163,78,479,438,864,862,659 
959	253,659,14,231,452,128,145,155,224,497 
960	956,834,668,58,377,615,54,734,723,1068 
961	894,145,160,163,253,277,807,660,351,137 
962	431,578,554,634,276,603,287,687,48,618 
963	279,45,183,336,639,197,342,862,19,555 
964	183,280,1021,157,369,45,197,19,688,52 
965	742,799,512,802,893,970,765,237,106,648 
966	231,451,45,369,183,797,14,100,97,650 
967	927,447,1025,117,584,354,10,432,1028,413 
968	992,591,86,1151,172,690,189,1034,472,133 
969	168,797,480,120,613,568,89,563,497,272 
970	145,216,163,137,329,580,659,122,6,30 
971	648,269,1108,543,912,512,283,359,324,196 
972	834,218,668,854,956,58,577,962,1057,942 
973	911,1028,447,141,129,93,762,432,203,659 
974	431,423,634,520,276,554,603,527,614,218 
975	956,218,834,668,718,723,962,1178,734,885 
976	218,956,668,834,58,854,54,608,1057,926 
977	742,561,774,543,904,765,792,359,489,283 
978	442,140,480,81,613,202,120,35,329,563 
979	279,140,314,183,221,650,94,191,342,80 
980	843,950,798,141,1028,93,203,911,659,762 
981	218,668,956,58,615,834,54,926,751,754 
982	648,893,247,970,774,357,1155,341,237,269 
983	431,423,276,96,674,520,634,603,554,1043 
984	578,431,97,165,554,220,237,634,252,276 
985	431,276,423,603,520,634,554,48,1043,674 
986	843,203,145,950,1028,120,1000,497,91,494 
987	431,237,220,578,21,89,461,527,972,191 
988	279,45,137,862,481,217,89,497,150,242 
989	141,294,950,129,659,405,762,881,281,1121 
990	442,371,72,580,855,175,242,14,245,972 
991	1021,193,218,668,956,58,60,608,688,731 
992	635,608,759,629,581,956,814,820,399,109 
993	659,613,131,798,141,294,842,281,625,242 
994	145,277,442,890,217,497,220,479,391,660 
995	512,893,742,117,561,950,341,405,648,129 
996	155,199,216,245,249,79,789,168,277,316 
997	431,423,634,276,520,674,31,554,603,237 
998	431,423,634,276,75,618,603,929,530,372 
999	78,204,481,38,355,438,342,766,405,117 
1000	145,580,163,67,351,175,807,452,329,128 
1001	231,30,293,19,122,265,201,497,997,277 
1002	549,660,138,272,120,231,107,479,95,972 
1003	354,911,1028,1038,772,10,1025,129,491,706 
1004	438,224,855,14,124,151,266,659,230,479 
1005	355,217,137,479,894,277,163,424,272,231 
1006	163,925,660,151,807,666,272,630,340,563 
1007	431,634,554,237,276,423,65,618,520,674 
1008	591,731,86,992,612,598,472,172,176,335 
1009	218,668,58,854,608,718,926,471,751,775 
1010	890,202,997,245,14,282,168,221,249,107 
1011	218,956,668,834,58,377,718,734,723,942 
1012	157,314,282,155,201,336,31,1021,14,220 
1013	431,276,520,527,634,423,554,603,358,48 
1014	250,731,86,690,1151,472,598,172,189,262 
1015	438,355,100,855,253,151,497,67,199,175 
1016	1003,246,527,687,120,719,272,736,95,883 
1017	731,802,591,86,1151,59,799,688,516,513 
1018	8,427,978,543,101,893,833,683,943,1034 
1019	280,855,242,249,89,217,497,137,224,141 
1020	950,413,354,432,129,491,1028,772,362,659 
1021	157,277,97,438,145,4,797,89,78,497 
1022	45,4,266,242,442,438,855,378,72,342 
1023	731,86,612,1151,516,513,598,992,753,802 
1024	883,736,1003,461,719,900,203,396,563,568 
1025	950,803,843,141,911,117,203,129,659,266 
1026	648,512,543,742,893,101,765,792,416,912 
1027	106,20,259,59,742,77,636,543,730,469 
1028	950,843,803,681,659,242,911,1028,203,447 
1029	799,77,259,731,57,745,446,992,250,774 
1030	451,96,193,980,314,11,641,688,60,759 
1031	234,613,253,747,481,494,492,565,564,154 
1032	950,203,1028,447,911,432,494,1000,93,584 
1033	591,731,86,690,513,753,992,172,403,978 
1034	221,369,423,674,614,520,431,799,657,60 
1035	140,175,659,168,128,539,479,665,277,320 
1036	674,351,799,97,32,1043,106,730,276,802 
1037	451,280,204,279,369,198,117,336,405,893 
1038	231,249,265,660,272,145,107,120,217,168 
1039	731,591,86,1151,403,427,1034,82,978,262 
1040	145,21,282,855,972,438,424,442,997,122 
1041	635,608,629,759,581,956,814,820,195,450 
1042	431,276,554,237,520,578,634,674,603,1043 
1043	731,591,250,513,992,403,612,176,172,1151 
1044	956,608,218,581,58,327,626,1057,377,849 
1045	181,659,151,249,438,128,320,145,162,855 
1046	276,423,634,554,520,603,578,674,48,237 
1047	431,603,554,674,75,520,1043,578,48,65 
1048	38,94,237,431,578,862,168,204,627,78 
1049	282,137,369,431,627,218,423,668,276,520 
1050	799,9,694,748,59,455,77,259,995,17 
1051	145,140,479,122,351,803,249,150,22,539 
1052	469,247,561,1031,783,77,57,937,47,319 
1053	427,86,591,1151,753,82,341,405,8,189 
1054	224,802,106,351,799,137,100,216,627,855 
1055	145,163,175,150,479,438,807,329,128,277 
1056	635,759,608,629,581,956,820,1093,322,450 
1057	218,956,834,377,718,854,54,615,734,1089 
1058	280,369,155,279,378,371,431,276,674,520 
1059	950,843,681,129,78,659,117,447,911,84 
1060	247,446,783,1180,1135,260,517,979,542,595 
1061	282,155,201,186,27,423,431,276,218,674 
1062	355,168,479,660,35,890,202,163,272,972 
1063	956,608,218,581,327,626,635,58,1057,814 
1064	355,277,894,35,972,78,199,391,67,659 
1065	413,469,852,454,1042,17,494,161,570,166 
1066	431,634,674,276,603,520,1043,578,48,32 
1067	659,843,531,950,175,154,150,681,145,285 
1068	145,242,438,163,452,953,100,659,128,6 
1069	803,216,81,580,279,84,843,253,438,659 
1070	580,145,371,220,191,972,21,19,531,78 
1071	276,554,634,520,423,603,578,237,674,48 
1072	431,554,276,75,603,520,65,618,258,578 
1073	659,447,494,491,432,911,1028,1000,706,772 
1074	279,45,451,96,224,201,197,100,220,21 
1075	543,893,101,341,742,970,648,740,878,127 
1076	218,834,58,377,926,212,577,775,471,458 
1077	218,668,58,591,608,731,1088,690,663,54 
1078	608,626,629,581,759,956,814,322,327,1116 
1079	659,469,480,494,852,249,166,748,625,491 
1080	145,220,890,30,282,202,233,424,191,797 
1081	438,234,100,253,137,151,78,72,659,371 
1082	608,956,759,635,626,581,218,58,814,343 
1083	431,668,218,834,276,520,718,377,423,854 
1084	626,608,759,581,956,629,814,849,1116,109 
1085	635,759,626,882,820,195,629,1103,104,399 
1086	956,218,608,581,1057,734,58,834,668,751 
1087	431,554,276,75,520,65,603,252,237,258 
1088	336,78,141,613,480,659,162,438,855,217 
1089	1021,218,668,688,60,58,956,591,731,608 
1090	431,423,634,276,520,554,603,358,75,614 
1091	431,423,276,520,554,674,618,929,1043,237 
1092	230,442,204,371,855,160,497,224,452,316 
1093	608,956,635,626,759,581,629,849,218,668 
1094	855,217,953,650,497,371,67,242,21,442 
1095	843,950,360,263,273,659,494,203,365,277 
1096	280,797,216,242,442,145,128,479,183,197 
1097	956,608,218,581,327,58,626,635,734,642 
1098	431,634,554,276,520,603,618,578,48,149 
1099	293,266,862,371,175,145,438,452,117,589 
1100	759,635,626,195,1093,849,343,426,313,870 
1101	431,578,554,108,237,634,276,618,603,520 
1102	753,250,86,472,690,1151,262,172,133,392 
1103	659,279,175,277,100,145,494,972,798,310 
1104	731,591,250,86,690,1151,513,753,172,335 
1105	659,748,469,106,802,9,825,842,112,17 
1106	431,276,634,554,520,578,674,1043,48,618 
1107	893,427,561,82,1025,513,129,366,992,117 
1108	635,626,629,820,426,1093,1103,195,608,814 
1109	431,276,520,423,634,554,603,237,578,527 
1110	731,591,427,1151,86,978,690,787,403,612 
1111	218,668,956,854,718,723,212,471,816,615 
1112	218,668,956,718,54,58,505,471,962,212 
1113	218,956,668,58,834,608,54,926,816,458 
1114	431,674,634,276,423,252,75,578,32,730 
1115	431,423,634,520,276,614,603,929,475,237 
1116	280,279,266,96,342,855,862,145,798,117 
1117	221,423,431,614,286,520,674,634,276,603 
1118	634,423,276,603,520,578,618,929,48,1043 
1119	791,465,528,946,196,904,757,376,979,543 
1120	978,8,427,759,943,399,608,343,366,195 
1121	431,634,554,276,149,674,603,520,614,530 
1122	742,893,648,561,543,247,341,970,1035,904 
1123	220,14,371,303,578,855,431,276,265,527 
1124	218,608,58,668,615,327,377,663,212,1068 
1125	316,798,659,160,242,371,141,452,266,497 
1126	168,480,163,280,803,807,481,81,452,35 
1127	218,58,668,834,377,615,608,734,663,723 
1128	731,427,591,1151,978,690,86,688,513,787 
1129	282,155,378,431,423,19,520,218,276,614 
