0	1009,283,300,500,219,1101,143,1039,579,153 
1	64,4,828,580,187,111,53,264,401,43 
2	186,361,5,275,441,68,311,39,249,483 
3	1423,832,101,26,37,114,344,16,906,56 
4	610,377,35,742,267,216,577,465,420,42 
5	234,68,160,97,11,185,541,18,310,587 
6	132,767,492,415,695,689,563,1044,1061,630 
7	754,342,40,45,705,348,4,103,92,44 
8	151,124,253,12,125,311,1173,185,115,58 
9	574,233,1066,745,756,963,295,335,790,22 
10	66,103,250,85,142,159,390,8,487,32 
11	103,108,185,390,325,541,125,124,522,395 
12	40,68,159,804,32,390,107,382,186,11 
13	64,828,521,44,24,173,43,584,355,755 
14	276,195,410,545,289,82,1235,126,23,839 
15	217,4,608,109,357,317,405,377,13,651 
16	215,185,68,160,253,53,432,429,742,151 
17	116,267,319,197,4,651,608,335,832,790 
18	984,826,56,109,1211,906,233,293,217,628 
19	43,65,941,901,62,433,743,951,82,499 
20	335,225,127,580,87,20,45,154,577,745 
21	65,422,173,87,448,96,813,566,539,507 
22	441,29,475,8,660,5,228,185,68,267 
23	289,458,448,335,60,31,592,138,914,473 
24	295,317,624,289,307,521,288,74,627,127 
25	494,78,56,959,630,217,784,318,159,1044 
26	135,448,82,31,157,426,519,219,412,616 
27	420,249,37,293,267,150,235,232,361,70 
28	42,220,180,322,415,630,206,565,319,57 
29	4,377,357,480,37,745,197,342,127,577 
30	68,706,18,58,660,234,39,11,310,266 
31	896,528,206,155,495,682,1027,217,935,906 
32	448,289,307,24,66,519,138,189,276,412 
33	29,122,18,488,742,716,659,581,797,706 
34	370,534,577,48,342,213,267,365,338,716 
35	49,217,27,633,598,62,932,568,93,704 
36	53,222,570,224,754,847,491,601,365,705 
37	839,448,43,36,656,143,712,157,205,1193 
38	43,53,106,157,186,431,67,580,142,76 
39	166,462,941,712,539,569,302,690,458,1431 
40	97,11,12,522,541,185,8,266,1173,310 
41	45,108,365,44,456,491,264,624,627,8 
42	53,24,173,51,491,894,264,601,295,215 
43	627,429,222,366,53,4,754,790,570,164 
44	74,422,542,187,20,127,608,178,154,335 
45	992,146,539,566,1328,269,1041,1160,433,901 
46	166,96,539,992,951,140,397,91,1328,881 
47	128,103,754,40,804,365,705,120,116,186 
48	159,614,310,250,486,660,192,48,483,429 
49	24,13,44,56,542,4,164,150,686,469 
50	111,24,166,87,37,458,951,723,426,358 
51	9,96,19,985,743,60,563,90,76,378 
52	43,142,808,627,82,135,342,64,128,358 
53	930,25,219,120,276,289,570,583,40,955 
54	234,441,72,804,161,142,250,338,570,149 
55	215,185,325,97,58,8,541,125,395,18 
56	494,563,1127,400,565,93,784,173,65,651 
57	317,580,56,140,534,444,1085,154,78,37 
58	122,325,253,382,85,541,125,8,395,310 
59	103,213,185,891,138,128,751,847,487,68 
60	494,164,78,959,630,1127,217,206,155,935 
61	249,407,486,706,389,361,253,160,275,125 
62	113,65,335,896,180,6,245,357,187,96 
63	113,1020,289,186,494,150,4,370,161,338 
64	930,66,847,25,627,957,276,120,1235,61 
65	223,173,1267,527,1204,853,62,1107,202,19 
66	575,173,220,895,513,457,76,896,931,225 
67	542,317,264,42,422,65,197,90,56,828 
68	78,433,358,566,462,24,766,91,96,380 
69	10,9,45,157,930,596,754,149,60,135 
70	64,187,380,127,828,723,44,378,56,53 
71	68,11,185,125,124,541,522,891,917,266 
72	53,140,60,87,135,67,342,157,429,951 
73	264,108,222,393,4,8,924,720,465,131 
74	462,402,433,951,307,397,950,315,330,36 
75	296,160,29,891,8,87,359,186,224,487 
76	608,828,116,24,178,264,150,565,392,307 
77	135,307,67,521,448,62,126,402,87,321 
78	473,154,377,21,284,745,184,1066,116,894 
79	777,13,187,335,357,78,74,681,528,150 
80	108,8,577,23,267,3,444,610,815,806 
81	24,60,106,566,335,723,354,288,277,264 
82	930,596,120,839,66,334,729,656,1235,1305 
83	345,3,77,150,284,777,20,790,494,681 
84	48,533,351,18,659,488,581,432,742,53 
85	90,378,164,173,569,580,539,1328,13,462 
86	441,804,570,53,224,365,705,130,147,891 
87	184,681,745,197,1430,49,698,116,53,317 
88	186,32,58,8,215,68,40,253,310,395 
89	8,5,160,228,18,429,253,432,296,53 
90	695,415,492,959,173,547,580,107,850,179 
91	839,930,120,66,334,519,729,605,149,169 
92	228,444,542,392,8,244,217,393,108,1085 
93	264,357,568,295,335,27,528,13,319,116 
94	222,365,215,228,804,570,317,24,790,534 
95	462,402,951,521,712,950,302,78,36,690 
96	66,32,68,58,85,382,804,289,296,541 
97	580,575,65,400,494,1127,24,217,289,186 
98	370,441,29,325,538,12,338,97,125,185 
99	777,217,319,633,187,421,53,542,749,452 
100	580,164,362,397,768,337,967,426,76,146 
101	253,437,151,742,32,662,441,29,150,389 
102	164,189,82,228,651,225,431,421,494,197 
103	429,475,107,250,40,130,234,215,32,310 
104	264,985,159,444,565,954,651,56,60,400 
105	222,743,521,19,723,433,146,380,499,1328 
106	114,610,111,256,574,159,984,8,35,777 
107	720,345,3,199,393,335,49,777,351,984 
108	161,5,122,249,85,8,289,325,382,541 
109	1478,1100,640,895,673,925,676,1107,217,181 
110	103,11,58,249,311,125,151,660,891,39 
111	563,42,206,335,220,318,689,526,1078,789 
112	217,154,221,790,33,319,651,422,1150,57 
113	896,42,206,173,318,222,509,1044,335,422 
114	742,42,189,1020,228,66,72,492,24,235 
115	161,107,58,185,429,660,40,85,8,522 
116	160,32,122,382,58,429,40,296,541,325 
117	20,9,480,90,422,49,96,828,178,197 
118	509,322,1127,789,747,318,666,1044,1498,400 
119	160,185,382,97,253,58,541,125,395,18 
120	234,253,58,522,382,125,541,18,1173,182 
121	954,444,353,53,6,217,220,896,132,18 
122	276,82,458,111,143,334,87,283,477,195 
123	24,82,140,67,157,159,366,580,358,242 
124	140,154,422,20,244,9,127,565,828,96 
125	245,322,509,56,206,747,630,784,415,935 
126	389,32,115,659,420,287,5,742,183,110 
127	522,660,18,706,39,389,48,311,234,125 
128	745,491,534,244,225,577,42,377,293,393 
129	149,43,4,839,448,142,78,77,288,264 
130	154,1204,357,26,826,421,37,850,437,398 
131	1223,782,1309,202,217,703,335,910,245,720 
132	138,128,147,656,519,448,215,53,705,40 
133	521,366,342,754,656,120,348,222,82,116 
134	5,160,185,18,382,429,253,11,432,289 
135	296,160,29,128,159,138,186,68,365,487 
136	407,253,250,660,969,860,1047,72,18,338 
137	68,11,185,249,541,522,124,253,395,917 
138	345,34,293,452,78,393,199,154,374,197 
139	342,429,790,10,570,384,25,601,656,51 
140	103,45,12,23,545,577,44,159,441,370 
141	660,250,361,486,68,969,29,1047,1067,1331 
142	111,222,335,36,142,321,334,66,596,173 
143	716,53,437,420,659,389,467,216,115,235 
144	745,165,610,409,806,716,374,225,420,465 
145	954,65,494,400,217,630,24,57,773,563 
146	421,13,673,9,494,49,850,199,422,284 
147	157,289,135,458,111,941,87,143,307,727 
148	906,777,245,704,621,1478,83,181,404,580 
149	107,32,185,58,296,11,429,541,266,289 
150	826,217,527,777,421,698,912,1204,184,975 
151	111,228,128,296,87,4,224,29,186,58 
152	62,9,608,67,90,565,357,53,307,24 
153	215,11,891,66,97,125,522,249,253,660 
154	149,570,120,147,847,222,4,9,44,365 
155	930,289,839,142,334,583,448,128,48,10 
156	930,596,120,839,276,334,143,729,1073,847 
157	448,66,219,839,82,143,43,205,138,189 
158	107,429,48,37,5,249,29,217,660,432 
159	587,679,293,264,344,106,1280,130,161,151 
160	183,116,18,266,581,420,377,72,35,42 
161	19,992,173,337,146,1367,376,850,1463,187 
162	429,160,40,85,5,186,58,891,142,224 
163	981,148,1122,159,898,76,349,37,415,908 
164	65,575,27,217,651,342,492,56,4,1020 
165	295,421,342,491,35,128,662,365,250,267 
166	138,48,120,45,656,441,601,296,212,804 
168	103,72,68,18,522,185,85,310,411,429 
169	114,1204,832,1280,574,293,568,1102,628,421 
170	6,689,457,34,180,682,1044,1486,935,630 
171	147,930,276,138,25,45,847,128,519,391 
172	122,185,85,382,66,253,97,541,660,182 
173	24,44,542,127,78,244,421,77,64,56 
174	159,213,58,310,429,68,234,361,185,325 
175	289,366,24,149,930,808,82,348,892,25 
176	97,522,215,12,541,185,110,125,706,182 
177	159,11,185,382,125,253,8,522,395,390 
178	130,365,338,409,420,317,577,289,224,35 
179	228,97,587,234,115,58,432,389,742,716 
180	53,157,140,87,78,492,431,457,264,366 
181	179,335,113,189,289,475,57,42,338,498 
182	43,166,712,426,448,521,307,31,933,273 
183	429,185,296,186,85,107,224,365,5,128 
184	197,228,351,27,18,116,107,345,70,335 
185	521,135,9,164,64,24,433,173,686,499 
186	24,165,422,217,421,357,65,49,790,14 
187	930,219,25,276,957,847,138,596,583,1181 
188	317,23,173,87,289,742,197,441,24,215 
189	173,19,321,569,172,9,14,451,334,283 
190	82,458,43,9,596,656,157,219,321,930 
191	826,184,494,368,199,376,154,527,1478,807 
192	393,3,542,444,1085,56,351,70,377,574 
193	87,24,839,18,521,477,264,138,10,808 
194	338,161,429,8,224,382,142,751,359,128 
195	82,140,67,362,458,1367,426,967,850,793 
196	392,542,165,44,78,37,65,64,33,288 
197	163,148,981,1112,1122,1013,275,32,1223,39 
198	520,217,563,784,222,322,57,18,492,318 
199	64,288,521,37,116,127,828,43,20,790 
200	12,4,150,249,253,151,183,465,662,18 
201	154,422,199,264,526,357,494,1261,749,1481 
202	215,253,11,58,311,541,12,124,382,706 
203	534,165,108,154,74,44,745,77,393,244 
204	370,103,213,11,325,185,123,66,541,182 
205	159,185,325,97,8,58,541,125,182,151 
206	10,222,149,627,44,108,72,384,18,82 
207	370,128,186,130,215,40,213,228,161,92 
208	743,222,19,146,91,967,499,813,766,64 
209	165,284,633,790,264,116,35,480,1430,56 
210	27,65,353,565,6,173,422,217,630,651 
211	480,345,37,542,109,184,116,4,65,376 
212	180,1498,206,779,34,341,104,318,191,140 
213	159,11,382,185,253,541,58,522,891,66 
214	122,58,66,253,11,382,186,85,660,296 
215	494,655,563,27,520,376,269,222,404,155 
216	138,627,66,334,289,23,195,701,1248,44 
217	143,1009,219,334,458,448,36,195,43,204 
218	111,23,565,608,33,54,422,405,37,13 
219	53,267,140,42,458,429,66,14,448,217 
220	421,1085,745,54,534,480,608,20,393,577 
221	289,14,267,65,458,521,448,139,431,321 
222	53,8,296,40,186,128,228,138,150,68 
223	103,213,66,185,40,58,382,325,11,8 
224	187,225,480,184,199,244,4,78,20,984 
225	163,965,981,159,871,349,217,275,37,1110 
226	159,185,891,249,382,58,541,40,804,224 
227	40,68,804,289,32,107,382,390,58,487 
228	569,337,62,135,795,397,1367,1261,451,404 
229	166,358,766,402,422,330,222,499,366,950 
230	48,9,116,365,456,754,839,120,601,51 
231	234,365,213,338,804,138,116,224,545,185 
232	173,404,321,410,592,473,276,1009,688,786 
233	521,135,457,422,695,985,575,157,954,277 
234	525,992,269,1328,166,397,426,307,433,164 
235	462,91,799,569,78,426,901,397,164,727 
236	826,26,284,344,975,1423,88,57,154,101 
237	804,338,53,365,185,29,149,186,159,847 
238	90,24,491,64,20,96,307,1085,164,444 
239	48,142,87,296,804,456,45,120,359,487 
240	249,185,160,66,432,382,186,11,395,660 
241	82,157,335,42,76,214,402,64,18,62 
242	160,85,103,11,124,382,185,487,522,182 
243	342,87,12,365,128,421,24,409,159,149 
244	140,673,494,43,362,458,786,1,357,1100 
245	43,135,166,930,458,60,429,31,36,45 
246	48,40,160,108,359,705,678,751,754,390 
247	580,20,140,13,444,23,111,264,288,197 
248	187,173,380,64,723,288,525,111,82,20 
249	266,107,377,716,745,216,103,577,465,581 
250	103,11,891,917,125,538,382,107,182,123 
251	234,12,40,382,107,11,58,296,541,325 
252	1211,184,574,131,807,264,924,222,345,577 
253	34,853,278,331,1309,494,578,673,225,655 
254	429,107,296,68,53,5,32,58,18,111 
255	264,77,244,225,228,74,9,409,1085,924 
256	76,140,494,217,225,404,676,157,1,448 
257	264,199,393,35,444,480,577,8,777,56 
258	577,72,545,12,9,570,24,224,627,409 
259	111,66,116,138,410,601,577,44,142,1248 
260	1009,283,276,31,143,448,596,219,135,833 
261	5,18,533,234,420,742,659,58,216,389 
262	40,570,359,149,185,487,751,87,250,390 
263	457,342,113,575,180,307,18,494,159,563 
264	813,166,881,90,96,766,41,214,462,426 
265	930,289,45,219,25,142,656,601,1073,143 
266	317,587,266,42,232,398,619,130,415,18 
267	78,23,335,14,74,580,197,56,491,377 
268	160,185,325,58,66,253,97,541,151,182 
269	267,225,42,345,745,70,24,8,542,357 
270	116,197,662,35,317,66,216,534,365,587 
271	24,173,48,627,51,317,894,601,295,72 
272	87,186,72,4,18,173,448,103,157,10 
273	76,337,283,786,616,569,448,321,189,126 
274	122,249,58,185,522,85,125,541,182,891 
275	527,598,49,480,187,421,912,568,217,37 
276	213,338,365,351,234,222,116,128,296,266 
277	36,60,335,283,157,426,1439,166,62,189 
278	6,689,850,789,1498,180,444,1044,341,1127 
279	3,745,244,491,20,42,33,392,13,565 
280	264,60,808,140,150,106,4,242,48,228 
281	317,393,154,78,894,74,197,225,398,545 
282	528,113,608,13,526,49,6,850,935,749 
283	6,985,509,850,322,457,689,319,42,1498 
284	173,24,458,37,14,448,164,321,45,361 
285	398,345,51,70,351,8,165,251,491,263 
286	429,113,370,1020,161,808,217,76,472,9 
287	444,767,6,896,520,422,651,93,132,415 
288	342,790,577,491,317,627,570,534,545,14 
289	128,295,392,66,45,289,142,264,627,54 
290	29,660,68,522,253,475,706,614,215,97 
291	70,213,250,398,659,35,161,610,742,256 
292	1153,422,565,65,896,93,53,57,318,935 
293	930,596,120,276,839,334,656,25,1073,1305 
294	228,66,87,250,264,12,24,441,189,217 
295	29,429,5,228,249,58,18,40,53,266 
296	234,160,370,85,72,224,250,382,32,124 
297	111,494,1127,6,53,492,217,132,767,651 
298	53,400,494,565,57,6,1020,353,264,897 
299	429,338,24,9,161,12,157,150,365,250 
300	587,97,581,234,325,488,716,389,432,742 
301	90,813,43,967,62,755,433,723,167,164 
302	68,8,522,12,115,706,660,11,389,228 
303	116,64,77,65,342,164,20,321,267,289 
304	72,250,242,48,115,492,53,441,189,547 
305	965,361,1080,486,215,108,103,484,411,68 
306	161,40,29,53,87,138,186,224,111,149 
307	166,378,354,433,799,521,65,315,566,36 
308	159,130,409,420,222,662,365,742,790,338 
309	743,164,566,96,111,462,521,64,362,539 
310	199,574,906,494,1204,114,681,109,101,791 
311	377,256,150,533,130,154,114,4,213,415 
312	539,723,82,426,330,1010,164,566,766,901 
313	13,146,90,67,140,686,828,881,1261,461 
314	441,160,39,311,407,706,11,660,125,182 
315	491,164,580,317,37,577,542,228,127,289 
316	222,82,358,288,60,433,64,166,330,448 
317	448,289,66,142,149,596,519,321,195,128 
318	393,140,1167,608,681,368,303,404,111,1158 
319	120,656,66,583,25,82,276,605,36,601 
320	1153,494,164,400,896,217,789,245,1061,935 
321	494,56,293,1167,264,826,745,398,267,109 
322	82,448,60,222,334,66,186,283,616,477 
323	160,185,382,58,253,8,541,66,891,1173 
324	225,357,150,161,587,57,197,42,651,183 
325	66,234,72,370,130,804,186,251,147,484 
326	283,1009,36,1439,616,1101,592,172,143,913 
327	217,415,789,42,779,666,206,1044,159,318 
328	214,60,78,358,87,42,330,402,462,64 
329	164,159,563,630,959,415,1065,492,18,318 
330	433,164,448,87,82,288,78,566,289,402 
331	8,68,228,58,18,151,432,541,85,310 
332	219,283,143,276,592,500,300,596,205,82 
333	307,82,951,566,723,140,19,91,96,397 
334	26,222,217,895,394,140,37,633,223,421 
335	110,39,29,587,581,97,374,310,311,68 
336	10,9,44,930,384,82,366,570,596,348 
337	1009,283,300,219,143,1101,596,592,1039,579 
338	67,214,839,354,366,1010,458,78,91,808 
339	267,222,173,161,4,266,235,1020,533,151 
340	580,527,598,140,673,368,3,826,154,187 
341	374,377,4,213,197,42,716,581,357,250 
342	264,742,107,577,610,267,806,377,23,370 
343	66,120,596,583,143,82,31,605,384,147 
344	159,85,5,429,296,891,804,58,249,751 
345	222,90,723,41,1058,187,9,19,62,967 
346	249,185,58,429,68,160,289,475,310,97 
347	587,706,266,432,115,53,97,234,467,185 
348	5,185,58,382,325,541,253,891,390,266 
349	138,289,25,456,839,359,234,224,601,384 
350	4,422,264,244,96,77,65,480,317,686 
351	491,140,444,244,56,745,1085,351,225,78 
352	138,128,656,519,570,847,384,72,583,53 
353	342,43,288,521,380,401,335,565,608,150 
354	197,777,574,49,293,815,542,244,4,1167 
355	65,358,766,422,813,330,9,366,426,881 
356	720,357,78,245,374,563,896,264,832,565 
357	36,596,839,283,1009,143,120,289,166,60 
358	222,132,111,520,492,217,1153,57,93,65 
359	1009,283,36,500,143,592,596,276,1039,729 
360	66,185,160,228,186,253,289,432,151,310 
361	122,32,311,68,130,250,660,650,125,123 
362	378,358,164,91,330,366,566,60,448,24 
363	189,142,24,808,267,140,78,361,48,431 
364	106,295,651,345,56,565,422,65,357,87 
365	8,266,185,58,151,432,325,66,310,1173 
366	87,433,67,656,808,288,386,60,64,120 
367	217,103,180,518,897,575,222,111,57,253 
368	225,267,534,745,37,377,577,56,345,8 
369	122,253,185,18,97,11,266,541,395,1173 
370	67,358,214,330,422,91,766,402,90,87 
371	165,528,421,345,127,9,65,217,284,295 
372	370,18,107,53,87,40,804,228,475,296 
373	29,185,68,53,122,253,432,429,11,85 
374	307,64,53,458,14,422,264,127,142,431 
375	1204,199,256,574,791,314,374,114,109,1070 
376	97,250,660,72,253,29,68,969,275,124 
377	8,185,266,85,11,253,382,432,97,40 
378	421,984,1167,906,101,374,357,628,832,782 
379	283,1009,402,219,135,712,458,143,276,933 
380	219,143,334,839,1009,120,31,519,583,1235 
381	20,380,295,13,164,881,401,392,686,469 
382	65,358,766,164,422,566,222,9,881,82 
383	392,264,65,187,565,64,828,164,33,37 
384	53,197,264,20,33,90,3,42,49,23 
385	441,48,103,40,5,123,487,124,541,97 
386	66,111,234,29,185,87,5,58,32,1020 
387	108,60,48,173,103,242,14,4,370,140 
388	19,566,539,521,426,1058,362,723,967,337 
389	122,11,97,249,541,8,58,66,395,917 
390	985,959,220,6,57,494,353,65,132,897 
391	462,214,78,164,358,941,330,569,222,566 
392	729,930,276,143,839,120,169,592,1305,955 
393	122,58,12,185,11,382,522,186,125,429 
394	225,65,563,93,49,569,1078,376,362,528 
395	400,289,475,228,217,24,161,370,695,130 
396	127,146,222,43,135,433,521,1117,1328,62 
397	289,106,429,307,695,140,112,135,113,492 
398	12,160,8,253,382,429,325,11,125,296 
399	534,9,8,345,398,154,77,393,70,140 
400	807,745,233,1066,826,756,335,293,56,70 
401	437,293,850,757,791,1204,679,693,389,777 
402	566,62,951,723,19,96,1058,402,146,203 
403	1054,1223,181,1204,1124,225,703,768,1107,720 
404	103,124,159,382,107,541,917,185,151,58 
405	140,984,217,293,49,633,109,70,357,815 
406	539,65,82,91,78,426,1010,566,157,960 
407	166,462,433,36,214,354,31,157,330,412 
408	429,9,365,264,317,215,534,456,545,570 
409	264,60,150,45,458,225,4,448,217,18 
410	354,64,13,336,401,24,44,342,355,755 
411	45,149,147,519,656,51,14,53,44,222 
412	422,1328,19,397,166,499,664,91,874,766 
413	48,72,228,365,429,103,12,44,421,51 
414	370,5,382,325,917,125,522,541,66,502 
415	234,124,382,125,541,185,390,107,395,718 
416	164,569,539,951,214,941,354,458,433,743 
417	34,853,278,1267,181,1100,910,494,776,578 
418	655,146,743,269,404,337,140,43,580,225 
419	116,42,20,127,96,178,828,154,23,401 
420	97,325,234,488,389,659,18,115,351,215 
421	74,608,421,23,9,244,3,745,187,13 
422	186,289,48,276,108,370,219,234,614,111 
423	9,808,18,140,214,242,67,264,64,66 
424	250,351,4,149,87,130,545,456,317,409 
425	542,225,357,49,319,197,422,790,164,651 
426	110,706,18,266,234,68,58,522,533,310 
427	826,568,293,698,1211,53,256,681,832,37 
428	608,318,13,206,985,720,34,526,954,935 
429	804,29,159,186,68,365,107,224,128,5 
430	161,234,124,115,215,407,110,249,11,275 
431	41,222,525,539,187,127,499,469,358,401 
432	289,215,160,186,5,751,68,296,85,87 
433	166,881,90,951,566,24,766,41,499,19 
434	142,627,342,570,120,839,384,386,790,108 
435	8,40,107,32,289,224,58,382,122,249 
436	374,389,110,467,325,29,533,235,97,266 
437	376,1167,222,303,233,404,1211,608,21,745 
438	111,120,53,656,521,448,384,601,25,4 
439	509,318,457,850,789,682,1486,193,1078,528 
440	130,138,185,224,85,365,149,87,570,705 
441	288,164,566,525,813,401,433,1058,686,342 
442	222,42,289,358,288,342,422,44,140,37 
443	745,70,293,491,610,392,542,444,806,393 
444	215,66,325,11,8,18,253,186,310,40 
445	32,58,249,8,160,475,310,432,85,891 
446	580,206,155,959,850,318,42,217,78,335 
447	87,458,545,120,429,264,44,334,150,25 
448	565,217,773,342,159,24,1153,295,353,267 
449	159,185,8,66,97,58,541,125,522,124 
450	839,120,219,930,448,276,87,149,82,429 
451	29,185,891,224,142,159,382,487,365,107 
452	186,32,213,29,325,275,160,965,52,311 
453	108,82,189,138,60,4,128,365,149,157 
454	354,951,566,462,82,64,91,881,96,426 
455	74,164,295,111,686,24,336,27,4,49 
456	441,130,742,161,264,142,24,342,804,295 
457	78,9,90,565,37,828,96,127,44,1150 
458	402,462,616,43,337,569,458,273,166,239 
459	234,72,250,68,429,147,138,359,128,251 
460	566,135,164,9,20,608,444,686,992,24 
461	521,187,433,1058,539,469,166,9,584,366 
462	12,249,160,186,253,289,432,382,296,804 
463	361,186,370,148,636,486,179,159,213,654 
464	5,68,85,382,11,891,541,325,40,432 
465	187,14,65,165,116,295,37,164,96,790 
466	53,187,23,580,64,140,96,491,56,421 
467	525,288,566,9,64,24,401,336,584,1117 
468	633,45,368,807,184,1066,577,321,26,14 
469	9,577,154,54,244,44,351,398,42,444 
470	444,542,534,491,345,228,267,225,78,392 
471	754,627,705,53,386,359,365,12,250,4 
472	441,289,32,107,58,18,891,85,122,296 
473	354,451,1466,422,173,222,397,874,426,335 
474	37,154,608,27,319,317,23,90,1085,491 
475	65,422,766,358,813,569,214,426,82,277 
476	215,441,40,72,847,718,161,251,484,250 
477	142,521,53,288,491,577,754,384,120,456 
478	186,76,164,157,87,429,106,345,66,580 
479	122,12,11,97,8,382,541,151,660,110 
480	276,143,729,66,289,169,596,1009,31,410 
481	245,111,404,267,3,598,93,421,621,264 
482	109,49,542,480,53,42,528,295,342,357 
483	1009,283,219,143,500,300,592,276,616,579 
484	142,53,18,186,111,92,29,296,138,160 
485	335,295,127,64,90,422,20,431,74,289 
486	289,534,142,365,72,12,128,429,42,138 
487	66,930,847,138,40,678,627,276,1073,487 
488	160,32,8,429,382,58,804,296,11,186 
489	135,288,358,67,10,214,723,138,378,45 
490	178,421,580,140,534,9,398,20,480,225 
491	111,575,580,897,103,695,494,249,161,415 
492	29,107,296,5,228,85,53,58,365,382 
493	111,264,140,565,405,13,187,90,534,64 
494	491,393,377,70,534,542,480,815,228,217 
495	138,128,149,87,519,601,1073,429,955,705 
496	429,111,475,189,10,808,29,185,58,157 
497	768,78,76,925,181,357,102,655,26,640 
498	216,437,249,183,151,742,797,232,293,32 
499	32,160,122,85,382,253,429,541,432,40 
500	400,289,472,161,547,370,249,695,180,57 
501	103,12,185,382,11,107,541,58,487,124 
502	160,660,311,58,39,110,215,11,18,310 
503	43,378,723,91,65,799,901,960,164,566 
504	296,289,142,159,68,138,224,128,186,390 
505	5,185,891,382,522,249,541,8,124,253 
506	1328,13,1466,41,376,569,90,140,608,527 
507	48,40,215,224,45,296,103,804,87,108 
508	891,289,8,68,487,138,128,365,847,149 
509	138,23,147,839,51,14,44,847,545,519 
510	164,111,74,90,392,828,295,491,128,149 
511	345,745,49,295,568,140,217,608,20,1167 
512	140,828,580,111,401,380,53,4,67,56 
513	839,448,82,656,142,65,222,723,539,627 
514	289,29,5,614,249,189,234,660,40,142 
515	462,402,1439,569,36,397,727,901,1432,1182 
516	215,11,382,97,541,58,125,253,390,266 
517	24,42,542,534,44,164,444,244,422,228 
518	56,444,673,528,480,422,217,264,65,284 
519	154,140,42,54,534,608,745,37,228,20 
520	48,97,151,266,8,185,522,58,182,115 
521	534,491,178,577,37,87,44,351,345,267 
522	72,311,29,587,361,660,338,488,590,258 
523	146,813,222,584,19,1328,967,828,167,20 
524	534,197,24,742,42,9,491,18,289,44 
525	421,197,345,42,37,159,289,44,18,77 
526	370,742,107,266,217,173,420,398,365,342 
527	12,234,475,215,186,351,32,253,87,804 
528	103,213,32,29,250,311,85,891,310,18 
529	276,66,729,930,596,205,289,334,25,36 
530	839,448,334,627,142,458,82,9,205,126 
531	197,24,398,154,8,74,745,66,409,14 
532	433,164,448,839,87,402,78,566,1010,60 
533	107,185,382,58,8,97,541,253,310,182 
534	288,44,150,392,165,380,164,13,23,336 
535	1158,494,480,704,528,49,963,681,357,393 
536	72,32,429,122,249,660,185,310,8,40 
537	342,37,534,23,42,225,8,289,545,70 
538	317,398,720,42,790,415,534,745,35,806 
539	289,66,592,143,157,142,729,82,458,103 
540	370,213,390,917,325,66,97,522,541,502 
541	37,24,142,429,140,361,217,103,431,150 
542	108,85,296,429,804,159,487,224,382,365 
543	44,48,790,386,624,10,521,491,159,18 
544	1009,283,276,219,458,500,31,592,448,402 
545	24,14,345,197,78,154,534,225,20,142 
546	45,4,8,234,429,222,296,351,228,847 
547	122,253,8,97,18,151,541,382,85,182 
548	43,10,142,839,429,66,78,448,433,60 
549	570,4,441,9,12,51,24,847,120,40 
550	370,965,161,32,18,213,522,310,871,52 
551	5,66,12,310,185,68,215,660,432,160 
552	35,295,581,256,222,745,3,216,225,574 
553	250,486,389,249,706,160,900,275,798,58 
554	164,65,78,580,307,288,87,165,521,56 
555	307,91,462,358,766,566,881,499,799,426 
556	930,45,289,596,25,754,334,87,570,456 
557	122,68,97,185,58,151,541,382,522,182 
558	5,58,151,325,215,432,475,228,310,522 
559	720,608,199,404,13,421,357,527,1167,368 
560	215,249,18,58,150,253,432,365,4,160 
561	790,317,116,222,480,131,444,924,267,183 
562	29,296,429,390,382,32,224,751,5,122 
563	140,109,494,1167,984,452,906,83,574,267 
564	429,8,66,87,1020,42,222,185,29,24 
565	228,421,215,138,409,264,365,289,173,45 
566	580,421,54,534,20,398,24,3,77,225 
567	264,45,393,398,534,74,745,149,351,225 
568	103,32,29,68,159,660,107,11,798,125 
569	228,150,221,217,173,342,186,429,651,475 
570	959,580,767,415,784,695,222,1061,789,322 
571	441,222,456,8,9,51,234,545,186,228 
572	596,143,334,1009,930,729,592,205,833,204 
573	122,68,185,151,58,351,541,85,382,742 
574	338,12,249,124,125,185,541,58,182,1173 
575	32,68,185,58,382,18,429,253,541,804 
576	215,441,40,891,85,123,718,161,338,251 
577	107,720,357,679,57,106,832,103,295,370 
578	103,85,311,12,125,541,486,660,538,798 
579	56,9,244,24,78,42,534,608,1085,33 
580	128,23,228,790,534,317,173,295,45,742 
581	66,120,458,930,276,10,31,627,149,48 
582	103,66,250,160,185,58,142,85,361,660 
583	244,480,77,444,70,542,178,293,574,1085 
584	222,49,140,975,580,83,984,826,368,217 
585	839,24,222,930,601,116,334,521,456,43 
586	253,58,522,110,660,97,310,389,186,411 
587	103,441,72,213,522,325,361,311,538,40 
588	378,967,337,354,140,426,566,451,655,580 
589	361,186,111,289,592,66,142,545,300,76 
590	376,828,444,336,566,881,288,264,109,44 
591	808,67,358,951,429,166,42,18,378,448 
592	521,214,222,157,164,951,358,24,839,366 
593	1261,3,633,154,184,377,777,264,568,404 
594	90,187,64,4,542,608,288,985,44,27 
595	619,213,488,72,70,161,610,232,317,662 
596	462,378,91,521,901,65,723,214,302,315 
597	142,108,186,386,72,157,338,40,103,342 
598	720,108,199,806,35,777,984,357,56,577 
599	250,742,8,222,164,87,1020,432,189,253 
600	374,150,4,197,12,465,293,249,662,610 
601	48,289,296,804,705,45,627,12,678,487 
602	155,985,580,1498,747,1127,217,193,1065,104 
603	120,656,930,25,276,754,31,128,205,43 
604	83,1204,387,437,287,1423,850,1065,37,806 
605	12,325,522,185,249,125,541,253,58,310 
606	4,338,234,222,420,289,577,662,534,35 
607	159,97,382,253,125,541,522,124,266,110 
608	325,11,522,541,125,382,85,124,8,311 
609	166,82,426,569,214,951,433,901,337,1002 
610	160,441,161,338,311,538,718,97,125,395 
611	60,289,140,361,494,688,362,24,242,135 
612	40,804,296,891,107,5,382,186,751,541 
613	103,107,124,382,541,185,249,891,1173,538 
614	74,65,790,444,64,90,165,23,534,187 
615	160,85,215,108,124,66,40,11,522,382 
616	965,1080,631,271,53,289,338,72,222,242 
617	107,185,804,249,68,296,58,228,186,541 
618	9,82,45,627,111,519,334,596,384,149 
619	526,542,90,828,335,74,164,686,24,749 
620	122,53,587,742,533,58,716,97,488,68 
621	166,448,433,569,839,334,712,692,813,412 
622	122,249,522,58,151,85,541,382,18,266 
623	12,160,325,58,151,97,228,541,1173,296 
624	70,222,264,777,23,577,217,815,1167,1066 
625	422,42,4,366,90,295,140,828,392,491 
626	627,9,596,754,24,14,222,570,652,10 
627	441,32,85,58,429,289,249,382,18,432 
628	165,345,45,154,790,681,807,368,894,23 
629	66,32,390,11,8,541,159,487,107,249 
630	221,108,78,107,494,157,1020,24,242,429 
631	234,253,58,185,382,541,125,151,660,110 
632	492,164,1020,180,140,985,679,6,220,228 
633	444,206,318,528,109,457,155,49,180,630 
634	850,1261,575,187,422,193,1486,225,322,495 
635	128,9,24,44,930,519,150,847,116,82 
636	140,26,574,580,357,114,1158,1430,963,293 
637	338,891,142,365,128,159,390,487,53,149 
638	266,325,97,234,432,742,488,533,716,475 
639	340,225,633,118,906,1158,568,181,640,217 
640	404,673,225,981,655,640,78,676,821,19 
641	20,53,127,345,184,42,828,686,27,319 
642	1280,26,83,581,16,984,335,698,88,113 
643	32,122,185,891,8,541,249,125,325,917 
644	441,159,429,891,8,296,804,58,390,541 
645	393,26,53,293,184,37,83,568,27,745 
646	215,161,487,390,138,8,128,847,147,751 
647	808,288,43,53,128,627,892,65,64,189 
648	12,488,18,97,659,716,234,389,216,797 
649	103,441,29,249,660,122,53,215,12,142 
650	48,147,215,149,804,705,390,754,456,12 
651	142,596,448,48,570,44,82,847,456,24 
652	160,5,8,58,382,429,296,541,40,804 
653	222,319,377,49,318,749,1481,221,26,563 
654	422,319,150,74,49,90,575,178,109,116 
655	393,377,178,184,574,70,293,23,984,77 
656	264,96,521,288,444,44,127,828,431,20 
657	377,444,698,975,853,404,181,528,415,704 
658	9,289,173,456,51,545,72,14,365,228 
659	4,82,790,321,894,393,577,78,128,51 
660	716,790,114,159,619,745,111,409,264,225 
661	60,267,126,321,37,140,135,688,18,19 
662	60,111,448,9,189,539,569,433,24,358 
663	140,264,422,56,491,164,44,127,288,317 
664	160,213,108,48,338,97,125,798,123,382 
665	706,441,266,488,8,18,407,581,395,460 
666	283,36,143,500,592,276,300,596,334,448 
667	159,185,325,249,58,891,541,97,395,310 
668	108,250,130,10,111,53,160,159,365,92 
669	122,8,185,325,151,11,186,432,228,475 
670	215,185,58,382,8,891,97,541,310,432 
671	716,420,377,806,154,437,581,465,534,745 
672	213,97,382,917,541,159,107,311,395,249 
673	370,72,215,185,487,122,382,159,58,224 
674	698,494,1478,1204,109,895,223,184,394,528 
675	839,808,386,656,366,45,60,149,384,754 
676	103,108,85,185,390,122,58,382,107,487 
677	351,398,8,108,745,393,267,66,87,14 
678	457,155,789,56,1498,1127,682,42,341,1065 
679	234,58,185,253,186,660,151,97,66,486 
680	13,565,392,33,27,49,184,405,199,42 
681	32,160,185,85,382,429,253,432,18,325 
682	220,1127,985,580,57,896,695,403,675,779 
683	394,782,179,910,256,826,1032,115,102,267 
684	173,106,221,96,53,264,288,342,723,565 
685	70,745,35,377,491,267,574,815,924,266 
686	97,48,110,660,11,311,39,215,407,185 
687	264,342,894,149,292,74,128,20,142,225 
688	250,164,742,92,8,475,234,222,185,24 
689	9,422,187,317,64,44,244,828,608,53 
690	8,107,296,804,289,58,891,228,249,541 
691	43,14,656,53,120,126,135,149,64,157 
692	458,283,1009,31,43,82,276,448,616,402 
693	138,627,570,386,359,212,751,808,839,602 
694	804,142,29,365,128,87,138,224,891,751 
695	189,457,43,335,985,575,492,422,307,521 
696	111,767,53,180,520,93,651,267,720,49 
697	122,97,234,660,486,338,538,11,395,443 
698	267,164,422,57,563,34,415,109,565,113 
699	144,522,325,115,370,275,1067,660,882,872 
700	743,140,335,56,451,608,1111,135,1360,20 
701	441,72,40,11,487,541,8,123,125,522 
702	178,422,790,65,392,197,526,20,491,288 
703	378,91,941,426,569,901,330,727,302,766 
704	444,180,353,651,1153,57,6,220,767,526 
705	48,159,365,317,142,128,742,173,409,370 
706	56,64,566,42,354,686,521,608,335,1058 
707	180,959,808,472,57,985,108,76,220,78 
708	151,11,48,110,215,124,311,407,395,185 
709	159,23,610,409,267,183,178,444,266,74 
710	189,87,42,67,186,429,106,431,358,448 
711	128,456,103,40,296,224,804,234,705,51 
712	4,456,317,491,14,120,25,173,624,384 
713	213,92,242,53,12,107,742,602,189,432 
714	577,534,409,370,342,398,662,365,130,441 
715	180,173,1153,773,563,767,335,6,526,90 
716	160,325,382,249,522,97,125,891,395,151 
717	72,9,429,12,365,264,570,51,103,351 
718	723,539,164,433,525,1058,766,358,366,44 
719	429,296,289,751,142,382,390,186,224,602 
720	43,106,563,565,608,307,828,19,53,135 
721	580,53,422,67,18,289,808,221,342,157 
722	491,24,87,142,77,289,51,197,456,345 
723	82,462,166,426,189,289,283,307,727,362 
724	53,458,335,164,126,429,37,307,431,321 
725	389,72,53,253,18,293,232,216,742,797 
726	569,337,36,1439,239,67,727,458,999,60 
727	43,126,267,87,321,186,45,345,18,66 
728	5,58,68,185,432,228,186,475,310,266 
729	66,147,25,627,138,45,596,276,1235,729 
730	249,151,215,68,228,185,660,97,266,395 
731	377,74,3,293,70,178,199,720,345,491 
732	12,68,85,382,11,541,891,253,325,429 
733	199,140,368,580,777,34,19,3,681,608 
734	9,24,422,65,187,127,20,64,828,96 
735	569,60,378,321,354,337,362,566,164,451 
736	234,58,12,115,266,110,432,522,541,160 
737	163,631,179,1320,898,1013,1423,361,115,349 
738	23,70,35,409,745,165,377,266,72,345 
739	111,24,165,37,392,96,828,288,491,1150 
740	444,62,67,135,985,90,19,457,27,977 
741	53,157,264,45,242,159,361,215,126,458 
742	1020,954,808,985,289,9,57,1127,742,651 
743	138,627,25,147,847,384,705,72,583,212 
744	245,528,132,206,49,773,96,512,565,155 
745	253,18,115,58,110,11,660,389,160,125 
746	458,337,60,362,404,743,225,673,422,850 
747	65,91,813,330,766,214,566,64,881,426 
748	87,44,149,108,545,342,267,51,839,365 
749	178,4,90,9,37,96,526,127,33,401 
750	853,782,331,494,910,1124,598,88,870,578 
751	97,160,58,110,215,706,660,541,266,125 
752	222,64,378,881,813,342,951,214,828,839 
753	66,448,429,627,157,754,9,143,126,955 
754	448,120,43,289,143,142,166,1193,126,402 
755	804,250,130,365,8,338,359,111,147,161 
756	27,53,220,353,57,773,1153,65,264,767 
757	74,164,140,178,64,577,165,65,197,386 
758	480,293,70,217,574,580,49,491,984,244 
759	480,342,542,608,317,24,197,244,345,491 
760	97,68,11,228,160,215,587,58,18,522 
761	1478,340,1242,415,598,181,202,344,1168,1032 
762	289,130,222,161,342,116,351,142,804,249 
763	912,633,613,1478,720,698,368,394,444,223 
764	68,18,234,115,160,39,186,97,311,12 
765	18,221,422,267,217,116,90,108,87,74 
766	97,68,18,58,11,115,587,215,389,533 
767	128,23,149,288,366,491,295,808,64,392 
768	29,185,85,891,751,186,142,107,5,224 
769	575,773,457,53,520,9,96,319,180,651 
770	565,23,264,1085,526,13,187,24,319,20 
771	4,370,215,338,804,296,130,18,742,9 
772	441,66,160,718,250,382,502,748,847,359 
773	526,985,187,74,113,13,773,109,24,457 
774	267,151,53,32,344,179,803,76,547,954 
775	307,985,342,96,189,82,60,67,431,180 
776	293,1167,1430,264,26,975,184,568,1102,256 
777	8,429,289,228,58,160,804,432,122,742 
778	26,217,681,111,698,264,975,963,1430,368 
779	37,26,376,217,377,777,568,199,154,932 
780	159,85,97,382,253,8,125,58,182,390 
781	103,12,185,29,847,570,487,149,147,186 
782	107,11,97,382,253,541,125,8,891,266 
783	806,610,225,534,165,114,465,716,574,393 
784	215,249,11,325,541,58,151,85,1173,891 
785	85,32,8,107,382,296,11,804,429,487 
786	745,720,228,574,806,421,984,74,178,35 
787	378,164,78,91,330,9,799,422,1010,950 
788	462,91,426,799,214,78,712,397,727,302 
789	147,234,215,441,85,930,754,705,390,185 
790	178,49,377,109,608,342,574,319,777,33 
791	839,448,289,66,149,111,142,135,65,25 
792	206,155,140,850,34,779,56,1065,784,104 
793	698,931,118,223,340,1032,1478,598,245,1158 
794	164,569,221,1078,494,967,155,608,42,380 
795	488,533,742,115,12,48,325,389,53,58 
796	596,143,448,36,839,120,283,519,169,605 
797	213,4,107,266,429,742,409,264,29,128 
798	43,111,173,9,31,337,276,283,45,289 
799	24,580,65,76,345,521,422,157,64,494 
800	393,114,70,351,777,49,720,633,580,140 
801	12,185,390,8,296,11,804,107,487,751 
802	24,20,295,96,64,225,608,165,357,139 
803	56,101,480,165,1167,415,53,26,745,70 
804	930,66,120,276,839,138,25,656,754,601 
805	729,930,276,147,596,592,66,957,1345,1181 
806	930,66,276,596,120,138,839,957,754,1345 
807	161,289,111,5,8,68,185,475,142,614 
808	160,185,382,8,253,58,541,125,395,310 
809	128,66,77,14,142,127,289,894,197,393 
810	311,389,706,660,441,361,395,58,541,587 
811	103,11,97,382,891,917,311,541,182,502 
812	108,429,185,68,891,8,5,142,107,58 
813	745,681,545,70,267,473,924,815,574,263 
814	140,1127,563,93,18,630,492,415,1065,651 
815	14,138,23,142,126,914,264,77,839,116 
816	68,215,160,522,660,185,11,151,97,110 
817	295,74,24,27,150,221,4,335,127,357 
818	930,66,120,276,334,138,142,957,31,204 
819	48,72,147,754,10,224,804,186,601,839 
820	159,103,267,8,186,42,164,577,138,545 
821	108,250,58,185,361,12,122,660,215,518 
822	166,67,712,569,901,60,315,273,239,214 
823	12,325,48,234,581,389,351,110,58,215 
824	633,806,111,53,284,480,222,131,101,1211 
825	429,185,186,160,249,804,58,122,475,602 
826	180,27,985,1127,6,76,264,189,132,547 
827	345,9,76,164,62,24,88,34,651,321 
828	492,289,614,32,106,189,115,42,310,253 
829	147,627,25,120,45,289,839,678,601,334 
830	12,87,338,224,365,891,847,8,29,186 
831	159,82,42,116,44,140,431,103,228,742 
832	48,250,296,32,8,224,429,5,11,359 
833	116,745,681,150,357,398,293,197,335,568 
834	393,444,23,574,228,577,815,480,35,610 
835	1100,404,62,895,245,19,357,1267,1204,1012 
836	4,533,217,18,216,29,151,111,215,409 
837	317,264,24,56,187,580,244,54,140,13 
838	142,345,116,473,149,267,128,195,138,260 
839	569,221,56,42,743,563,768,93,9,935 
840	587,222,264,420,374,37,235,253,267,216 
841	67,9,82,56,362,376,64,127,264,60 
842	103,108,441,72,660,186,411,361,107,58 
843	140,173,651,1020,400,107,1065,264,353,742 
844	24,808,111,66,135,82,656,627,358,214 
845	3,228,542,534,23,178,577,610,8,580 
846	426,743,402,566,91,941,337,951,727,451 
847	85,185,8,891,382,429,390,11,804,224 
848	289,12,130,40,8,128,18,29,10,58 
849	9,24,87,808,82,330,60,44,386,402 
850	335,283,43,569,1009,82,337,448,795,688 
851	8,5,249,289,68,53,186,122,432,475 
852	65,64,74,491,42,422,366,140,828,289 
853	12,68,18,58,11,228,185,541,395,389 
854	9,64,187,41,813,166,1058,828,766,580 
855	234,325,522,125,390,917,541,159,8,486 
856	48,11,115,110,58,266,706,215,125,590 
857	790,74,90,127,96,20,23,165,187,542 
858	97,522,11,12,541,185,8,110,124,310 
859	48,12,253,58,382,85,541,125,1173,110 
860	197,250,742,619,72,150,249,465,256,806 
861	150,250,365,296,8,213,185,18,4,570 
862	235,180,228,580,472,675,1065,773,353,103 
863	357,76,720,9,673,415,42,62,139,786 
864	77,421,491,317,64,187,14,345,65,225 
865	289,186,219,120,111,143,656,215,729,25 
866	44,380,67,140,111,354,566,41,366,813 
867	32,160,253,18,432,11,541,429,804,40 
868	415,959,57,695,353,518,6,1127,773,475 
869	912,376,26,613,895,704,181,1242,368,1204 
870	48,108,296,891,186,847,338,161,130,570 
871	60,43,289,492,808,575,400,431,267,1020 
872	791,101,37,108,232,287,267,53,1065,679 
873	494,975,782,421,199,480,527,184,357,222 
874	113,457,565,164,6,526,319,322,49,111 
875	72,217,325,361,1020,492,581,742,518,310 
876	276,143,592,66,169,289,205,930,147,45 
877	429,185,804,296,32,58,18,85,249,891 
878	325,253,522,151,185,125,58,266,182,706 
879	228,66,475,72,8,264,1020,441,150,432 
880	444,199,56,745,127,178,1085,9,815,184 
881	580,53,60,695,985,400,492,565,214,630 
882	53,178,392,78,20,44,24,398,56,199 
883	533,18,253,441,581,48,111,437,797,409 
884	521,402,354,9,433,358,366,64,330,448 
885	159,68,185,249,40,11,891,429,296,97 
886	1009,283,219,592,143,500,276,596,1039,1101 
888	267,534,165,293,70,345,342,77,815,444 
889	288,808,116,4,264,64,78,140,624,431 
890	32,68,160,228,186,151,432,266,660,97 
891	398,777,984,74,140,293,720,70,114,284 
892	163,1423,1335,850,340,898,223,1494,179,782 
893	393,70,480,745,1167,101,1430,681,264,56 
894	173,264,65,494,651,27,267,695,422,43 
895	250,296,111,8,159,161,149,10,228,359 
896	720,88,777,568,494,26,376,1167,27,20 
897	87,135,53,429,159,186,951,142,431,358 
898	491,393,398,244,345,24,351,542,199,815 
899	577,429,264,624,48,386,72,173,228,51 
900	107,130,790,295,213,662,742,222,610,533 
901	151,58,660,215,11,110,311,39,389,590 
902	164,743,566,127,269,20,354,64,146,686 
903	140,392,18,790,534,197,44,565,65,317 
904	307,491,288,64,386,289,577,178,317,580 
905	267,217,77,23,70,56,815,491,335,542 
906	13,284,528,494,633,3,404,53,19,452 
907	539,723,214,358,426,330,164,960,366,302 
908	82,307,458,142,24,477,53,166,462,126 
909	213,106,581,42,706,57,679,742,222,720 
910	370,804,365,228,213,4,570,456,351,159 
911	234,213,382,325,185,522,97,541,66,502 
912	111,128,195,120,14,260,222,334,44,1248 
913	66,249,58,475,215,5,234,742,185,87 
914	4,619,116,103,154,295,790,370,256,409 
915	85,5,122,40,8,11,296,58,429,325 
916	253,228,215,18,68,432,587,541,488,110 
917	217,745,984,284,140,574,357,681,109,815 
918	68,97,12,58,541,185,125,382,182,310 
919	462,378,569,712,91,82,799,1148,273,960 
920	164,130,457,400,475,587,897,472,651,151 
921	186,111,60,458,143,219,31,519,688,614 
922	160,85,103,123,5,382,522,325,487,182 
923	34,895,331,102,1267,1494,181,826,1100,1032 
924	720,1158,184,975,56,782,528,598,393,681 
925	138,8,130,149,40,228,185,159,570,351 
926	66,186,107,8,58,68,804,296,5,53 
927	108,213,107,12,185,122,660,40,249,475 
928	1100,895,598,19,1087,451,1367,902,569,1463 
929	60,135,24,76,87,159,173,335,695,431 
930	19,264,673,377,78,21,613,20,1066,745 
931	48,72,234,370,289,185,12,130,250,251 
932	213,338,161,111,185,29,224,228,159,351 
933	66,448,82,87,43,126,138,334,477,930 
934	122,325,185,58,8,541,85,125,395,66 
935	111,357,13,393,295,542,568,1167,906,574 
936	87,577,72,51,48,409,790,149,361,197 
937	1080,163,148,965,1320,636,971,631,179,1335 
938	895,1267,404,673,278,1107,331,1242,62,19 
939	85,296,289,251,365,429,541,142,128,177 
940	633,77,284,56,574,293,49,807,23,74 
941	850,163,223,1423,1309,895,782,179,1168,1320 
942	891,128,338,161,8,570,487,149,390,705 
943	217,742,361,1020,488,492,467,581,53,266 
944	18,37,24,157,335,242,458,76,42,126 
945	768,569,335,967,451,1411,992,404,743,172 
946	138,627,656,930,519,429,384,150,10,448 
947	433,358,566,462,813,90,96,288,881,380 
948	189,289,60,431,113,228,345,221,457,494 
949	220,1127,492,784,896,1020,140,630,675,107 
950	109,178,150,49,1040,116,65,4,96,528 
951	19,146,90,378,173,992,336,140,813,1160 
952	120,45,596,627,82,458,43,126,384,205 
953	82,723,106,951,566,173,221,354,214,808 
954	215,160,66,103,224,250,382,917,289,541 
955	1020,264,457,808,217,472,103,4,651,521 
956	197,54,317,319,90,23,828,42,96,127 
957	217,421,357,42,76,20,164,1,56,404 
958	539,723,214,358,799,330,569,960,302,727 
959	161,742,409,365,35,317,716,234,264,216 
960	743,422,146,566,19,269,1466,664,41,813 
961	528,319,113,335,49,565,682,935,225,34 
962	4,295,580,288,74,127,96,23,43,20 
963	68,122,891,107,390,40,541,325,125,917 
964	596,143,839,334,120,729,1009,45,583,1235 
965	804,8,160,142,107,186,58,228,365,128 
966	225,222,925,514,88,676,357,1370,821,1478 
967	151,53,351,432,587,325,68,185,66,659 
968	142,570,224,147,365,754,150,627,891,10 
969	163,1080,1335,200,1320,1013,965,1112,361,898 
970	457,53,264,773,1153,651,57,767,159,24 
971	370,130,12,185,5,68,8,475,111,804 
972	53,521,48,754,839,365,366,892,808,348 
973	45,120,448,601,754,583,570,44,9,957 
974	187,269,380,222,539,499,881,397,813,433 
975	111,108,808,386,45,627,150,18,120,157 
976	1223,1335,1080,912,1054,782,18,223,115,1204 
977	66,44,321,116,601,25,126,260,77,473 
978	345,577,335,14,9,444,815,342,184,534 
979	13,264,187,54,20,127,9,405,24,526 
980	462,951,521,426,723,799,766,164,743,62 
981	289,250,296,12,149,161,159,160,705,8 
982	140,4,178,24,264,64,53,686,380,526 
983	13,64,354,686,173,24,1117,164,790,269 
984	140,377,850,76,27,651,345,293,675,887 
985	283,458,337,82,60,276,43,448,569,135 
986	189,44,116,66,429,142,580,43,267,64 
987	985,245,180,444,164,747,206,789,217,565 
988	462,378,901,354,712,950,65,36,358,330 
989	85,5,122,8,40,11,296,58,541,97 
990	127,24,42,74,53,37,542,49,109,566 
991	222,839,53,458,186,44,126,214,656,366 
992	651,154,295,57,335,565,377,159,109,116 
993	103,215,441,222,107,250,475,157,614,267 
994	325,97,338,29,533,266,361,228,522,432 
995	673,19,598,223,357,1267,606,580,37,377 
996	421,20,109,184,13,528,321,345,906,568 
997	293,633,284,480,345,415,116,832,542,574 
998	354,91,402,723,426,566,766,743,813,62 
999	458,448,45,31,205,143,592,839,14,616 
1000	569,402,67,727,901,239,539,62,1148,743 
1001	32,68,66,11,382,541,325,891,97,40 
1002	568,444,480,184,368,681,109,704,598,1211 
1003	66,186,429,157,222,361,458,149,519,18 
1004	441,215,253,97,660,311,39,125,124,411 
1005	72,32,58,122,185,8,361,660,310,142 
1006	140,82,521,288,20,335,150,187,42,828 
1007	122,249,160,12,522,66,310,253,361,85 
1008	82,421,345,9,66,448,78,225,688,195 
1009	56,150,565,288,106,828,521,44,43,335 
1010	850,76,631,148,1013,37,786,1423,394,688 
1011	720,154,1481,932,749,303,568,20,526,1040 
1012	103,72,185,159,40,107,917,541,125,182 
1013	228,253,289,432,58,111,122,310,151,37 
1014	370,68,390,40,159,8,917,125,325,123 
1015	138,128,142,456,334,44,957,894,652,605 
1016	895,782,1204,284,640,720,377,444,528,109 
1017	187,828,67,342,43,813,723,42,580,111 
1018	539,91,799,214,426,330,766,164,302,727 
1019	462,135,36,569,941,616,283,315,239,426 
1020	580,534,351,228,577,398,244,421,8,345 
1021	475,151,217,742,106,228,472,53,587,58 
1022	85,159,8,382,11,40,390,249,541,125 
1023	441,533,716,29,488,420,217,432,4,706 
1024	68,85,382,249,58,541,125,891,660,486 
1025	53,289,521,577,295,264,392,839,64,43 
1026	66,441,40,891,72,370,123,80,142,213 
1027	85,66,11,151,266,58,97,253,296,660 
1028	111,686,24,225,542,380,525,49,336,184 
1029	65,173,563,565,630,6,220,9,57,959 
1030	5,107,66,11,249,891,541,390,325,429 
1031	8,215,185,58,122,68,432,160,253,541 
1032	32,107,122,249,11,891,40,541,296,125 
1033	295,266,534,250,293,70,742,23,216,745 
1034	34,931,895,1223,278,202,1188,1359,1124,870 
1035	720,154,377,295,49,832,116,159,452,319 
1036	377,244,574,480,74,815,542,178,1085,77 
1037	45,195,914,147,545,205,142,456,391,1189 
1038	245,906,568,1167,832,56,109,628,1102,357 
1039	32,249,122,58,429,432,382,228,541,325 
1040	587,97,441,228,58,361,48,581,310,258 
1041	441,370,215,123,32,382,11,124,502,748 
1042	159,295,18,534,577,742,491,138,103,307 
1043	581,832,910,1385,256,27,377,898,108,106 
1044	166,566,433,723,426,397,19,82,1058,813 
1045	122,68,325,18,97,11,151,432,125,660 
1046	48,128,754,103,87,45,359,487,85,61 
1047	706,492,235,467,37,581,361,488,5,266 
1048	197,24,56,790,108,33,106,534,1150,317 
1049	1080,163,148,965,1320,636,631,971,614,1335 
1050	85,5,122,8,382,11,296,58,429,125 
1051	542,580,140,534,608,398,20,127,42,77 
1052	103,68,185,107,325,541,125,97,8,182 
1053	14,116,321,150,126,307,345,342,267,90 
1054	534,44,77,165,45,345,8,14,128,289 
1055	36,337,172,402,616,1009,273,788,135,913 
1056	1020,24,475,113,808,9,242,48,249,72 
1057	12,68,151,185,160,325,432,97,395,186 
1058	127,24,78,244,197,77,20,154,534,580 
1059	222,67,723,189,288,433,166,42,157,330 
1060	244,199,745,319,33,184,377,393,491,1085 
1061	66,930,627,219,957,120,149,391,656,601 
1062	43,135,64,433,725,82,1075,1221,66,334 
1063	48,839,120,215,601,189,14,60,103,656 
1064	539,214,91,164,78,82,566,222,64,24 
1065	222,598,357,768,1111,37,568,1478,19,181 
1066	66,8,68,429,18,85,253,432,11,186 
1067	23,159,491,267,742,398,87,217,48,345 
1068	580,164,458,743,307,127,24,64,354,376 
1069	244,317,33,187,1085,54,491,20,422,49 
1070	135,67,458,44,839,214,166,539,433,53 
1071	378,91,521,433,941,397,723,712,766,499 
1072	249,42,581,533,232,183,113,253,437,675 
1073	338,11,124,382,249,185,541,253,917,310 
1074	289,4,521,839,754,456,384,429,120,656 
1075	12,742,234,432,325,706,58,97,716,467 
1076	197,398,392,745,542,1085,351,393,44,228 
1077	264,108,745,35,409,393,267,924,662,217 
1078	65,494,1153,159,651,18,9,526,400,492 
1079	374,256,83,633,284,444,264,295,1167,1430 
1080	307,164,402,214,330,813,422,82,569,64 
1081	421,264,165,480,850,83,832,267,53,975 
1082	109,56,826,49,303,850,34,963,574,1261 
1083	120,66,656,334,25,627,149,205,601,43 
1084	317,534,23,365,742,267,370,24,421,35 
1085	115,110,311,39,48,660,58,389,125,310 
1086	289,534,164,42,128,45,138,228,74,365 
1087	109,26,49,398,1211,963,1430,222,233,111 
1088	249,58,215,185,97,11,522,8,541,411 
1089	213,130,5,981,110,148,122,518,661,636 
1090	32,66,111,289,234,253,361,429,122,365 
1091	370,250,289,409,742,295,790,267,213,342 
1092	103,108,160,66,185,917,40,382,123,718 
1093	24,44,577,342,48,108,267,317,491,82 
1094	283,1009,592,36,143,276,219,1101,579,1039 
1095	462,135,43,36,166,335,239,19,727,283 
1096	24,77,577,534,140,345,20,580,745,444 
1097	173,19,1111,321,850,34,458,655,36,111 
1098	491,178,244,225,392,77,1085,9,70,815 
1099	103,122,891,66,382,522,541,8,97,395 
1100	65,494,743,187,93,135,362,1463,73,1111 
1101	745,421,342,35,491,409,444,392,542,393 
1102	186,82,42,335,429,103,494,142,87,695 
1103	5,58,66,18,186,151,11,660,310,296 
1104	610,232,150,659,488,287,154,213,370,797 
1105	161,32,68,250,124,798,151,411,361,310 
1106	87,111,135,10,433,128,82,150,90,78 
1107	64,111,44,187,53,135,20,566,431,295 
1108	985,264,400,173,57,444,78,4,630,342 
1109	253,12,58,742,325,53,475,266,706,541 
1110	563,789,217,206,779,850,318,374,42,104 
1111	354,222,335,397,1328,380,451,1466,1360,1261 
1112	225,1478,223,981,1100,1423,78,340,598,1315 
1113	19,82,24,165,1,150,44,43,116,45 
1114	138,289,111,930,519,224,596,23,583,652 
1115	575,57,897,494,580,1127,374,228,6,475 
1116	521,288,45,43,66,491,82,140,14,142 
1117	48,215,72,224,804,382,123,718,751,32 
1118	370,72,161,215,68,411,486,891,142,965 
1119	370,679,716,351,27,757,791,151,1065,344 
1120	48,234,149,891,224,678,370,185,456,751 
1121	184,574,777,984,74,49,542,681,284,720 
1122	462,62,36,426,1439,82,795,655,451,727 
1123	187,542,608,20,96,13,164,44,23,33 
1124	441,186,12,8,40,296,365,107,228,58 
1125	87,491,72,8,264,545,12,228,44,215 
1126	23,790,839,429,307,120,456,25,656,366 
1127	228,534,8,377,3,199,815,610,108,178 
1128	43,111,448,157,688,616,31,462,9,173 
1129	42,23,37,491,444,64,267,20,422,65 
1130	189,166,951,65,366,186,37,429,378,462 
1131	48,151,215,660,97,115,160,8,11,382 
1132	627,754,601,24,14,222,448,596,701,914 
1133	60,217,189,421,76,87,458,150,218,431 
1134	42,222,6,164,565,322,959,935,689,1127 
1135	97,522,151,58,541,185,125,382,660,310 
1136	159,85,249,382,541,58,125,253,66,660 
1137	45,365,24,545,8,577,342,228,186,291 
1138	491,351,421,87,66,165,74,140,289,154 
1139	345,24,90,608,82,165,139,88,64,43 
1140	213,53,742,370,180,695,217,222,706,242 
1141	539,723,214,82,941,78,569,566,302,727 
1142	78,361,321,217,126,1,62,786,404,673 
1143	43,13,164,336,173,521,146,378,723,355 
1144	111,284,184,199,345,633,777,20,452,88 
1145	82,135,569,283,1009,126,321,157,273,143 
1146	222,64,44,358,90,214,111,566,82,60 
1147	891,68,289,429,382,32,365,5,11,58 
1148	542,565,23,78,154,33,608,65,164,405 
1149	189,521,808,307,4,60,242,264,157,441 
1150	68,706,234,11,48,541,160,58,587,215 
1151	24,894,4,120,448,25,601,292,321,126 
1152	234,213,215,365,804,228,150,128,296,4 
1153	491,128,138,429,624,42,307,521,149,74 
1154	197,342,1020,534,374,651,130,897,679,57 
1155	42,67,335,20,521,62,19,264,342,336 
1156	222,521,539,422,566,458,402,433,111,146 
1157	122,325,253,97,382,85,541,522,310,124 
1158	43,67,521,951,901,91,214,1010,337,960 
1159	429,296,111,705,359,508,215,12,624,185 
1160	103,365,441,10,44,23,51,570,224,228 
1161	135,173,67,82,37,264,431,189,828,401 
1162	965,614,163,200,636,186,179,275,1320,660 
1163	250,429,68,487,142,138,382,751,365,541 
1164	213,311,85,151,125,58,12,249,798,891 
1165	462,43,337,283,616,458,1009,712,239,1216 
1166	220,520,985,1020,1065,896,689,779,1061,789 
1167	68,11,382,185,541,522,124,253,891,310 
1168	32,8,533,253,706,420,1116,72,726,494 
1169	906,777,720,376,303,393,494,264,368,681 
1170	163,965,631,148,614,200,1320,1122,1423,676 
1171	56,9,264,444,580,44,140,154,405,422 
1172	215,185,382,58,253,325,18,541,40,395 
1173	122,325,8,97,382,541,85,151,395,124 
1174	56,111,37,521,67,74,53,608,565,135 
1175	307,140,166,992,269,539,580,426,362,91 
1176	29,185,40,186,32,160,475,58,68,541 
1177	491,534,289,197,140,345,14,78,127,108 
1178	577,66,342,393,53,165,264,398,456,627 
1179	217,394,1188,335,344,1242,1261,278,37,88 
1180	289,656,111,433,386,358,120,138,723,539 
1181	186,742,142,4,107,342,370,60,12,8 
1182	828,43,380,67,42,140,354,566,135,523 
1183	264,165,140,78,534,127,580,164,90,1085 
1184	264,521,42,140,23,127,580,392,828,431 
1185	289,87,103,839,847,456,930,242,224,519 
1186	48,441,103,705,891,678,487,627,10,751 
1187	13,217,53,106,345,96,93,267,353,906 
1188	9,18,267,157,458,76,431,345,521,307 
1189	444,165,392,164,422,78,90,33,44,828 
1190	78,164,53,289,362,494,1,19,42,448 
1191	138,365,804,213,224,40,228,161,456,570 
1192	215,185,249,18,58,289,228,40,432,11 
1193	289,150,570,348,384,53,222,72,705,456 
1194	18,361,97,39,407,29,533,522,660,437 
1195	569,462,458,402,76,283,172,78,273,321 
1196	66,5,160,18,228,432,253,289,266,53 
1197	111,293,140,398,790,116,295,580,150,757 
1198	147,847,138,215,234,25,160,85,1191,957 
1199	216,610,398,415,103,488,35,533,116,213 
1200	70,232,720,287,159,173,488,533,574,647 
1201	569,166,1439,78,19,901,539,999,795,1491 
1202	135,166,402,214,157,426,458,1088,366,302 
1203	197,53,3,267,217,473,574,70,568,293 
1204	111,78,264,20,568,45,127,1261,790,62 
1205	370,365,228,24,213,234,161,128,342,164 
1206	592,729,300,169,283,500,833,1026,448,195 
1207	234,215,12,522,151,541,382,18,124,706 
1208	166,941,36,378,901,727,616,273,665,1021 
1209	494,1054,826,1242,202,1168,331,1107,26,1315 
1210	151,215,58,11,18,185,541,522,125,660 
1211	85,68,8,5,429,159,289,122,107,186 
1212	448,289,82,31,45,521,276,712,429,627 
1213	48,164,72,365,295,338,441,370,44,351 
1214	577,534,128,66,307,138,288,45,142,64 
1215	4,9,74,116,90,178,985,526,197,113 
1216	9,288,164,723,539,187,44,525,91,342 
1217	839,596,82,120,45,519,126,283,157,592 
1218	53,790,74,90,140,23,392,127,43,187 
1219	65,164,766,358,813,222,214,9,366,82 
1220	161,215,124,486,97,538,11,395,58,275 
1221	458,337,60,616,788,82,157,676,143,361 
1222	608,491,33,3,13,745,42,187,534,724 
1223	9,60,723,87,42,539,37,288,140,402 
1224	249,58,215,8,185,160,11,522,660,228 
1225	67,78,330,9,462,91,766,288,799,808 
1226	159,5,185,382,891,11,429,249,296,325 
1227	122,85,382,97,541,125,522,253,182,18 
1228	160,107,85,804,296,58,382,122,249,11 
1229	109,184,78,393,26,984,568,452,345,187 
1230	4,342,189,345,60,429,335,431,23,64 
1231	215,185,11,85,253,325,541,97,151,522 
1232	44,43,53,82,839,42,624,64,128,60 
1233	32,122,185,382,390,325,541,40,125,917 
1234	135,458,521,157,569,62,87,1,42,53 
1235	782,826,278,1168,720,377,284,673,217,870 
1236	42,317,491,289,37,197,351,18,742,74 
1237	67,354,82,330,1010,712,799,941,766,9 
1238	161,475,58,29,441,1020,660,48,492,472 
1239	213,159,311,125,151,12,382,249,1173,39 
1240	48,234,161,130,804,296,68,147,847,138 
1241	29,296,804,382,429,289,5,11,365,58 
1242	187,404,992,225,1041,422,451,37,65,1078 
1243	296,128,224,111,185,40,160,351,85,107 
1244	24,140,351,37,392,421,345,154,444,745 
1245	185,382,325,390,541,97,522,182,395,266 
1246	1041,43,354,378,173,664,1463,222,96,1089 
1247	78,74,521,65,42,392,422,386,45,165 
1248	56,293,184,70,633,244,49,542,284,217 
1249	11,249,541,215,311,407,125,1173,395,486 
1250	163,898,1054,223,912,394,895,1478,217,344 
1251	378,91,214,402,330,366,82,64,950,569 
1252	896,78,6,180,222,155,630,789,509,109 
1253	985,140,222,784,897,896,520,675,444,56 
1254	76,404,56,673,422,43,527,267,977,528 
1255	250,706,253,58,53,122,217,111,289,242 
1256	370,361,103,213,486,311,52,310,160,215 
1257	111,173,321,276,222,43,205,19,337,195 
1258	311,39,253,124,110,11,215,407,706,182 
1259	103,213,66,390,382,522,40,917,124,486 
1260	103,107,12,125,382,541,917,891,486,253 
1261	12,66,382,253,85,18,541,432,228,310 
1262	160,215,85,108,32,250,522,40,748,66 
1263	111,53,695,82,429,475,338,42,965,310 
1264	729,596,276,592,930,205,283,334,448,1084 
1265	64,288,42,951,127,813,41,173,366,743 
1266	56,90,74,64,127,20,542,828,165,345 
1267	539,78,214,330,799,766,950,1010,9,901 
1268	97,85,12,541,125,311,253,58,1173,407 
1269	967,173,378,397,1058,566,269,362,82,187 
1270	850,640,163,494,1261,1168,1242,1335,1013,1100 
1271	228,215,5,289,58,432,266,253,186,351 
1272	122,253,58,11,18,541,382,432,310,429 
1273	249,11,151,541,522,185,85,125,124,660 
1274	173,1430,256,756,421,154,574,1167,791,101 
1275	87,67,433,142,24,539,189,65,429,66 
1276	53,12,215,4,149,228,234,116,130,161 
1277	65,566,222,743,82,19,433,9,941,60 
1278	370,18,111,107,40,8,32,68,475,5 
1279	521,9,214,330,91,222,566,64,288,426 
1280	325,159,275,72,250,389,706,1047,249,411 
1281	577,197,228,42,66,289,351,165,8,128 
1282	179,1080,148,76,1112,732,1320,1316,494,1309 
1283	68,58,97,215,18,660,12,185,110,124 
1284	142,111,120,307,40,508,705,72,570,53 
1285	828,342,20,580,140,790,566,4,686,355 
1286	3,608,777,480,527,932,598,217,704,698 
1287	441,338,32,5,122,804,11,429,224,257 
1288	65,951,723,60,214,111,569,448,189,91 
1289	186,8,228,185,87,92,111,5,58,310 
1290	1111,527,673,826,78,568,109,528,1242,853 
1291	289,66,82,627,808,45,334,214,1075,1125 
1292	23,368,1158,377,345,1066,1211,197,777,815 
1293	745,293,393,74,70,37,984,777,574,184 
1294	1167,256,850,357,415,1204,480,27,791,109 
1295	267,317,716,18,266,130,154,580,35,610 
1296	107,42,130,24,534,295,342,365,577,164 
1297	444,565,78,4,57,492,985,342,295,1020 
1298	565,53,457,24,307,113,180,187,67,608 
1299	163,1320,200,148,910,631,1112,1309,349,965 
1300	488,533,706,716,338,351,437,110,420,235 
1301	828,790,64,116,42,111,686,150,307,244 
1302	370,48,5,40,917,123,541,487,125,182 
1303	10,82,627,9,135,930,214,44,334,358 
1304	826,580,154,53,568,293,393,56,49,906 
1305	228,365,429,23,159,545,317,130,213,342 
1306	441,370,487,224,804,11,5,8,123,502 
1307	53,405,264,565,140,13,90,20,534,64 
1308	197,165,3,4,542,293,651,832,78,57 
1309	377,633,49,267,199,673,906,393,19,187 
1310	65,426,82,164,566,397,433,362,146,140 
1311	37,1080,115,695,492,310,429,76,518,483 
1312	429,222,120,44,82,448,150,519,601,189 
1313	398,184,74,580,77,815,574,633,244,608 
1314	32,66,122,249,11,891,541,40,296,253 
1315	78,65,397,222,307,521,566,60,433,146 
1316	458,78,321,31,67,616,521,712,307,793 
1317	215,289,251,365,149,804,338,250,545,45 
1318	14,894,116,87,149,138,307,521,126,292 
1319	361,18,965,310,192,29,522,130,483,441 
1320	441,66,103,338,718,382,804,541,502,429 
1321	135,166,839,426,1010,157,334,1002,9,87 
1322	85,891,5,122,382,11,107,804,429,125 
1323	82,222,36,448,76,9,14,793,362,172 
1324	338,48,614,249,250,58,29,361,37,112 
1325	985,189,1127,565,43,220,60,57,264,651 
1326	66,930,839,276,583,448,147,754,205,48 
1327	135,43,222,96,41,1360,397,1343,874,164 
1328	39,311,144,581,488,587,395,460,660,1173 
1329	307,113,808,431,87,180,342,173,985,1018 
1330	289,87,754,82,128,9,521,48,157,386 
1331	633,1430,394,1261,1176,314,1167,154,756,1155 
1332	66,48,228,264,142,808,106,130,60,157 
1333	138,45,9,111,386,24,149,808,1125,25 
1334	289,338,365,4,107,351,296,742,29,266 
1335	566,951,723,62,9,96,140,397,358,799 
1336	213,37,264,12,142,441,475,164,24,432 
1337	66,790,627,24,456,914,77,260,448,53 
1338	111,87,213,157,60,250,58,10,12,742 
1339	698,574,101,37,826,963,88,975,1204,568 
1340	267,374,57,547,457,235,140,475,338,675 
1341	161,29,289,965,310,429,486,68,411,160 
1342	421,267,4,43,140,60,77,458,431,127 
1343	62,60,458,850,135,9,267,264,793,139 
1344	90,221,13,269,380,985,563,526,354,525 
1345	729,930,276,169,66,143,957,592,1305,1026 
1346	1041,1466,135,380,96,13,1343,1015,426,580 
1347	115,389,110,234,12,11,48,706,460,395 
1348	249,160,58,66,11,541,382,97,125,296 
1349	97,48,58,660,215,11,311,39,407,12 
1350	53,178,165,197,288,307,244,64,140,77 
1351	528,353,773,187,264,906,53,575,377,345 
1352	5,159,107,11,891,58,390,40,541,253 
1353	276,592,143,1009,169,596,300,930,410,889 
1354	74,565,24,154,9,534,23,27,608,64 
1355	276,334,605,914,149,219,1073,656,957,142 
1356	992,967,1058,397,269,91,525,723,433,187 
1357	283,1009,458,596,43,31,219,143,569,448 
1358	161,5,122,68,310,429,486,234,325,253 
1359	839,627,596,10,9,521,24,429,1125,652 
1360	462,402,569,337,315,901,1216,727,239,172 
1361	151,742,29,533,5,581,659,234,432,437 
1362	18,111,159,222,213,429,641,271,660,130 
1363	160,249,12,151,124,125,185,58,311,310 
1364	34,931,895,278,1223,202,1188,181,598,870 
1365	32,29,48,581,5,742,488,122,437,97 
1366	197,392,56,23,491,534,33,78,90,244 
1367	164,235,361,472,400,742,467,111,310,5 
1368	107,122,310,522,475,115,234,185,486,483 
1369	42,521,288,44,380,67,37,335,401,295 
1370	135,402,36,941,569,712,315,283,378,665 
1371	215,5,429,289,18,40,58,228,85,11 
1372	9,24,44,570,51,264,103,12,601,224 
1373	9,542,108,56,790,392,742,422,65,1150 
1374	189,267,108,157,335,159,242,361,126,345 
1375	96,56,566,187,985,569,563,521,380,630 
1376	42,335,18,773,679,777,293,1065,245,361 
1377	624,116,44,164,365,92,366,23,348,264 
1378	335,768,946,62,1367,36,404,786,795,613 
1379	173,111,695,132,93,514,1127,415,935,1153 
1380	82,76,173,786,688,186,426,321,18,676 
1381	189,808,140,214,87,242,67,431,113,264 
1382	29,5,249,68,58,804,122,186,296,541 
1383	448,458,135,222,60,276,219,725,712,189 
1384	64,44,111,187,53,881,264,135,366,82 
1385	757,267,832,111,109,83,698,528,256,293 
1386	370,409,365,534,421,197,266,213,295,251 
1387	289,157,66,448,143,60,614,729,1009,205 
1388	522,108,389,581,130,5,103,1331,249,614 
1389	462,166,569,337,378,901,727,426,239,1332 
1390	745,56,197,720,1167,222,83,815,49,1430 
1391	491,577,56,1085,54,9,745,77,42,33 
1392	23,14,140,317,491,154,393,267,197,444 
1393	130,159,186,185,128,365,29,18,160,107 
1394	295,64,565,96,542,307,187,44,20,221 
1395	43,18,87,217,431,307,444,157,64,150 
1396	480,542,267,393,984,197,78,494,184,74 
1397	462,91,799,569,426,941,358,397,960,302 
1398	35,610,806,225,534,183,409,199,267,444 
1399	18,441,68,660,39,587,361,48,11,234 
1400	24,444,9,565,457,742,295,494,116,180 
1401	527,93,404,932,26,62,633,184,1481,422 
1402	398,77,74,140,815,681,345,70,293,608 
1403	19,42,566,187,90,60,56,378,221,24 
1404	429,103,82,475,161,37,213,43,361,107 
1405	264,565,9,651,400,444,267,422,897,773 
1406	217,563,93,720,132,57,630,318,374,319 
1407	695,1020,214,429,24,108,180,475,9,1127 
1408	103,161,325,891,382,66,125,97,541,310 
1409	34,1423,278,1267,598,1494,703,1107,163,870 
1410	985,164,222,173,444,1127,318,789,784,1065 
1411	289,42,113,494,242,492,179,9,221,429 
1412	12,160,18,253,429,11,432,85,97,266 
1413	338,110,706,581,441,18,228,522,374,541 
1414	494,377,698,1158,217,1478,898,340,613,480 
1415	34,113,106,444,107,679,651,514,256,243 
1416	24,78,228,335,4,107,742,82,361,444 
1417	116,295,20,82,44,217,165,164,90,154 
1418	335,580,457,415,27,220,850,60,563,361 
1419	23,197,345,4,317,444,335,777,1211,368 
1420	5,310,492,58,518,115,29,228,706,235 
1421	580,269,992,525,1041,1328,41,1466,608,462 
1422	85,185,40,8,382,296,11,429,804,432 
1423	64,187,127,566,24,433,173,469,951,355 
1424	415,27,42,154,49,34,651,199,150,1204 
1425	24,20,380,686,44,521,264,790,526,165 
1426	342,264,457,651,575,96,150,630,542,43 
1427	64,164,491,138,74,45,624,43,289,42 
1428	491,745,392,8,244,393,1085,345,225,54 
1429	187,64,41,127,566,525,366,20,173,584 
1430	138,45,111,448,429,222,808,930,342,1125 
1431	267,720,480,377,452,542,13,199,528,393 
1432	166,402,539,743,19,65,901,146,664,1328 
1433	65,74,90,56,542,307,288,106,96,392 
1434	166,67,426,723,354,36,1002,690,65,799 
1435	422,357,494,184,1261,828,53,527,284,421 
1436	85,68,32,429,5,390,289,107,122,224 
1437	895,223,898,768,568,720,698,704,931,1054 
1438	596,839,276,120,66,334,36,592,126,955 
1439	68,11,382,249,124,125,541,253,8,311 
1440	462,337,569,36,1216,616,315,239,43,1021 
1441	221,161,580,57,140,467,475,249,472,494 
1442	66,142,334,9,43,754,583,307,157,31 
1443	1080,163,148,732,1320,631,179,636,981,1013 
1444	1020,695,1127,24,289,57,9,565,186,307 
1445	187,295,127,150,608,542,288,401,178,43 
1446	43,335,19,31,36,82,448,78,135,9 
1447	402,78,426,458,289,951,36,433,358,950 
1448	161,39,107,68,389,1331,159,29,160,753 
1449	13,96,9,127,565,53,264,23,288,164 
1450	720,223,1242,906,27,284,444,621,528,102 
1451	850,223,640,102,1309,895,1494,1168,1188,1320 
1452	429,45,8,296,545,234,804,228,251,250 
1453	219,592,334,205,596,930,195,143,300,448 
1454	596,930,143,839,120,334,66,656,169,1269 
1455	160,85,103,5,11,382,185,325,40,486 
1456	24,128,142,289,894,545,138,51,345,127 
1457	35,574,806,199,610,108,267,534,815,777 
1458	245,322,180,155,173,747,959,1044,565,526 
1459	78,53,850,14,60,786,9,19,126,1261 
1460	43,67,426,723,60,569,358,164,397,458 
1461	20,580,335,74,127,317,197,542,23,398 
1462	44,808,627,111,164,892,65,149,448,135 
1463	82,60,421,126,189,448,62,580,217,494 
1464	366,65,808,164,656,44,951,157,330,142 
1465	930,596,120,839,656,334,45,729,205,1305 
1466	729,592,300,276,1009,283,596,500,205,839 
1467	311,39,325,370,969,275,798,110,5,1080 
1468	441,161,107,24,228,150,10,365,475,9 
1469	521,264,422,289,431,64,565,457,985,150 
1470	166,378,901,337,315,712,999,36,616,433 
1471	103,124,382,159,107,185,917,541,151,1173 
1472	49,906,984,83,1158,494,975,111,826,574 
1473	66,5,429,361,53,122,111,228,185,160 
1474	898,895,598,19,26,853,1242,826,102,1204 
1475	256,421,1204,574,101,906,357,1158,832,293 
1476	269,146,378,173,41,90,1466,397,13,881 
1477	23,745,70,267,491,165,377,924,72,159 
1478	1041,1328,269,378,1466,337,426,1463,499,380 
1479	24,140,164,307,521,65,126,4,342,142 
1480	342,44,264,72,429,51,108,14,627,8 
1481	107,234,87,186,150,29,249,142,475,5 
1482	462,67,307,521,951,799,727,214,566,36 
1483	475,122,228,8,429,432,185,53,151,242 
1484	213,185,159,186,128,10,92,751,365,570 
1485	165,74,64,336,41,542,295,526,401,4 
1486	160,185,8,58,253,97,66,541,151,310 
1487	494,19,78,181,906,340,140,826,1107,444 
1488	253,18,48,706,110,97,389,39,361,432 
1489	462,402,166,941,397,315,378,239,712,82 
1490	289,808,366,37,90,431,214,67,386,150 
1491	335,199,293,109,256,421,850,101,452,528 
1492	457,563,27,954,96,353,307,135,187,82 
1493	720,568,293,1158,49,1211,109,197,264,698 
1494	140,580,197,317,542,20,633,681,777,357 
1495	113,108,56,742,24,197,116,897,178,1020 
1496	217,368,574,264,698,807,49,21,295,826 
1497	64,580,723,566,342,187,951,37,366,766 
1498	66,8,742,87,222,29,432,185,365,1020 
1499	1020,217,289,235,342,221,87,1018,475,565 
1500	103,365,545,185,296,142,804,390,541,588 
1501	378,82,951,433,941,222,799,9,901,358 
1502	335,88,404,82,1058,127,1,673,111,421 
1503	295,64,187,53,165,288,307,491,828,421 
1504	345,57,720,164,377,832,24,113,4,452 
1505	127,380,67,525,307,686,743,354,264,881 
1506	107,222,235,784,897,53,547,111,1153,467 
1507	266,325,58,228,18,97,541,522,310,351 
1508	790,633,745,357,267,720,398,293,88,78 
1509	706,522,488,441,68,8,581,11,590,1173 
1510	219,839,334,930,143,276,448,458,25,627 
1511	215,66,18,382,11,85,325,541,310,395 
1512	234,160,97,185,151,8,522,541,706,1173 
1513	249,8,160,325,432,186,11,382,228,125 
1514	3,184,1167,368,444,109,303,393,494,1204 
1515	138,149,147,601,583,847,652,334,44,429 
1516	462,166,941,397,378,901,315,999,1268,1182 
1517	906,49,698,217,335,528,494,963,1430,826 
1518	370,103,85,11,124,382,185,522,487,182 
1519	569,337,1439,36,135,283,795,315,239,1432 
1520	264,187,74,295,20,828,790,444,37,13 
1521	159,35,342,267,745,103,420,716,42,377 
1522	790,295,48,267,35,365,215,217,491,293 
1523	215,66,160,250,289,718,382,541,147,8 
1524	217,662,35,197,409,249,338,116,253,151 
1525	245,180,173,444,689,509,155,78,415,935 
1526	166,569,422,566,766,402,222,1058,330,9 
1527	366,111,149,222,892,384,754,43,164,348 
1528	393,345,51,251,149,790,409,24,72,321 
1530	76,135,458,786,768,321,462,793,1261,225 
1531	111,53,353,773,651,565,1153,1127,267,65 
1532	12,160,122,58,186,85,289,40,382,541 
1533	111,154,23,244,608,54,37,90,78,20 
1534	111,13,526,264,3,1040,109,724,42,745 
1535	135,214,422,37,539,808,64,288,87,462 
1536	361,370,1080,161,32,103,275,1285,441,122 
1537	103,5,325,185,97,125,522,390,541,395 
1538	1009,219,300,500,143,729,36,1101,1039,276 
1539	250,213,138,296,804,149,251,186,40,51 
1540	319,78,850,322,34,49,682,565,526,935 
1541	60,222,569,37,9,616,688,31,19,140 
1542	580,264,23,164,491,165,90,288,127,197 
1543	111,82,140,288,378,127,187,366,828,62 
1544	44,164,187,67,173,342,723,378,111,87 
1545	580,164,189,321,127,289,139,64,19,126 
1546	264,57,742,651,27,675,400,897,103,357 
1547	107,53,185,365,186,142,58,5,249,432 
1548	289,142,458,10,111,143,135,583,754,25 
1549	159,68,5,296,40,429,58,11,249,266 
1550	66,847,219,48,138,276,215,729,224,45 
1551	225,608,269,494,850,146,49,1041,566,88 
1552	354,78,402,569,799,766,164,499,82,222 
1553	264,415,57,651,985,565,374,832,492,1153 
1554	219,592,276,300,596,283,500,729,205,36 
1555	48,44,317,72,51,754,173,264,601,25 
1556	808,67,366,358,42,723,37,378,330,242 
1557	912,782,527,704,1087,368,394,184,1204,340 
1558	56,24,164,542,90,392,44,828,288,534 
1559	37,130,361,48,1020,58,441,53,157,113 
1560	109,42,90,9,19,376,828,53,542,1261 
1561	222,43,380,173,13,1360,90,397,335,1451 
1562	742,580,130,197,116,679,57,106,235,357 
1564	72,5,58,249,85,66,18,11,151,361 
1565	122,215,185,160,11,97,432,382,660,125 
1566	9,8,18,790,12,392,44,317,491,140 
1567	225,96,269,404,357,525,1078,850,9,992 
1568	43,67,521,901,60,951,214,799,354,1010 
1569	283,1009,36,616,219,143,592,172,913,596 
1570	96,462,362,354,42,111,563,380,76,521 
1571	74,37,165,87,542,422,90,345,56,288 
1572	398,26,393,1167,183,806,480,197,88,568 
1573	491,74,8,393,108,345,178,267,140,293 
1574	88,56,574,197,568,77,70,815,720,317 
1575	614,361,965,636,275,213,163,483,58,660 
1576	965,148,1112,200,179,636,186,631,1285,522 
1577	222,959,520,400,492,217,563,565,65,1061 
1578	228,116,222,130,234,338,296,577,342,224 
1579	895,782,1054,1242,377,1100,906,404,673,278 
1580	245,1065,400,784,492,509,689,318,789,322 
1581	32,522,122,361,325,213,1031,614,1122,5 
1582	716,409,216,441,48,659,533,587,534,215 
1583	111,164,13,520,985,245,773,935,264,318 
1584	173,150,492,716,72,293,1020,679,249,832 
1585	138,627,930,583,87,219,570,48,448,384 
1586	19,1328,1411,1041,451,768,65,1313,901,1111 
1587	110,8,266,97,338,228,29,716,407,58 
1588	723,91,433,164,813,426,19,525,90,402 
1589	113,267,457,27,9,575,954,60,82,630 
1590	458,376,127,44,20,195,126,62,448,165 
1591	159,107,110,249,72,338,144,29,68,411 
1592	14,334,149,25,44,31,77,205,1221,471 
1593	565,528,526,49,422,111,225,132,264,749 
1594	36,448,43,82,276,283,596,839,402,300 
1595	164,1020,985,57,107,784,140,235,675,53 
1596	166,462,941,426,82,458,273,31,433,307 
1597	140,289,288,422,37,366,4,580,808,127 
1598	116,103,159,342,138,44,14,228,421,60 
1599	569,378,901,539,78,1439,19,999,65,1491 
1600	9,24,790,754,365,624,108,51,534,215 
1601	225,577,409,159,266,165,610,574,420,720 
1602	462,65,426,799,569,358,712,1010,164,727 
1603	32,107,122,249,11,891,541,40,296,253 
1604	183,35,534,103,716,610,409,577,437,465 
1605	143,1009,276,592,283,300,205,36,656,45 
1606	161,217,266,66,420,197,534,317,289,662 
1607	107,11,382,97,8,541,253,125,182,390 
1608	108,72,161,213,250,18,85,12,40,614 
1609	159,422,985,307,90,431,521,56,575,492 
1610	6,180,400,164,985,57,689,784,850,935 
1611	462,378,91,307,433,521,951,723,358,214 
1612	120,44,43,149,596,307,754,366,601,222 
1613	67,56,566,20,19,111,135,42,1058,264 
1614	577,199,317,545,23,131,633,480,263,228 
1615	462,941,901,397,91,799,433,1010,951,307 
1616	698,34,1261,444,77,111,826,1066,22,264 
1617	91,1058,951,397,146,521,269,525,813,82 
1618	695,547,242,457,518,103,249,370,161,235 
1619	528,184,264,342,111,790,221,199,284,422 
1620	43,67,426,723,82,65,78,960,36,566 
1621	57,107,221,457,773,108,377,954,679,514 
1622	122,266,151,97,58,228,185,541,587,659 
1623	56,393,745,74,342,267,37,77,335,20 
1624	596,930,120,276,334,656,45,957,627,204 
1625	1167,720,807,140,368,580,745,698,984,376 
1626	97,160,215,266,58,541,522,185,382,125 
1627	85,32,891,382,107,296,11,429,804,432 
1628	48,138,234,570,930,276,601,804,251,296 
1629	74,577,54,165,140,542,244,127,164,421 
1630	457,767,65,53,217,132,357,57,9,935 
1631	389,441,39,660,407,18,311,234,361,486 
1632	154,491,398,244,197,342,345,24,894,545 
1633	53,199,74,295,3,422,345,790,528,65 
1634	276,60,289,410,76,31,592,9,264,965 
1635	228,492,42,1020,164,429,8,189,264,253 
1636	429,185,40,107,53,365,58,228,5,87 
1637	345,164,57,377,24,4,295,679,20,113 
1638	782,335,963,1430,154,1167,984,199,421,109 
1639	49,421,3,1204,452,199,109,906,57,984 
1640	520,56,217,444,630,78,322,159,400,689 
1641	276,289,839,45,930,448,31,458,126,627 
1642	130,151,361,832,287,213,679,619,113,1020 
1643	159,107,185,8,249,325,541,891,97,522 
1644	43,166,67,378,458,239,60,1148,283,31 
1645	1080,163,148,732,179,631,981,614,636,1013 
1646	138,128,627,839,456,601,705,583,111,652 
1647	596,143,839,120,930,448,656,36,458,1235 
1648	295,228,4,415,56,421,165,3,542,679 
1649	462,941,426,901,315,521,307,799,1148,951 
1650	465,398,533,619,72,659,488,12,317,409 
1651	389,441,18,488,581,110,533,48,351,11 
1652	448,596,334,458,930,82,605,205,1193,725 
1653	122,325,185,11,97,151,541,382,395,228 
1654	361,66,14,545,4,60,78,116,45,218 
1655	389,311,361,68,18,407,58,441,310,275 
1656	122,325,32,900,115,103,160,965,29,125 
1657	215,186,289,103,234,484,487,185,411,660 
1658	32,160,185,85,382,18,11,253,432,325 
1659	1261,613,1111,222,34,368,345,284,285,171 
1660	97,110,160,486,253,706,361,395,124,538 
1661	1080,200,1320,1122,631,179,981,361,115,1494 
1662	166,67,354,727,433,521,951,315,960,999 
1663	111,429,29,742,266,142,185,804,58,5 
1664	930,276,729,143,147,66,25,592,138,833 
1665	34,895,782,102,1242,826,1204,1032,598,88 
1666	127,19,881,9,1058,20,828,24,580,1328 
1667	444,18,24,651,56,154,494,742,164,377 
1668	103,522,124,382,125,185,541,917,390,502 
1669	147,930,138,847,627,40,48,754,1235,601 
1670	32,68,66,249,11,541,325,97,891,429 
1671	250,415,420,253,232,659,115,18,742,706 
1672	376,850,527,1041,743,1058,140,362,1100,494 
1673	462,67,901,36,433,950,1010,337,458,239 
1674	76,225,140,43,458,82,451,606,1012,946 
1675	283,1009,300,500,1101,219,143,1039,579,276 
1676	357,264,42,720,62,221,27,9,49,935 
1677	146,13,755,813,20,43,1328,64,173,936 
1678	18,361,107,213,965,142,32,441,53,483 
1679	965,370,1080,486,161,275,103,72,441,122 
1680	163,179,981,631,200,614,1320,1122,1423,676 
1681	706,850,631,76,1122,1223,249,271,860,832 
1682	984,351,745,393,374,480,806,633,35,140 
1683	743,378,1466,451,566,1360,166,380,655,91 
1684	568,681,264,906,357,217,698,114,528,1430 
1685	839,138,82,429,111,583,521,458,24,157 
1686	289,4,267,128,345,23,545,43,126,48 
1687	109,42,565,828,269,319,985,353,64,376 
1688	62,985,56,76,82,307,96,362,353,565 
1689	577,9,74,398,345,140,225,108,542,178 
1690	14,790,82,295,267,77,48,345,307,521 
1691	965,32,614,161,1080,5,29,148,107,310 
1692	264,217,494,88,357,786,34,189,43,218 
1693	8,32,185,68,289,160,186,253,432,310 
1694	43,378,1328,96,499,90,539,307,91,942 
1695	342,565,18,444,189,64,159,575,4,542 
1696	140,111,108,344,580,679,777,1280,492,16 
1697	43,111,60,31,569,283,289,76,143,477 
1698	216,197,35,4,742,183,409,398,488,338 
1699	19,62,321,337,88,43,1111,451,283,60 
1700	480,393,23,491,77,178,815,534,49,78 
1701	26,608,720,932,633,568,704,217,768,480 
1702	60,458,65,214,808,53,166,186,64,42 
1703	49,26,217,140,745,53,574,295,452,790 
1704	140,56,959,1127,630,415,689,565,57,747 
1705	575,180,264,217,494,492,57,400,773,1153 
1706	289,150,429,656,521,386,307,48,601,25 
1707	26,704,1478,1204,109,368,480,184,1167,83 
1708	66,32,185,742,432,58,186,475,351,382 
1709	354,813,366,24,881,64,82,380,330,111 
1710	378,222,723,9,569,214,422,24,799,448 
1711	253,742,72,113,235,361,467,310,122,106 
1712	377,826,981,1188,782,26,357,631,76,1122 
1713	659,216,465,232,249,253,115,256,53,742 
1714	142,264,116,545,441,370,51,228,18,159 
1715	26,528,1478,895,181,906,773,377,202,527 
1716	178,392,491,140,56,8,33,159,9,345 
1717	228,235,53,742,467,518,415,389,110,106 
1718	217,716,374,488,235,48,4,1020,475,111 
1719	462,378,901,397,799,521,315,960,214,1182 
1720	60,580,64,723,951,106,808,288,354,87 
1721	49,62,357,353,1078,42,527,217,935,319 
1722	9,289,60,267,87,142,66,135,157,77 
1723	199,574,88,791,1204,421,1102,906,109,56 
1724	1080,965,148,275,163,361,732,32,39,538 
1725	56,67,743,444,566,13,608,269,1261,1 
1726	159,8,107,296,289,804,122,58,382,432 
1727	1009,596,276,283,592,36,300,500,605,195 
1728	66,48,161,215,142,475,361,68,891,157 
1729	138,839,448,583,334,48,429,10,82,456 
1730	53,393,345,357,109,295,14,267,116,217 
1731	173,267,415,180,27,335,78,108,220,6 
1732	27,803,108,614,1188,370,832,1309,57,693 
1733	321,88,76,688,14,19,62,1261,676,37 
1734	82,36,402,31,569,337,111,335,222,665 
1735	34,640,782,1242,910,1261,181,1032,598,88 
1736	26,284,377,613,480,826,1066,404,267,217 
1737	1204,826,975,109,49,984,154,621,267,704 
1738	720,83,912,704,853,421,963,199,118,368 
1739	199,777,480,109,452,116,984,42,633,197 
1740	72,122,58,185,325,8,660,11,382,395 
1741	965,148,200,163,186,636,732,275,311,161 
1742	673,76,981,895,1107,62,37,217,1111,821 
1743	992,380,43,569,451,1041,378,1360,686,1015 
1744	120,66,289,219,519,583,25,955,957,729 
1745	1328,96,1466,19,90,539,813,167,433,1343 
1746	521,64,43,87,288,431,565,96,289,116 
1747	480,568,613,321,199,111,345,777,357,782 
1748	534,197,87,54,421,228,351,244,66,398 
1749	534,491,267,24,72,42,421,35,87,37 
1750	60,76,337,569,239,189,289,362,448,273 
1751	187,743,90,164,539,462,723,127,173,140 
1752	82,189,415,614,57,106,164,421,370,24 
1753	225,480,392,491,23,393,184,377,565,534 
1754	528,62,376,221,720,404,1078,353,520,932 
1755	37,179,18,34,614,337,157,631,362,788 
1756	462,43,62,36,458,397,172,76,1367,283 
1757	163,898,179,1309,1080,148,1423,1320,102,640 
1758	49,197,777,4,398,633,357,815,109,293 
1759	18,581,361,580,444,57,806,777,716,8 
1760	264,42,491,154,244,54,33,1085,20,127 
1761	82,342,60,87,723,90,431,951,44,173 
1762	269,525,380,743,146,127,20,64,461,111 
1763	60,9,66,521,839,214,37,31,76,402 
1764	1080,965,148,732,614,971,275,179,349,370 
1765	345,186,88,26,444,150,82,545,78,60 
1766	782,335,102,720,1168,377,768,1100,202,1107 
1767	361,235,161,457,130,679,675,115,832,76 
1768	36,1439,616,1009,1216,569,135,315,795,788 
1769	458,60,76,14,9,78,87,37,66,786 
1770	967,1058,222,397,307,426,1328,521,451,580 
1771	963,806,199,628,1167,421,1204,26,197,756 
1772	984,528,88,906,53,78,452,165,832,345 
1773	898,62,676,925,337,514,821,912,458,321 
1774	65,41,422,187,813,566,525,20,692,14 
1775	850,1423,102,163,278,88,853,1107,631,181 
1776	1080,361,186,32,148,636,311,654,103,971 
1777	706,374,475,235,472,253,42,53,5,954 
1778	56,1261,569,404,217,82,164,264,135,345 
1779	32,122,58,228,429,432,186,266,151,310 
1780	757,421,109,633,452,165,528,57,42,542 
1781	581,1476,757,693,245,1280,106,108,357,1065 
1782	640,1267,826,598,1309,1107,225,1188,910,217 
1783	43,36,712,539,727,273,31,521,665,78 
1784	850,225,357,18,345,563,720,82,832,773 
1785	18,66,185,253,429,432,325,289,11,411 
1786	62,321,111,337,613,14,135,421,786,285 
1787	9,27,457,267,18,357,345,563,773,187 
1788	64,4,289,42,422,140,189,808,127,142 
1789	345,494,377,295,393,150,542,109,13,74 
1790	357,159,1423,1223,27,53,245,264,444,42 
1791	458,43,82,173,195,120,205,87,135,410 
1792	289,18,142,72,103,338,10,215,477,43 
1793	48,128,627,224,120,108,705,891,111,487 
1794	574,295,374,357,480,351,140,284,580,542 
1795	448,82,596,60,222,189,521,14,143,307 
1796	163,1335,631,910,1423,1054,1223,640,1188,202 
