0	1479,1101,0,1037,446,300,729,169,1272,957 
1	178,264,87,651,23,824,369,848,1150,335 
2	58,249,148,186,443,110,441,266,748,1354 
3	1408,35,49,289,884,415,749,719,1066,848 
4	189,1093,377,635,745,719,472,267,77,459 
5	438,395,599,371,58,430,524,1175,1136,443 
6	401,501,451,369,848,289,959,603,1153,675 
7	1126,947,1295,266,1065,149,87,1212,150,836 
8	650,443,1354,1376,320,438,213,311,1090,48 
9	1018,150,1145,392,1395,461,1437,824,545,197 
10	108,68,917,1062,72,443,18,1354,595,752 
11	796,108,823,538,311,211,122,395,934,1354 
12	441,564,449,443,182,224,595,1443,660,250 
13	218,1240,824,53,1241,1410,87,45,461,743 
14	446,1358,1435,412,77,264,53,117,1437,797 
15	1243,65,140,318,968,178,1217,1261,1159,757 
16	5,441,468,32,250,407,29,12,1090,1126 
17	534,932,187,1145,392,679,412,1408,35,1024 
18	1408,1066,1446,832,645,679,183,749,1167,459 
19	43,539,692,302,1373,1365,100,399,664,1148 
20	178,187,77,608,35,262,264,1395,173,189 
21	986,692,74,1395,461,233,138,945,421,348 
22	1476,1002,927,229,721,141,369,289,215,427 
23	289,367,534,74,117,508,357,335,692,648 
24	790,386,77,267,49,1085,288,89,556,54 
25	1153,1044,767,779,220,1065,353,206,947,401 
26	945,1373,100,1088,90,649,62,692,63,842 
27	438,12,136,650,351,61,1062,232,460,235 
28	1324,561,218,714,514,113,238,630,24,20 
29	664,49,680,419,549,1006,74,274,154,76 
30	917,311,486,325,338,182,516,1090,1376,1175 
31	470,1437,1116,828,1233,74,1271,1486,709,220 
32	622,501,1437,656,289,616,1022,664,369,348 
33	18,395,32,443,1175,432,48,1464,1163,72 
34	33,317,781,662,90,159,601,1018,23,653 
35	1005,13,412,1200,461,421,1145,336,1481,368 
36	392,173,1395,77,1333,10,675,90,876,888 
37	1010,195,426,725,914,31,508,1196,451,363 
38	335,178,773,318,374,534,140,235,501,35 
39	38,302,550,901,1182,941,665,687,1246,1144 
40	72,522,432,1175,407,108,823,759,61,211 
41	1018,1395,1045,4,1065,1404,463,369,508,149 
42	369,264,10,1212,662,87,139,472,1022,1145 
43	369,23,461,289,927,721,44,1018,781,825 
44	23,1065,603,1437,33,543,890,1217,461,514 
45	65,881,1311,402,1041,451,401,845,348,378 
46	723,1238,2,401,269,408,355,501,402,1127 
47	392,87,116,218,945,1342,477,1437,837,365 
48	1163,367,917,486,705,493,797,675,407,108 
49	1437,178,289,65,1150,461,679,459,664,494 
50	402,412,165,87,21,451,1454,117,1228,471 
51	336,651,471,1498,945,87,521,1378,140,96 
52	649,187,1395,743,1437,507,839,824,1132,998 
53	1476,759,1212,847,150,750,649,596,914,508 
54	748,68,650,430,1062,266,177,614,1215,1129 
55	108,1090,538,58,796,29,934,211,1354,752 
56	364,87,835,848,1116,1382,392,1044,909,348 
57	74,1018,1395,790,534,267,369,675,911,89 
58	407,311,110,823,249,320,538,1376,61,880 
59	8,650,1163,224,934,475,250,58,752,395 
60	1077,945,773,401,336,985,220,37,1153,24 
61	885,1443,1175,522,441,115,1136,182,524,510 
62	580,422,74,664,459,1498,221,909,47,651 
63	292,647,980,945,183,318,342,1258,335,1018 
64	276,862,1119,252,1248,266,797,570,1065,24 
65	57,888,896,565,494,1098,35,1018,256,187 
66	1018,246,87,127,401,262,191,22,966,13 
67	288,421,405,848,574,178,89,543,1252,986 
68	369,336,87,348,96,525,189,1482,214,1190 
69	1000,117,490,864,1342,204,158,127,116,412 
70	9,523,1117,936,1454,501,150,469,1018,507 
71	182,590,1173,891,211,595,311,325,796,124 
72	75,692,401,1454,1065,1018,651,911,347,508 
73	165,1437,653,647,393,222,1217,127,230,237 
74	38,166,402,462,1373,1361,960,916,297,941 
75	438,61,5,823,177,68,249,885,1443,797 
76	945,1217,890,1145,1437,1150,675,848,140,574 
77	1065,1018,87,13,150,149,96,947,392,848 
78	393,968,434,20,842,1116,357,459,419,1299 
79	1018,318,74,246,233,24,303,574,610,932 
80	4,781,463,742,1437,289,471,825,385,651 
81	945,886,164,348,523,881,566,62,366,1018 
82	656,143,204,384,436,1483,864,1140,1470,1193 
83	1190,610,116,178,412,927,945,534,580,117 
84	159,58,48,1175,68,72,39,1376,443,759 
85	13,150,269,75,348,1454,380,1058,1150,117 
86	296,338,211,891,1295,40,160,847,1447,797 
87	790,342,1217,653,890,175,425,24,343,1145 
88	438,1163,823,159,257,449,797,1354,5,752 
89	742,224,438,8,213,748,660,94,1249,136 
90	165,861,719,472,801,244,189,1379,295,409 
91	120,446,334,596,490,195,652,830,440,914 
92	295,452,289,127,1333,444,264,405,267,343 
93	1102,89,501,459,1408,1070,49,267,909,940 
94	370,211,87,338,108,1163,441,348,1085,1395 
95	539,166,462,1313,901,1149,1361,702,135,277 
96	438,216,752,748,430,177,249,250,1175,449 
97	982,1231,6,1061,747,575,779,514,773,946 
98	1354,311,395,122,61,538,160,823,522,313 
99	825,580,237,264,679,156,890,293,848,173 
100	237,348,87,451,1041,828,848,692,1476,444 
101	211,367,250,351,72,797,252,1354,35,1173 
102	459,692,288,1150,1476,514,444,828,114,508 
103	139,7,754,108,51,383,1395,876,72,493 
104	237,1476,1395,679,305,187,945,664,422,335 
105	1058,808,408,426,523,936,1395,525,1454,75 
106	262,452,127,1065,1476,1408,405,1293,561,828 
107	264,127,927,534,945,556,342,608,635,1005 
108	1175,407,522,395,61,432,430,475,797,1396 
109	1370,1127,786,1078,520,1352,322,776,446,1347 
110	338,97,311,61,160,430,823,1443,72,590 
111	1327,779,262,1342,501,336,269,520,274,773 
112	101,392,610,33,246,381,459,1045,1476,780 
113	1383,689,274,262,342,1498,1382,722,277,374 
114	647,1126,348,705,797,338,1098,475,51,595 
115	1443,871,595,250,1175,493,538,748,1464,1205 
116	1443,443,1175,1354,250,311,759,122,48,516 
117	262,392,610,401,178,233,848,23,369,932 
118	935,1061,985,221,731,9,1028,954,191,262 
119	407,1443,32,759,748,443,249,468,320,564 
120	493,407,125,97,211,796,823,320,486,151 
121	773,392,319,828,459,514,1150,154,1378,1437 
122	50,957,120,596,471,60,168,1470,289,652 
123	848,1485,1018,523,164,369,264,471,277,664 
124	173,90,295,1018,1190,635,1252,267,945,109 
125	947,206,426,563,127,509,842,1327,959,714 
126	1175,759,438,489,407,395,48,151,217,488 
127	1354,5,103,110,29,917,320,587,48,32 
128	603,848,421,1437,1217,87,1476,1404,197,543 
129	116,369,927,139,471,1190,138,721,521,525 
130	1236,777,1200,357,742,888,264,536,165,218 
131	578,647,1116,419,743,896,1442,943,26,75 
132	725,742,1342,597,1212,957,238,572,1241,369 
133	401,1395,1018,116,75,23,150,927,1437,178 
134	395,407,122,1376,614,68,29,823,460,516 
135	438,48,107,742,250,108,249,211,110,39 
136	1175,1173,1062,595,1354,58,320,1023,1090,443 
137	68,1090,917,338,748,58,516,891,1376,1175 
138	890,664,62,876,465,1066,622,512,421,428 
139	117,244,89,1190,1379,1145,267,369,1065,54 
140	218,1145,927,459,534,178,154,705,848,139 
141	182,395,144,338,516,443,1354,524,97,108 
142	421,150,1333,189,1065,165,288,1217,508,307 
143	716,252,437,1126,489,742,493,24,125,662 
144	4,1236,127,364,392,348,367,848,638,49 
145	514,512,1044,392,494,374,836,90,1383,534 
146	75,945,77,165,760,781,734,96,911,348 
147	189,980,1022,797,471,1126,383,23,781,750 
148	896,1413,513,534,49,743,647,514,113,1408 
149	538,587,460,211,12,891,58,1062,564,311 
150	675,267,49,262,178,127,514,824,4,932 
151	1126,1163,508,438,407,595,58,139,662,250 
152	23,664,348,150,412,451,1342,461,264,289 
153	934,885,122,215,1354,595,160,182,823,123 
154	77,264,85,927,369,218,847,603,759,44 
155	50,195,596,356,10,149,656,519,90,369 
156	1483,957,1326,596,1414,1170,446,1272,605,1059 
157	426,471,974,725,947,1217,477,830,1333,89 
158	29,1464,475,1354,1173,797,660,266,110,325 
159	836,421,943,472,338,662,114,945,1046,797 
160	1409,188,357,609,385,314,114,101,653,1416 
161	1278,336,755,768,469,90,1436,167,1378,1015 
162	159,441,8,250,1212,211,934,564,216,136 
163	468,141,1042,32,679,691,438,1212,460,1126 
164	53,187,601,113,935,780,111,175,624,932 
165	87,1018,90,1404,1085,1217,534,405,89,229 
166	742,1395,692,412,662,369,288,945,554,557 
168	759,432,752,493,249,224,395,748,1090,1062 
169	1098,165,1018,945,345,719,501,1330,49,1437 
170	1127,93,666,689,27,1372,985,776,1498,403 
171	837,446,662,862,367,1476,501,156,797,267 
172	122,587,493,748,311,614,917,510,1175,1354 
173	574,1018,1293,1252,246,1437,1217,824,580,127 
174	182,438,753,553,923,72,796,215,748,891 
175	1454,839,204,158,260,864,401,1287,117,1342 
176	1354,395,320,587,590,311,72,891,182,541 
177	885,1354,748,213,538,1173,1062,29,796,1090 
178	716,885,250,224,125,177,934,108,249,752 
179	430,1163,72,468,250,8,587,1090,58,253 
180	24,459,348,747,401,647,1133,508,630,90 
181	969,175,242,151,396,237,958,780,932,1472 
182	356,1342,277,283,471,1022,127,974,165,980 
183	5,29,748,590,52,110,395,48,211,1136 
184	534,720,74,367,293,57,1065,393,836,494 
185	41,514,664,150,892,380,845,1454,967,1360 
186	56,154,23,87,89,244,675,651,1145,295 
187	1470,50,656,195,957,471,894,456,1011,1073 
188	890,494,662,1217,365,472,705,184,543,159 
189	945,501,630,289,96,881,554,1279,1456,519 
190	369,1476,44,1342,149,422,408,401,120,647 
191	49,757,598,675,1446,653,1102,377,183,543 
192	127,543,89,405,1217,1005,824,890,178,781 
193	24,367,1422,156,1212,808,1382,212,1022,401 
194	395,5,885,29,224,108,61,1249,590,460 
195	946,501,842,828,1378,494,675,1279,305,1150 
196	114,244,501,790,444,154,945,1333,412,848 
197	179,5,438,650,430,1023,1036,524,375,510 
198	935,959,630,191,326,268,512,155,1238,776 
199	77,165,4,1065,647,355,824,525,986,461 
200	460,407,1175,107,61,438,650,419,759,1090 
201	74,13,246,890,463,635,408,848,49,90 
202	650,32,1173,430,516,1062,213,1175,395,151 
203	289,150,1018,24,4,1252,246,47,1005,187 
204	891,5,438,1129,122,48,97,110,595,646 
205	748,122,97,1354,110,61,311,823,516,752 
206	501,187,911,108,392,120,11,158,781,508 
207	890,680,348,675,1098,1051,235,342,338,309 
208	380,998,755,507,580,469,369,1360,800,69 
209	827,720,199,777,237,1098,392,225,218,428 
210	165,494,127,288,848,773,565,75,523,828 
211	1145,1018,288,1217,89,117,580,848,1150,237 
212	6,779,509,959,722,773,93,682,155,563 
213	213,522,250,311,614,122,68,917,29,516 
214	748,587,249,430,752,72,432,1354,311,107 
215	120,1018,566,1459,514,649,1248,47,267,537 
216	471,165,356,927,1402,408,117,283,227,1203 
217	1342,1000,1395,356,458,276,421,913,647,89 
218	288,49,444,114,890,986,295,1379,54,1476 
219	218,87,342,49,1217,892,721,911,156,1065 
220	777,54,635,444,848,178,89,824,1043,861 
221	13,218,4,444,1145,998,828,33,1454,591 
222	595,108,917,103,796,797,934,614,61,86 
223	486,493,407,449,654,441,68,224,213,516 
224	264,49,218,459,111,890,945,790,653,580 
225	660,275,818,754,148,903,885,200,367,1473 
226	211,614,595,97,1062,538,395,460,934,61 
227	61,493,595,1062,1175,250,443,1376,311,407 
228	1279,24,116,734,1365,1167,246,210,603,189 
229	1419,38,214,1432,1297,203,402,207,408,401 
230	61,4,77,348,911,165,1395,90,189,117 
231	338,438,797,139,407,29,472,66,222,475 
232	357,53,1437,105,74,183,777,87,720,837 
233	401,514,335,87,2,1342,848,1116,444,1077 
234	1058,824,1029,1454,1343,53,534,692,501,630 
235	397,302,999,1313,1373,209,515,990,1246,1149 
236	70,945,237,452,392,101,514,746,743,240 
237	475,125,564,430,614,493,159,595,582,395 
238	580,369,289,1252,127,974,77,1395,824,927 
239	61,449,934,1215,58,1464,847,754,250,876 
240	125,1090,441,72,61,110,395,58,1212,8 
241	513,1395,288,53,501,743,624,1236,828,357 
242	29,125,823,1447,934,5,646,97,1453,1249 
243	742,139,911,1085,369,754,10,1022,248,477 
244	53,888,780,945,114,150,836,647,117,264 
245	839,1454,402,294,277,622,100,239,864,712 
246	754,177,8,1266,124,395,650,48,1175,430 
247	1150,1217,848,421,264,543,89,288,459,1252 
248	96,649,307,164,881,554,1058,521,78,1132 
249	945,769,77,377,1236,293,184,374,680,49 
250	72,934,796,211,660,891,486,395,759,590 
251	443,751,125,257,449,1215,595,823,1354,796 
252	653,218,632,1333,117,114,184,264,603,719 
253	912,503,879,434,452,943,1261,884,76,131 
254	1443,1163,395,797,564,934,1175,660,1386,257 
255	295,289,444,848,534,1437,1333,675,824,1005 
256	393,603,87,777,1150,321,601,77,824,1159 
257	742,1217,1005,459,679,780,35,101,233,781 
258	1248,603,338,76,1234,252,557,472,797,45 
259	348,105,44,264,947,754,837,781,1437,342 
260	172,458,1018,4,839,1015,356,1022,1065,1477 
261	650,438,1396,595,108,1386,115,493,662,258 
262	934,443,395,595,234,823,108,1163,215,122 
263	288,392,75,336,1395,77,508,935,1145,189 
264	808,1485,269,75,886,892,471,380,566,813 
265	276,348,839,76,1476,224,471,554,165,841 
266	367,365,581,293,159,111,1145,351,472,170 
267	233,117,342,1098,1437,635,890,651,1005,1217 
268	1163,72,1090,1376,614,587,432,108,61,748 
269	77,33,824,651,87,178,945,49,459,890 
270	18,570,1175,472,72,58,1036,1396,680,559 
271	1437,675,77,348,44,1333,392,244,456,945 
272	77,837,53,189,392,61,501,651,49,885 
273	501,1395,1000,802,156,841,44,127,876,930 
274	438,18,432,1354,796,68,590,72,430,258 
275	1236,178,1394,293,824,534,514,187,836,165 
276	125,72,250,430,917,1376,934,1163,564,660 
277	1190,781,705,808,647,348,1342,44,150,366 
278	779,6,155,1153,1308,563,512,1044,1445,1382 
279	114,945,342,1481,412,940,199,264,580,244 
280	267,189,679,165,742,848,419,836,1029,514 
281	534,444,127,33,543,890,452,264,117,323 
282	1004,459,218,932,238,861,65,1070,96,549 
283	222,1408,47,512,580,405,749,1437,374,757 
284	1217,540,1465,412,651,512,405,1395,264,262 
285	127,1159,288,233,89,790,680,117,651,412 
286	453,165,49,651,514,750,961,824,745,549 
287	1383,289,514,664,1116,150,392,1145,393,178 
288	77,534,1395,117,173,781,945,87,1333,421 
289	4,150,90,471,808,45,848,165,580,127 
290	486,510,1175,48,468,460,614,151,395,1443 
291	648,173,508,465,415,377,114,468,87,653 
292	1395,369,890,4,342,1378,540,381,140,1383 
293	50,596,276,446,334,24,366,1000,1342,490 
294	252,183,419,49,536,501,1476,317,131,415 
295	493,407,249,320,430,1354,8,58,250,587 
296	430,234,654,108,438,1129,646,177,1062,1249 
297	2,189,274,689,624,603,191,459,4,353 
298	945,514,835,237,848,413,943,35,624,1476 
299	716,127,7,1465,250,1212,797,1106,1098,1018 
300	759,5,443,590,407,460,395,29,614,249 
301	936,755,967,369,664,13,874,998,401,208 
302	430,258,486,5,1175,524,110,1036,489,614 
303	90,173,653,54,1029,187,89,131,693,1315 
304	797,325,1212,650,489,1464,707,407,522,1175 
305	1464,392,759,1062,837,211,77,449,1244,117 
306	660,40,430,748,211,68,595,934,338,177 
307	696,302,43,999,67,960,1505,1246,990,297 
308	250,338,1212,742,117,1062,438,216,1163,716 
309	53,675,335,566,150,1159,392,603,824,1307 
310	728,415,53,218,293,184,230,1430,428,534 
311	392,77,342,49,1116,159,777,293,1443,393 
312	166,712,1088,1313,2,1149,214,209,1007,649 
313	580,777,1,90,237,114,47,412,608,525 
314	320,110,430,516,432,587,1376,748,72,1136 
315	945,127,790,890,543,1395,534,848,421,459 
316	307,523,78,9,702,627,471,1065,53,514 
317	864,356,336,622,204,384,986,1041,1503,649 
318	704,945,49,461,1307,932,178,127,412,1005 
319	222,1279,1342,458,980,501,1196,348,692,627 
320	6,1077,1153,191,75,93,1279,1300,283,422 
321	633,1446,415,345,1236,465,1167,832,1057,77 
322	19,616,1125,665,777,471,918,1070,622,1440 
323	432,1464,159,395,748,72,250,752,1175,311 
324	197,149,1018,187,1098,74,57,1476,140,610 
325	823,103,885,123,1173,5,234,1062,1447,516 
326	0,1367,606,1299,1066,519,664,1137,578,616 
327	1378,24,666,262,514,935,459,75,218,374 
328	369,580,813,269,433,189,164,1451,348,630 
329	966,47,1298,861,630,779,6,364,695,244 
330	842,945,1287,307,1395,288,664,947,839,1437 
331	249,432,250,338,660,108,182,407,1443,29 
332	195,674,596,1483,830,572,647,1459,1454,434 
333	514,451,355,813,1065,501,408,218,165,839 
334	218,65,4,385,62,392,1190,77,49,1391 
335	29,797,61,159,430,733,489,775,502,1129 
336	142,945,369,892,139,356,1212,705,781,508 
337	795,36,300,913,930,262,356,1101,1477,777 
338	616,820,277,1454,813,1088,214,75,401,1451 
339	49,197,1098,1476,357,23,653,87,74,1126 
340	593,1204,282,218,401,824,171,667,154,237 
341	48,242,370,1018,289,197,374,351,187,797 
342	680,57,240,357,421,392,610,111,494,836 
343	204,649,189,24,1079,356,369,1504,127,1181 
344	885,430,1354,1173,796,934,395,257,752,160 
345	1117,1311,967,366,630,469,702,808,13,970 
346	85,145,1396,1212,161,660,29,110,151,32 
347	61,18,587,85,432,151,716,395,8,58 
348	430,125,759,796,58,1354,5,177,213,1062 
349	1395,501,48,759,692,187,1212,748,108,77 
350	635,932,44,444,459,825,408,381,664,127 
351	244,289,556,790,295,824,1379,781,1351,405 
352	622,1022,288,742,24,754,1018,77,89,1085 
353	565,471,369,760,178,1190,692,577,307,408 
354	603,1252,154,49,745,187,1351,1217,556,604 
355	166,294,696,1172,1192,521,214,207,1451,949 
356	494,790,512,87,890,1351,412,173,1333,77 
357	930,1219,297,1001,1305,458,1355,172,1373,702 
358	1287,1098,494,630,274,1395,100,649,117,892 
359	500,494,1279,1196,1065,117,512,386,393,262 
360	130,650,797,1136,48,759,1376,438,1062,430 
361	891,486,660,311,538,122,213,516,748,460 
362	702,951,366,462,333,1055,616,839,999,172 
363	23,1395,150,750,127,111,580,603,1005,781 
364	385,824,675,336,1190,33,87,173,534,911 
365	460,395,1163,438,1464,58,110,266,61,382 
366	1437,591,1454,366,451,461,218,501,117,355 
367	742,235,24,392,218,489,252,48,338,1126 
368	23,421,647,357,405,675,679,824,116,635 
369	934,595,614,103,29,130,1175,249,438,68 
370	426,348,1088,90,950,471,422,189,1502,1007 
371	444,335,927,911,461,932,1145,580,1437,574 
372	1126,1106,216,438,564,885,1062,475,1163,748 
373	12,211,590,110,40,1354,934,107,97,752 
374	451,116,471,264,53,175,824,1454,1217,100 
375	1476,222,293,303,74,534,154,1236,647,1488 
376	1464,266,122,110,115,587,538,389,18,395 
377	29,211,430,1062,213,538,338,564,435,759 
378	183,501,1430,1413,35,77,610,89,494,1481 
379	697,1048,795,817,471,1186,1025,436,950,4 
380	204,1064,839,172,702,90,674,386,802,605 
381	824,154,264,267,580,237,1065,664,33,114 
382	38,302,166,1373,91,1485,67,766,799,65 
383	295,848,927,23,405,1145,233,117,711,1150 
384	603,54,154,173,24,777,848,945,719,459 
385	885,29,224,823,182,1447,796,61,1354,311 
386	72,1163,320,151,1126,61,1396,438,1175,1295 
387	87,797,77,407,647,150,1163,39,187,392 
388	1454,336,743,354,604,987,507,355,380,117 
389	72,885,522,395,595,250,182,320,752,796 
390	935,508,235,335,1308,348,277,1264,836,565 
391	239,288,189,157,77,401,892,203,947,1149 
392	930,596,914,120,656,372,554,307,500,735 
393	438,1173,320,395,432,1464,249,107,1090,516 
394	935,222,1041,974,986,1022,2,808,1333,1437 
395	342,262,835,1372,638,945,512,714,601,87 
396	1058,1160,269,408,936,525,75,584,874,800 
397	472,1051,493,150,1110,1287,759,21,87,923 
398	61,590,934,29,58,68,1354,395,487,489 
399	1217,760,1437,848,343,117,33,49,610,603 
400	653,57,1005,357,199,101,1437,183,4,1200 
401	1449,35,377,374,459,647,57,237,528,411 
402	348,117,288,824,692,523,62,41,87,936 
403	1423,879,1236,1242,1092,34,1267,345,629,1334 
404	748,891,614,522,182,443,72,880,823,1447 
405	1476,452,262,199,1102,1018,263,1005,183,127 
406	397,366,949,222,433,38,580,1327,402,166 
407	90,839,649,422,23,974,433,507,591,461 
408	264,601,1190,781,116,44,90,149,1234,288 
409	461,1018,77,116,317,184,1333,127,189,369 
410	75,288,881,41,936,945,150,165,926,1328 
411	204,149,289,692,1190,53,847,1022,369,1459 
412	1041,881,461,692,380,288,426,1411,1395,755 
413	187,534,87,114,1395,44,1217,836,580,405 
414	68,1090,311,108,122,224,1443,1062,516,1376 
415	97,320,438,595,211,885,72,1090,538,1464 
416	521,366,1417,214,1217,1022,87,514,1364,402 
417	1054,898,782,102,1242,1243,943,1441,888,843 
418	49,404,714,10,1476,1437,1395,649,746,336 
419	1018,87,24,408,33,267,459,945,692,721 
420	253,110,716,1354,430,1090,1376,130,706,1163 
421	295,187,1018,945,49,109,1252,1150,288,601 
422	486,748,1215,654,1341,1386,5,759,266,407 
423	890,601,836,154,248,150,705,1437,1489,49 
424	487,438,748,338,823,125,7,103,1126,430 
425	675,1281,848,267,1333,87,289,421,534,603 
426	68,1023,518,775,5,29,1173,144,258,395 
427	1395,679,647,1092,342,33,1065,114,780,884 
428	26,773,178,1041,1408,1004,1378,369,1070,65 
429	122,249,759,1173,917,1443,250,1376,320,460 
430	407,338,1354,595,660,516,443,320,151,748 
431	41,881,369,945,164,366,886,362,13,9 
432	1212,213,125,438,5,1443,58,1376,1175,564 
433	354,348,408,649,378,936,87,23,1164,630 
434	164,369,603,692,847,1018,1404,1212,797,347 
435	885,211,48,61,1062,1163,538,250,759,748 
436	249,1396,58,1136,570,751,518,752,61,1023 
437	459,49,681,940,392,1005,791,173,1200,932 
438	1190,1437,142,138,197,601,392,1217,554,911 
439	1300,767,1053,1077,1127,896,196,776,854,974 
440	1163,797,242,1062,570,125,213,1215,94,1175 
441	998,408,78,444,1395,150,1018,87,755,307 
442	692,307,189,508,77,65,1410,523,355,1190 
443	1476,1351,543,1437,1379,421,405,237,635,127 
444	58,748,108,493,249,122,338,486,934,1090 
445	1376,587,564,441,614,432,1136,797,136,29 
446	776,342,896,1044,305,274,56,884,1383,1324 
447	264,77,554,164,461,647,44,721,401,10 
448	935,580,890,459,27,165,514,246,392,463 
449	650,182,122,1173,320,796,48,1354,1062,934 
450	90,348,471,519,678,894,1342,142,1190,475 
451	1090,211,338,891,614,40,1062,1175,752,564 
452	1443,818,1163,759,654,213,215,796,275,1129 
453	383,508,797,890,721,249,519,759,477,150 
454	945,514,87,692,4,363,649,165,9,127 
455	401,23,24,264,459,117,233,808,603,1465 
456	797,493,472,1476,367,759,11,945,218,742 
457	150,4,178,401,890,608,824,444,760,651 
458	307,1022,521,616,1172,426,448,687,82,1502 
459	1163,438,125,823,590,177,885,1173,1453,752 
460	603,150,824,1437,369,525,89,233,848,1150 
461	1058,886,1485,1117,692,38,967,378,75,566 
462	1175,441,748,522,395,29,752,823,68,1447 
463	885,311,468,395,642,1023,1062,595,72,443 
464	1443,58,430,311,1090,250,122,1376,1354,796 
465	49,651,461,1437,173,543,1395,369,237,1190 
466	824,1217,244,675,580,405,289,267,1252,1150 
467	369,75,4,664,886,164,41,366,165,755 
468	149,89,184,1217,622,1435,244,264,150,117 
469	295,1018,1252,139,890,543,927,824,412,178 
470	848,289,824,610,116,49,647,111,890,1065 
471	847,911,77,438,90,570,177,1395,211,449 
472	564,660,614,213,748,823,407,759,177,1447 
473	78,874,881,461,514,127,401,1015,1378,504 
474	1333,405,244,790,173,288,580,1437,651,603 
475	515,75,1451,408,348,471,363,630,584,881 
476	29,934,438,395,40,103,646,614,516,257 
477	53,264,405,580,1342,444,591,117,471,790 
478	680,534,242,74,1476,1212,814,235,139,57 
479	493,29,1175,1464,58,68,443,97,1354,1173 
480	300,276,169,1366,1358,1059,205,1064,678,50 
481	70,240,49,1437,267,1261,480,459,1057,653 
482	525,603,24,911,289,154,13,675,1005,74 
483	616,665,808,1022,1000,277,2,687,894,596 
484	1090,493,159,797,108,1266,29,18,325,595 
485	127,824,461,267,679,4,459,77,392,472 
486	173,1217,367,653,1437,317,183,679,114,1190 
487	1452,1030,211,252,934,752,1295,103,40,519 
488	1376,432,443,159,1163,8,72,110,1464,1173 
489	402,348,1025,150,75,1002,149,692,1485,408 
490	74,405,264,24,945,1018,1217,1379,1145,861 
491	1006,1476,106,475,1005,24,647,1098,966,292 
492	934,1173,8,1354,917,5,122,823,1163,94 
493	1351,1018,288,140,543,428,675,444,534,1085 
494	244,114,635,1379,1351,945,393,459,824,428 
495	1085,1342,456,649,1190,1294,1212,1145,24,1217 
496	1175,675,18,705,438,1163,437,595,365,449 
497	821,1403,394,73,1312,1352,1370,606,458,255 
498	1126,781,173,213,662,139,165,11,266,392 
499	823,934,564,1163,12,29,249,350,752,1443 
500	1116,497,274,264,49,290,742,494,647,218 
501	48,430,650,934,885,1106,5,823,213,61 
502	522,58,115,320,249,107,642,660,752,516 
503	539,1149,712,550,358,960,1144,1214,990,739 
504	430,1173,407,395,97,475,211,891,1443,216 
505	1163,486,266,1136,1212,1354,430,1175,432,211 
506	75,945,881,1018,237,354,1117,23,1302,380 
507	72,441,1163,797,885,650,1126,87,1338,646 
508	443,449,1163,125,177,29,68,8,1212,216 
509	1333,1294,980,701,54,228,556,87,189,692 
510	692,53,848,603,392,892,1217,47,824,386 
511	392,635,4,53,1066,1217,1065,54,150,262 
512	336,13,75,165,1018,267,523,471,392,116 
513	692,307,422,401,508,45,355,1279,4,1075 
514	395,441,250,564,449,753,1090,748,1447,716 
515	302,366,813,1172,1144,1313,886,1432,616,1364 
516	213,595,432,32,522,443,407,29,1175,1354 
517	139,543,127,87,1190,1437,927,574,477,444 
518	392,743,1150,675,4,848,945,246,240,543 
519	154,824,945,289,24,543,405,603,173,459 
520	58,1443,934,108,395,891,1173,796,752,516 
521	824,781,154,49,178,1085,1395,127,1476,1150 
522	159,258,125,58,144,130,797,559,1036,1464 
523	1058,1485,369,41,525,893,664,401,501,1395 
524	248,1190,472,647,197,911,35,405,33,44 
525	392,824,1065,1190,90,178,760,608,781,419 
526	173,116,187,1476,49,961,348,848,1085,1190 
527	885,18,107,29,39,468,742,177,564,650 
528	249,1062,650,891,12,234,595,1212,68,296 
529	1476,754,678,87,10,1181,622,120,841,1196 
530	622,143,195,864,1193,23,1186,501,957,1459 
531	49,1018,501,264,150,4,984,318,1045,233 
532	461,75,23,44,408,945,1217,289,721,189 
533	1163,1090,249,1376,68,748,934,1175,407,449 
534	1437,1150,77,65,635,603,47,369,237,54 
535	1307,501,964,528,1005,963,870,114,647,945 
536	650,759,52,1295,338,505,1129,370,1453,125 
537	534,1145,116,74,1018,154,49,10,1190,385 
538	1236,154,222,357,150,1404,501,114,927,1116 
539	117,471,1459,1145,367,229,197,138,1504,392 
540	522,213,1062,29,338,250,1354,122,215,1175 
541	392,1018,945,781,139,1437,421,369,197,111 
542	266,1129,1447,650,590,103,1163,538,271,885 
543	369,808,1085,401,74,149,580,471,392,647 
544	830,172,930,980,986,1196,195,87,1271,1000 
545	421,824,1145,675,90,890,1190,89,393,603 
546	40,748,508,77,4,211,23,438,519,570 
547	250,61,1354,1090,68,917,29,432,320,759 
548	336,471,591,824,1065,277,412,1022,447,514 
549	759,1085,139,1212,189,392,1395,117,471,1126 
550	493,11,907,48,748,61,396,464,646,818 
551	595,441,1163,1354,438,213,430,475,395,1464 
552	264,217,888,351,101,105,986,777,680,472 
553	125,115,595,68,85,1173,1175,917,642,320 
554	295,1351,1018,1252,601,318,459,117,603,635 
555	433,566,222,397,881,426,1432,529,1148,1302 
556	656,471,1504,605,1203,356,1470,1073,1022,195 
557	1163,1090,395,590,122,159,1175,1354,660,39 
558	407,438,797,1163,110,130,468,48,1036,443 
559	237,342,117,1150,392,945,824,790,13,369 
560	590,395,211,68,213,460,5,759,564,136 
561	777,1408,3,23,114,598,720,943,111,1098 
562	395,614,61,564,29,250,407,1175,1090,249 
563	343,24,392,109,293,728,1102,1394,105,318 
564	264,647,165,18,117,367,587,151,1175,751 
565	837,477,317,705,218,61,264,759,11,117 
566	1018,1333,89,267,1005,405,824,603,574,635 
567	74,90,1395,288,348,289,75,77,1379,537 
568	1131,5,510,395,441,535,338,538,1447,1120 
569	781,1212,189,248,229,692,149,401,647,662 
570	515,1451,348,1077,184,1148,149,647,980,1308 
571	150,675,748,248,501,769,291,420,72,360 
572	930,729,839,169,1358,1414,117,630,204,889 
573	1163,12,1062,595,590,934,61,1215,257,1341 
574	516,395,1062,224,266,110,880,882,1443,934 
575	110,430,213,917,590,759,891,823,250,1175 
576	177,484,266,614,396,917,646,1062,535,553 
577	836,647,392,1044,1018,114,512,514,966,22 
578	85,72,311,320,748,110,68,1175,1173,524 
579	150,824,49,848,187,556,405,335,1476,114 
580	945,1379,264,24,662,1085,89,797,1190,114 
581	87,808,471,127,446,519,189,678,1470,980 
582	430,29,748,213,249,107,1467,110,797,1354 
583	635,1217,1018,1437,267,114,848,199,117,444 
584	246,633,1437,49,1005,233,653,1430,647,1018 
585	264,117,534,1333,149,1342,248,519,692,662 
586	371,11,706,438,110,32,1376,250,1386,524 
587	311,538,1090,1062,1173,660,40,29,250,320 
588	96,75,336,566,87,1454,49,269,651,13 
589	797,846,150,1163,894,721,189,851,369,1022 
590	4,173,117,1217,24,33,890,303,244,608 
591	397,1192,1164,21,980,49,539,630,187,554 
592	117,24,781,1217,120,218,87,392,721,99 
593	188,1018,1408,1041,534,501,904,984,187,237 
594	289,264,401,74,150,1150,237,369,425,692 
595	533,647,267,1441,679,293,464,1093,173,1185 
596	166,38,799,1149,951,1182,1432,550,999,294 
597	742,847,165,164,48,1085,911,44,142,24 
598	392,574,1425,57,343,187,610,293,289,459 
599	218,165,248,74,136,85,8,18,7,392 
600	367,759,250,587,40,742,533,1126,564,395 
601	138,1338,438,1435,177,313,837,917,519,501 
602	575,779,1383,268,1065,1378,720,884,1324,75 
603	356,1181,418,674,244,187,471,458,25,10 
604	131,1018,70,246,374,749,884,664,114,945 
605	614,48,587,122,1175,522,213,1443,796,1136 
606	564,58,177,1175,742,662,1036,595,614,1443 
607	438,885,595,796,493,395,1443,823,460,752 
608	5,107,211,538,590,748,1173,614,460,311 
609	980,401,307,1431,1148,1088,412,584,90,649 
610	52,522,215,882,108,103,5,885,224,379 
611	580,74,53,35,4,508,105,945,890,405 
612	1163,5,614,68,934,891,159,1173,590,1443 
613	72,311,1175,516,1354,110,1173,122,29,872 
614	945,1217,90,580,790,295,603,140,173,1145 
615	5,917,443,1447,595,29,934,350,58,460 
616	228,885,365,1126,1369,719,32,1476,1333,165 
617	249,748,1090,1175,110,1062,489,934,8,823 
618	24,692,116,23,369,808,77,76,565,554 
619	117,1145,149,1028,561,790,692,444,401,686 
620	1376,5,85,460,510,1036,97,1163,107,320 
621	1395,87,1018,743,1299,918,356,63,1016,1000 
622	11,917,1173,407,522,72,748,29,338,460 
623	395,430,917,934,614,8,68,443,716,796 
624	116,23,1098,1167,681,1307,288,1018,392,1476 
625	945,295,603,543,90,54,154,1065,514,288 
626	90,336,436,288,356,236,366,554,565,1454 
627	249,32,522,68,752,595,224,432,1106,1464 
628	77,189,808,1145,13,369,521,412,613,947 
629	493,395,1062,108,595,538,160,614,97,320 
630	365,781,716,582,892,18,1018,150,348,4 
631	650,522,213,1354,1090,1175,891,1062,823,1376 
632	508,77,1005,264,117,401,1190,101,288,947 
633	935,714,1378,93,268,36,1233,238,28,335 
634	413,246,561,154,335,896,47,140,357,861 
635	264,120,336,471,705,187,267,508,1065,244 
636	1261,303,645,173,667,632,542,501,222,568 
637	213,125,94,823,934,752,211,145,1429,430 
638	85,250,1090,110,108,231,570,1464,590,614 
639	24,632,1261,256,645,1176,1158,1159,303,1243 
640	606,1278,1156,1460,935,1041,267,664,59,1312 
641	47,1068,392,527,452,459,1261,188,601,238 
642	1197,409,1177,35,1395,1029,1018,675,513,336 
643	61,796,430,823,215,160,122,538,224,752 
644	407,614,564,108,1163,1126,449,475,716,934 
645	116,1098,675,49,357,647,184,1441,843,1281 
646	1062,430,211,68,395,934,40,1173,338,796 
647	603,87,927,127,1395,580,1252,543,848,1437 
648	407,1163,441,122,468,1090,1354,1173,32,258 
649	211,18,216,72,40,252,110,449,752,564 
650	917,222,759,1126,570,136,1212,97,125,1173 
651	1395,927,50,652,366,117,596,705,1206,1294 
652	12,211,1062,564,917,215,122,510,1453,460 
653	1261,514,374,779,1004,401,966,575,959,74 
654	1018,262,451,421,1005,24,4,512,1333,1217 
655	187,1333,24,749,653,49,1379,632,197,1018 
656	692,401,355,461,75,408,514,77,892,237 
657	374,494,1243,884,512,629,262,850,237,16 
658	543,1333,154,534,745,1217,1085,635,945,49 
659	1476,89,824,986,1018,138,392,173,837,90 
660	452,680,1018,3,392,264,888,267,1476,150 
661	580,1065,62,451,664,401,369,412,335,44 
662	471,1294,892,945,1454,369,1018,627,630,228 
663	890,87,444,295,1395,405,1150,603,1065,1085 
664	595,748,395,752,1173,522,516,460,882,493 
665	441,443,29,1175,395,1354,753,32,524,407 
666	120,356,1342,596,471,283,24,665,1299,1402 
667	1090,407,934,5,486,443,796,249,29,1443 
668	8,7,748,797,475,1212,250,39,249,1175 
669	61,1136,395,136,1173,438,216,110,1464,489 
670	493,29,1090,407,614,1376,182,311,891,516 
671	581,716,662,117,1126,142,1465,759,74,780 
672	748,320,1090,1062,122,432,1376,29,110,823 
673	1163,325,338,595,296,395,144,29,1175,1136 
674	83,421,88,598,1200,568,17,24,1261,230 
675	117,224,824,427,514,721,1333,1018,461,837 
676	1163,570,438,614,1212,934,923,716,430,1453 
677	173,653,90,77,421,228,412,1085,837,580 
678	1383,520,1153,93,935,985,132,959,512,773 
679	1090,1376,72,443,407,29,587,1249,257,460 
680	790,832,1041,749,1333,945,679,35,537,828 
681	1163,108,68,61,1175,590,748,759,1062,1354 
682	1498,580,1004,246,235,508,736,1065,1041,720 
683	141,32,1465,969,1065,587,675,512,165,498 
684	554,508,813,75,4,565,471,461,936,2 
685	444,293,264,459,647,534,127,377,824,651 
686	395,85,468,151,1464,430,917,493,1023,68 
687	927,44,117,392,1395,444,781,233,1217,947 
688	1212,249,595,1163,72,650,32,407,1090,647 
689	53,848,635,945,1379,77,288,386,890,412 
690	443,395,891,934,211,1173,1443,590,796,752 
691	1404,335,781,369,87,401,461,342,525,154 
692	1065,519,603,651,1437,1365,471,288,851,23 
693	165,264,317,164,108,624,101,142,136,248 
694	108,885,751,185,489,29,58,441,136,216 
695	267,293,945,183,87,720,1098,305,274,415 
696	714,459,749,318,1018,828,896,274,392,651 
697	430,1173,407,587,58,1175,917,97,1136,823 
698	651,392,117,444,289,1065,305,534,237,647 
699	11,468,5,770,1023,486,1443,660,258,952 
700	342,150,675,452,1476,233,154,848,719,743 
701	29,595,430,443,395,1173,1062,590,614,407 
702	459,401,77,945,189,74,267,603,1150,342 
703	402,166,799,1431,426,820,901,1485,209,239 
704	127,935,289,274,1018,630,364,720,890,1437 
705	719,927,911,264,342,721,472,138,662,647 
706	1018,936,1477,23,264,1378,189,24,164,911 
707	471,392,987,318,743,1383,77,935,75,909 
708	1443,438,311,891,1090,748,796,58,1062,493 
709	342,23,1217,675,233,49,890,848,117,1465 
710	886,723,336,892,813,1148,399,1325,358,1125 
711	909,348,23,116,603,1212,454,22,1240,876 
712	1395,1018,1217,1379,986,692,1333,662,837,701 
713	407,242,1212,797,493,660,159,748,61,430 
714	159,1018,248,837,945,421,173,1386,508,101 
715	945,773,514,187,985,75,692,336,74,546 
716	443,1173,595,122,338,107,752,97,493,516 
717	89,218,1018,24,603,1437,543,477,927,1150 
718	692,808,380,881,1451,78,523,664,936,1279 
719	61,407,395,475,1354,211,934,1376,250,58 
720	525,401,24,1177,305,288,808,269,1041,49 
721	471,721,348,603,461,459,335,164,1279,392 
722	1217,392,87,1437,1379,781,790,701,76,603 
723	307,1010,1327,451,412,692,836,408,127,35 
724	89,1342,1437,508,1018,459,114,342,369,392 
725	374,679,365,264,797,53,222,460,1090,705 
726	402,539,1292,566,813,665,100,76,307,999 
727	77,1437,114,662,165,840,836,986,892,797 
728	759,662,752,823,891,110,97,430,489,414 
729	165,554,508,23,260,195,4,77,978,837 
730	430,68,395,759,660,441,29,48,338,160 
731	452,635,76,1379,237,745,781,1217,428,1150 
732	48,182,122,1354,891,538,1443,796,320,752 
733	632,1159,357,1430,178,664,335,444,459,1200 
734	945,781,237,1307,514,911,369,405,1477,165 
735	743,434,471,77,1150,1221,100,983,426,1016 
736	438,441,1376,493,249,159,1354,72,1464,311 
737	163,1386,414,614,296,1368,449,86,367,211 
738	289,1395,351,662,721,679,367,183,927,342 
739	714,574,392,421,336,109,237,790,233,187 
740	401,1177,408,945,675,1018,117,603,288,1476 
741	1030,266,797,748,438,149,139,247,40,1395 
742	444,76,1116,178,289,401,501,374,77,421 
743	1287,178,725,978,692,74,927,980,680,892 
744	140,1045,561,318,335,246,165,1015,1150,392 
745	1376,395,1354,159,1175,917,29,493,430,1396 
746	1018,77,1217,1458,74,89,534,114,428,412 
747	277,402,38,1485,355,1148,189,951,1192,1451 
748	187,603,51,1307,754,472,227,591,586,1145 
749	178,945,580,233,494,111,393,56,635,89 
750	782,278,777,331,230,102,512,943,1174,413 
751	522,486,85,29,311,516,68,1464,325,1136 
752	307,348,422,1148,369,277,187,1075,75,451 
753	596,1342,864,471,24,802,1402,830,126,1271 
754	307,117,1454,980,369,426,1196,164,687,692 
755	1443,438,441,716,325,1126,215,1136,32,216 
756	459,221,268,235,1383,226,848,784,206,512 
757	421,635,49,154,244,342,1351,556,111,543 
758	150,1387,392,1018,293,1408,393,848,3,675 
759	114,1018,651,90,610,49,1145,138,890,246 
760	1163,159,1090,443,430,1175,460,432,320,1376 
761	70,262,111,217,237,240,714,364,746,680 
762	229,472,242,1212,150,781,501,189,1435,61 
763	664,675,824,75,1116,1333,725,591,556,23 
764	660,1136,395,32,1354,1443,1464,748,486,752 
765	1065,1018,127,90,33,1437,295,601,401,463 
766	438,443,8,1396,110,407,29,1020,61,18 
767	164,139,189,218,781,911,1018,742,1287,721 
768	211,438,407,97,1212,1464,752,1106,759,443 
769	369,1383,90,178,75,1378,675,288,773,603 
770	890,264,824,444,580,154,288,1150,461,173 
771	1395,87,911,647,797,945,365,847,781,1018 
772	211,72,234,934,430,1354,311,1447,48,97 
773	222,610,635,114,501,238,1150,932,1476,109 
774	1258,1023,978,987,1046,1051,1437,703,587,47 
775	140,4,262,664,288,890,49,824,237,184 
776	480,398,421,16,3,1430,904,567,387,1066 
777	32,1090,759,587,395,1464,441,39,1175,1136 
778	53,1430,1481,679,1236,635,183,480,444,335 
779	218,710,150,233,940,1151,790,463,904,374 
780	311,1173,68,1062,522,108,493,1376,614,510 
781	1183,441,1163,449,242,847,40,502,823,1447 
782	68,58,934,1175,443,587,748,130,538,1376 
783	501,679,825,494,178,197,23,76,89,248 
784	796,1369,211,1163,430,216,934,72,40,564 
785	48,395,885,122,1173,160,182,61,123,124 
786	264,105,4,421,1404,781,343,385,405,1145 
787	813,402,433,1373,462,1192,336,65,38,523 
788	402,43,426,901,1502,1214,277,348,358,214 
789	313,147,211,370,797,215,8,646,257,435 
790	111,154,848,178,1437,790,116,651,494,184 
791	566,501,1294,23,75,401,461,44,927,649 
792	353,222,180,959,945,517,1382,1233,773,695 
793	1423,183,1446,114,62,1261,345,1330,1111,303 
794	1077,422,65,682,127,959,528,1486,196,1044 
795	61,438,460,1396,1376,1136,32,1036,524,1163 
796	616,471,930,622,1279,490,1022,1016,24,75 
797	582,1443,564,130,1090,590,486,395,934,524 
798	647,173,127,580,446,828,603,444,1394,392 
799	87,187,824,264,892,154,1476,1342,647,262 
800	178,374,342,459,780,961,711,114,1145,101 
801	68,595,823,338,61,122,1354,1090,311,516 
802	335,289,647,1476,459,1404,1333,267,244,986 
803	580,4,53,87,890,140,721,1334,117,385 
804	446,276,440,204,596,830,1342,1000,678,841 
805	1314,169,1026,1008,1074,153,1303,1170,1424,219 
806	1483,1470,471,980,519,10,841,1181,1358,475 
807	61,211,1386,177,296,8,885,570,224,7 
808	748,1175,407,249,917,250,1464,430,29,311 
809	289,461,116,721,1145,945,742,149,577,117 
810	1036,58,430,395,48,1386,524,1376,249,1256 
811	72,213,29,211,97,1354,182,516,1062,1129 
812	716,430,29,475,823,1205,614,595,136,564 
813	428,675,89,114,183,127,1437,244,74,1379 
814	689,966,459,132,180,666,22,1061,513,861 
815	927,1240,1145,824,401,909,608,1022,13,427 
816	1396,823,486,97,441,48,752,258,58,748 
817	580,49,111,1065,77,528,494,47,1236,187 
818	50,276,156,554,1476,841,10,288,138,627 
819	44,142,534,927,679,149,892,797,760,1465 
820	74,189,77,248,1098,409,187,288,154,4 
821	61,662,312,211,411,1464,1396,1443,564,367 
822	813,91,864,523,63,90,307,363,649,100 
823	614,1129,595,1443,460,5,61,917,1173,587 
824	240,3,267,218,49,1243,289,503,632,225 
825	250,296,650,934,108,430,823,564,130,12 
826	22,220,501,75,575,1098,508,1065,1156,534 
827	419,909,714,150,675,1408,246,187,984,824 
828	1464,468,706,51,1175,8,493,61,1020,1386 
829	23,159,662,836,150,1162,260,837,748,601 
830	475,804,211,650,66,796,752,161,1106,325 
831	87,737,348,76,392,781,1018,742,624,189 
832	475,443,493,1062,891,823,752,311,215,320 
833	945,1018,114,632,303,574,1437,940,704,543 
834	127,222,556,635,405,848,105,945,33,1217 
835	1347,413,1385,788,1289,172,1298,191,210,1370 
836	107,595,61,487,934,564,752,570,797,759 
837	543,288,77,1224,974,603,1351,824,1379,945 
838	335,1307,647,401,514,777,178,111,357,924 
839	75,90,401,959,187,1117,828,269,1177,1018 
840	165,289,911,142,781,218,536,945,508,721 
841	4,49,1279,87,412,945,452,526,848,1018 
842	68,441,796,934,1163,1354,213,752,587,818 
843	127,150,935,714,264,1045,262,289,1236,966 
844	116,189,974,53,75,461,289,627,44,580 
845	154,342,116,295,89,197,233,412,105,1145 
846	1502,397,209,288,71,710,100,793,993,990 
847	595,430,68,1376,122,8,1443,124,250,823 
848	449,748,614,159,211,5,934,1175,395,1126 
849	723,408,189,397,369,886,675,187,692,911 
850	647,348,1437,521,76,471,401,277,1395,214 
851	1090,12,1163,748,614,493,1341,1215,484,516 
852	945,580,1437,824,781,603,675,44,348,164 
853	5,249,797,1090,58,407,97,1136,1376,570 
854	165,24,743,116,218,604,1437,392,523,369 
855	748,934,796,823,48,215,1173,1354,516,311 
856	917,1175,407,61,108,249,1376,748,58,311 
857	501,154,1145,90,342,401,459,556,288,412 
858	443,917,438,1163,97,48,1376,752,1396,320 
859	97,541,438,107,160,1464,538,1090,516,1062 
860	647,464,35,173,235,648,267,256,287,612 
861	159,1126,338,660,748,211,407,1464,7,216 
862	392,370,1212,1065,57,266,87,77,1051,187 
863	89,77,848,890,178,57,1018,33,1145,1065 
864	421,974,288,90,848,824,635,87,369,1379 
865	8,117,1126,748,945,53,679,675,1467,347 
866	178,262,401,335,165,514,116,561,412,603 
867	250,1163,8,748,110,29,108,587,823,1136 
868	1212,680,575,150,392,1018,101,1209,1135,814 
869	22,945,415,525,780,1006,836,743,1,514 
870	1163,430,646,650,61,885,182,250,614,796 
871	76,624,53,90,540,1395,400,945,836,401 
872	173,111,262,1066,714,534,806,184,835,1098 
873	1102,26,1116,218,645,945,832,127,1159,1430 
874	575,178,1150,335,1383,987,664,835,53,896 
875	559,1464,1090,486,130,58,161,1396,1136,1086 
876	289,930,1470,750,477,126,410,759,40,1473 
877	1126,61,650,1036,1464,249,92,876,296,662 
878	311,1173,522,443,1136,29,58,587,122,538 
879	242,781,48,165,721,53,1190,521,66,408 
880	1018,54,635,719,603,543,890,459,1476,87 
881	461,53,651,508,44,35,721,647,24,77 
882	635,1252,288,1043,444,1018,701,24,154,824 
883	472,438,1205,183,679,39,235,12,252,650 
884	1431,402,1313,1454,960,727,307,1088,539,1375 
885	748,917,68,493,1173,320,48,122,61,510 
886	500,1479,957,50,914,276,521,1101,126,1470 
888	444,173,49,357,1065,393,534,405,246,1293 
889	116,307,421,1022,1437,927,127,472,289,471 
890	449,1090,486,1443,438,108,797,1163,1175,1386 
891	173,945,824,543,1018,603,940,1293,262,909 
892	931,1116,191,16,339,853,434,451,1353,779 
893	392,343,314,154,222,357,3,1159,1066,262 
894	1454,603,1302,692,675,451,362,664,734,1077 
895	159,1126,917,595,211,1173,395,1062,1212,177 
896	24,1398,238,425,777,574,610,562,318,601 
897	451,422,164,935,13,927,1476,262,1287,401 
898	289,675,392,444,986,1333,534,651,647,556 
899	149,348,742,754,927,475,1190,74,945,228 
900	534,716,662,415,888,159,746,1441,836,240 
901	407,441,486,1173,338,748,182,115,510,614 
902	1465,114,735,1018,591,274,459,742,1116,369 
903	1476,647,117,248,288,197,1217,342,1098,237 
904	945,1018,138,77,824,412,459,603,401,111 
905	824,1150,501,165,556,33,70,237,49,1240 
906	23,1018,645,421,1437,264,53,1217,824,33 
907	539,38,433,702,1431,696,1432,951,1485,91 
908	750,649,1485,690,90,554,950,203,214,1029 
909	357,173,1476,508,536,651,1287,393,1051,365 
910	441,266,211,430,1062,1126,1212,748,880,1447 
911	430,122,934,1173,891,250,311,224,1175,614 
912	622,218,321,117,288,367,412,742,519,105 
913	748,29,68,1443,1136,1464,250,441,432,614 
914	1098,494,1250,780,680,924,472,49,832,248 
915	595,1173,1354,108,395,934,215,1447,752,1090 
916	29,917,797,395,1175,48,320,752,430,590 
917	116,154,459,3,335,392,318,996,810,1387 
918	29,748,320,1062,1090,1175,250,160,752,823 
919	1373,366,712,1228,1417,1149,277,980,348,1144 
920	1018,680,1116,1065,890,945,77,892,92,57 
921	885,347,348,35,438,742,151,486,484,10 
922	823,224,266,61,234,1447,97,182,752,646 
923	782,1174,514,434,780,943,1334,401,336,843 
924	49,452,1066,1243,293,653,1041,1408,117,246 
925	58,242,1175,1036,5,130,468,159,1443,1376 
926	7,1106,917,650,250,1295,564,891,1443,1175 
927	250,5,823,759,1447,522,498,97,1464,752 
928	335,746,22,88,501,903,664,504,1041,1045 
929	1065,348,77,556,508,187,839,47,117,1018 
930	1488,647,746,478,57,630,428,17,1018,806 
931	646,614,885,441,68,660,438,430,1447,1215 
932	108,917,224,934,487,125,159,1173,590,8 
933	572,289,1140,446,781,622,846,150,165,652 
934	249,443,48,1175,823,891,97,460,614,759 
935	150,704,406,932,1150,610,56,237,199,480 
936	945,342,537,4,705,351,781,635,114,293 
937	148,1112,1171,859,198,275,486,1274,449,396 
938	743,289,400,131,307,580,111,675,292,413 
939	885,103,475,823,8,234,58,215,39,934 
940	244,675,824,635,848,1333,543,651,653,233 
941	1395,1065,501,461,1302,1494,927,178,812,62 
942	29,614,211,541,1173,748,311,122,250,796 
943	1185,751,231,468,61,1212,1166,559,145,1042 
944	1476,754,662,508,419,197,4,675,90,184 
945	335,1041,237,647,1454,35,471,741,459,76 
946	1145,89,24,369,577,649,264,1022,436,652 
947	369,75,723,378,501,1378,886,1132,397,630 
948	848,1018,392,836,927,318,150,262,459,556 
949	400,326,1061,1372,1382,353,1077,413,1116,459 
950	1378,101,24,96,1476,1340,222,3,610,1150 
951	336,1343,9,881,1454,24,1395,461,87,630 
952	458,189,195,1395,87,204,363,143,277,439 
953	1018,307,1395,336,514,461,839,649,824,366 
954	29,234,718,885,590,823,108,122,752,123 
955	680,154,781,549,1135,33,1395,1437,101,176 
956	1150,54,336,461,165,1252,90,246,47,945 
957	1476,1217,653,1437,424,53,248,780,1281,117 
958	38,1373,813,1313,712,521,307,1417,304,239 
959	705,770,489,165,29,85,590,53,1206,1018 
960	208,993,1311,723,515,324,1192,813,1246,820 
961	246,563,206,1378,561,651,679,848,1145,452 
962	1351,556,288,459,974,218,1477,890,808,264 
963	595,110,72,124,1265,1376,1062,505,796,962 
964	668,656,596,1504,649,289,156,4,830,572 
965	395,48,430,1443,108,1354,250,1062,1175,320 
966	606,220,1101,1383,1382,1289,1316,1012,877,1271 
967	395,1443,650,5,1163,934,40,587,8,510 
968	1369,441,595,5,234,650,891,1447,475,395 
969	1163,1126,900,614,654,407,5,934,1494,910 
970	603,150,288,651,77,149,139,1378,408,164 
971	595,1090,934,61,1126,880,66,917,524,110 
972	116,742,138,624,189,892,692,1212,267,342 
973	66,138,1395,1212,89,787,1333,1240,412,386 
974	422,90,42,265,1451,305,845,1197,1302,1311 
975	1190,876,1018,288,837,824,142,1212,508,1379 
976	434,367,1212,1395,87,1098,1030,554,252,449 
977	74,675,1307,4,459,686,323,421,514,647 
978	150,377,77,263,197,74,824,1018,1098,780 
979	580,824,178,405,1145,945,233,543,890,1150 
980	302,67,433,1502,499,999,208,426,324,702 
981	680,419,1234,472,222,1464,257,161,18,7 
982	77,53,1217,4,932,323,1151,154,150,945 
983	75,408,165,150,523,893,881,845,127,584 
984	49,111,4,117,293,459,945,218,1029,720 
985	1316,788,1371,1299,1239,59,168,1078,540,1016 
986	848,392,288,459,342,117,422,1145,543,721 
987	1127,935,767,501,722,974,773,695,401,1279 
988	539,999,1144,799,302,135,1361,1417,1246,273 
989	917,5,614,538,224,934,1447,885,796,257 
990	845,504,218,469,47,1045,945,405,369,1150 
991	519,89,74,653,1217,44,911,947,369,35 
992	1281,848,624,1044,630,178,459,824,75,292 
993	1386,189,1476,338,501,534,101,446,837,117 
994	595,797,559,258,759,395,1386,1376,1464,438 
995	237,1015,459,74,1066,246,998,96,746,1070 
996	635,289,1476,824,664,342,77,1236,3,111 
997	1116,549,318,364,1261,777,56,964,246,173 
998	993,539,302,462,1088,499,799,950,1373,203 
999	116,980,625,836,572,204,974,276,348,927 
1000	616,802,114,1000,974,861,1378,603,1186,348 
1001	917,1175,29,1376,1443,748,68,564,250,8 
1002	1387,183,293,720,1243,1336,1280,70,188,1394 
1003	572,1271,1318,1203,172,1370,384,383,471,953 
1004	1376,159,438,58,296,68,1273,751,122,1090 
1005	1163,234,250,125,443,595,917,484,847,502 
1006	692,348,675,401,565,49,525,721,824,237 
1007	438,211,1464,55,1354,449,759,934,716,614 
1008	105,461,404,1018,651,295,77,412,1225,1394 
1009	49,392,127,244,405,808,422,401,44,890 
1010	246,65,422,348,62,1045,178,714,355,514 
1011	1005,452,165,459,303,932,422,714,561,461 
1012	438,130,538,182,52,125,595,1354,110,123 
1013	409,464,351,662,679,797,1126,535,911,365 
1014	1354,443,430,103,1062,122,182,224,311,823 
1015	50,288,627,165,1333,1248,894,501,454,692 
1016	96,996,88,459,895,966,1041,780,381,49 
1017	1018,336,96,77,521,525,892,53,1279,289 
1018	397,402,813,696,702,993,71,521,960,1432 
1019	1010,1373,397,75,116,1149,2,690,539,54 
1020	323,23,459,543,385,790,264,940,1145,1351 
1021	367,675,309,103,1212,475,508,751,370,559 
1022	338,213,97,823,122,211,588,1443,541,962 
1023	595,1386,742,130,715,1464,590,1376,97,1020 
1024	61,934,107,663,917,489,250,823,1390,1354 
1025	1333,580,603,369,90,742,51,477,427,89 
1026	1163,325,151,797,68,1106,443,395,257,1412 
1027	68,311,1136,29,430,325,1354,441,443,1090 
1028	427,1018,13,392,507,936,78,577,89,692 
1029	401,828,1153,13,90,127,277,140,444,342 
1030	108,122,752,493,1443,1090,320,934,1376,58 
1031	748,395,1090,1354,68,29,1376,1173,320,614 
1032	538,182,885,1062,211,1106,234,224,97,759 
1033	449,242,141,351,367,662,173,1126,338,876 
1034	898,202,1267,223,1391,1423,826,131,1308,743 
1035	945,574,49,635,961,1190,1217,824,264,117 
1036	289,127,1252,1379,745,749,709,1241,405,701 
1037	1476,292,1011,446,824,622,1305,652,165,554 
1038	17,165,749,1066,757,1333,335,610,556,459 
1039	441,614,338,48,250,249,1443,407,1062,12 
1040	581,559,587,1175,151,1090,438,1464,258,1020 
1041	108,823,395,234,1249,122,595,614,759,516 
1042	892,1395,1005,23,675,117,459,760,647,444 
1043	1164,1018,501,246,150,635,409,746,832,1135 
1044	422,664,1058,936,451,302,187,845,461,1328 
1045	159,1354,29,1464,1173,48,320,443,516,1396 
1046	1212,705,742,750,662,876,508,501,150,847 
1047	1036,249,1396,1376,570,524,24,518,258,213 
1048	421,154,1145,33,140,760,23,1437,178,461 
1049	691,1080,971,631,535,1341,1320,48,430,438 
1050	493,748,823,97,215,1173,934,224,1376,1249 
1051	165,47,77,1217,343,1150,318,114,173,861 
1052	395,917,796,72,934,48,311,224,29,1443 
1053	471,461,288,1065,117,392,692,721,514,651 
1054	267,289,127,836,556,635,4,824,1018,1065 
1055	262,974,702,336,819,4,96,616,117,369 
1056	139,365,945,797,1126,624,911,501,651,610 
1057	759,159,370,1147,85,797,1443,61,1422,312 
1058	543,1333,1252,264,90,405,1018,412,24,1085 
1059	471,692,1279,77,116,289,149,839,1196,1342 
1060	543,343,154,127,1252,603,635,1145,89,824 
1061	276,754,391,622,797,837,23,1476,1326,456 
1062	77,45,781,139,603,342,117,471,1252,422 
1063	904,1150,4,1217,114,651,1190,412,267,824 
1064	378,813,1502,304,702,462,214,1010,239,369 
1065	664,890,1098,248,549,1476,127,240,131,392 
1066	407,443,1464,1175,250,759,917,1396,1090,1376 
1067	651,139,1190,89,1126,601,472,662,1437,154 
1068	471,49,1015,566,4,743,363,307,525,451 
1069	295,635,444,1252,178,890,154,89,87,675 
1070	471,117,936,1018,401,4,399,1065,741,1187 
1071	402,433,1149,426,358,951,1182,950,1432,297 
1072	77,653,1443,780,289,888,197,117,1207,338 
1073	125,917,493,250,1447,311,1354,748,934,516 
1074	348,392,508,244,824,149,1018,1190,601,705 
1075	407,1090,1175,72,61,1376,587,432,823,97 
1076	150,154,1018,49,244,848,543,444,114,289 
1077	603,1395,138,1085,543,127,44,945,1190,927 
1078	773,237,374,114,178,74,412,187,33,1150 
1079	35,494,680,1005,534,1330,610,1006,1405,472 
1080	1502,426,277,1485,433,166,630,1373,649,369 
1081	173,580,33,178,1200,114,603,790,1018,825 
1082	653,4,49,719,165,534,503,1261,1330,1243 
1083	456,754,1395,772,4,894,289,1410,195,422 
1084	24,754,475,847,1190,61,99,383,289,23 
1085	1443,1175,1173,122,516,1354,1136,538,320,752 
1086	288,264,1085,461,369,824,1395,848,508,117 
1087	1437,1102,343,289,190,890,4,23,645,346 
1088	1090,443,85,522,48,1376,516,1173,759,1036 
1089	587,125,198,570,797,266,900,654,430,1034 
1090	1090,1443,460,524,522,430,441,642,797,144 
1091	885,911,51,90,1042,4,1234,534,264,35 
1092	885,266,395,68,211,522,182,493,271,564 
1093	675,44,1145,427,1190,369,721,89,781,927 
1094	153,613,300,920,1084,1314,1303,930,219,172 
1095	426,539,307,336,514,100,401,1502,507,1022 
1096	386,861,709,127,33,1224,452,1241,1379,77 
1097	117,1437,986,75,725,537,501,369,777,1279 
1098	890,154,945,117,675,1190,1085,421,412,463 
1099	12,1443,1354,1175,1173,311,250,97,1136,1090 
1100	610,342,1018,1437,686,401,1477,940,608,1465 
1101	35,679,101,1005,405,781,139,911,1190,472 
1102	49,824,357,35,393,714,421,1066,651,945 
1103	110,72,1396,1376,614,460,1163,564,122,510 
1104	370,35,114,154,249,1443,489,749,468,117 
1105	211,313,796,1444,382,160,370,595,752,885 
1106	1018,501,781,422,77,649,45,369,33,1333 
1107	828,392,165,401,77,692,237,289,117,87 
1108	935,459,890,274,1065,6,824,244,1217,508 
1109	151,1376,5,885,1396,587,524,258,441,493 
1110	639,1383,262,1378,1127,318,1498,1300,220,666 
1111	793,2,1022,262,1012,477,1378,79,1270,1477 
1112	921,1092,648,357,465,70,285,314,1465,1261 
1113	608,1307,318,940,777,545,577,742,1041,909 
1114	692,1018,74,392,974,790,10,543,471,1150 
1115	338,1098,264,189,1386,1443,1036,570,759,32 
1116	401,1217,295,342,603,138,1145,890,945,33 
1117	97,177,646,125,443,438,257,215,1453,1249 
1118	443,493,796,395,94,350,748,797,125,430 
1119	1065,164,580,403,852,575,868,1126,357,1018 
1120	222,885,1422,165,876,185,590,705,242,716 
1121	127,23,848,1333,377,1243,632,233,56,653 
1122	1403,947,73,347,1169,1477,626,4,326,1379 
1123	945,24,117,74,233,87,1217,1465,164,89 
1124	211,94,590,130,72,488,564,40,823,351 
1125	454,754,1333,1217,138,24,848,557,692,781 
1126	790,848,77,1085,1379,267,945,369,603,543 
1127	173,49,1018,603,824,635,264,178,1252,1085 
1128	10,1279,218,393,647,471,702,114,156,421 
1129	945,534,116,1404,87,911,1217,336,405,461 
1130	87,580,44,1279,99,75,477,1437,1287,508 
1131	1376,595,1175,430,438,516,258,1147,371,441 
1132	1025,1395,386,369,89,90,392,557,745,701 
1133	1437,393,1333,116,244,35,318,1145,117,412 
1134	75,966,237,734,773,1127,828,603,892,187 
1135	61,438,1376,1173,407,395,1464,311,430,130 
1136	395,486,1464,159,407,320,522,1354,752,97 
1137	564,1395,90,215,1126,242,742,234,197,570 
1138	927,603,228,90,848,1395,781,264,1190,745 
1139	134,41,1481,1058,89,800,88,184,1066,406 
1140	501,797,662,1287,370,213,421,1051,1212,1126 
1141	397,1149,1088,433,799,616,901,135,1431,401 
1142	514,1159,945,111,53,451,117,289,343,1 
1143	800,369,461,127,1065,41,237,692,1041,523 
1144	49,1217,945,1102,1437,56,782,33,1015,964 
1145	816,795,44,158,262,511,512,966,864,1065 
1146	366,664,692,433,702,525,630,461,675,23 
1147	224,108,215,430,12,885,213,1429,8,1062 
1148	461,24,369,444,1150,824,77,267,1437,507 
1149	87,986,1287,139,35,264,837,1085,662,554 
1150	107,796,395,443,775,1090,891,438,1175,249 
1151	392,824,244,127,1379,1150,1342,386,945,49 
1152	614,1175,108,564,58,441,125,660,475,407 
1153	472,1395,824,33,574,927,890,87,647,1217 
1154	77,342,392,189,679,890,409,117,183,154 
1155	1328,845,355,1018,451,1302,945,523,881,1058 
1156	459,458,1342,1187,401,114,356,565,490,117 
1157	395,1090,595,748,522,108,917,1354,29,320 
1158	539,38,302,166,458,1373,1485,550,67,324 
1159	1287,892,797,116,392,1437,1190,781,342,1126 
1160	554,77,692,408,164,1018,519,117,945,1342 
1161	461,1018,233,392,1437,808,721,401,369,229 
1162	186,691,1080,1368,72,1163,493,1215,215,438 
1163	748,40,395,72,29,311,215,660,752,1106 
1164	97,443,160,590,430,211,395,748,1136,796 
1165	892,974,399,886,501,569,65,397,584,649 
1166	27,935,1065,235,779,1498,1372,624,852,262 
1167	182,748,311,122,522,516,823,538,1354,1175 
1168	251,232,125,53,759,365,1472,475,1136,367 
1169	117,154,503,412,392,608,408,190,851,49 
1170	900,703,430,1215,421,494,631,1494,85,1341 
1171	77,709,1351,824,861,603,89,974,288,1224 
1172	395,564,250,917,934,215,1163,211,1126,5 
1173	1090,796,311,97,748,541,213,1443,1376,1175 
1174	237,945,408,459,824,13,525,1395,117,828 
1175	1058,362,881,514,886,461,13,845,469,525 
1176	885,595,430,72,108,160,642,1090,441,311 
1177	23,1437,911,101,421,116,603,534,461,233 
1178	89,53,392,1437,267,199,543,405,749,1241 
1179	945,335,289,101,374,357,679,471,421,554 
1180	565,401,1279,608,44,74,947,366,150,933 
1181	99,289,945,89,603,90,117,890,781,24 
1182	336,848,692,75,1018,392,828,743,1252,471 
1183	74,635,138,745,392,824,1476,127,386,945 
1184	1217,87,790,77,90,187,47,1333,635,9 
1185	1437,127,519,50,456,48,1203,876,276,392 
1186	748,18,759,595,110,751,1136,257,29,1338 
1187	77,401,218,336,514,471,892,75,692,392 
1188	662,288,189,237,90,508,111,1437,459,556 
1189	392,127,33,935,1018,861,624,75,87,574 
1190	459,858,1342,1395,1299,264,274,4,664,475 
1191	213,125,748,1163,1212,12,891,29,934,754 
1192	885,430,438,5,443,1163,159,130,1175,1136 
1193	927,742,978,1410,603,797,601,836,369,44 
1194	85,752,581,211,797,48,486,880,823,716 
1195	1018,471,36,426,1065,781,2,1469,120,927 
1196	432,29,1175,493,917,39,395,430,1136,1396 
1197	77,428,1408,728,501,1243,480,719,1488,1306 
1198	108,224,250,72,934,257,370,841,570,823 
1199	351,647,264,651,567,377,705,248,459,943 
1200	1236,49,619,716,101,452,728,1006,693,459 
1201	1373,712,739,209,302,451,566,950,116,702 
1202	1010,348,397,839,1395,980,1095,277,2,288 
1203	806,1394,419,77,452,246,1018,89,150,1070 
1204	651,1065,114,1018,412,848,790,1150,178,714 
1205	759,213,917,29,493,108,58,590,5,395 
1206	1026,169,1314,410,276,1074,592,1008,930,841 
1207	432,587,871,1464,395,160,110,590,1175,891 
1208	166,302,1268,702,665,297,950,354,1149,363 
1209	1476,1309,943,240,679,680,664,1092,870,619 
1210	1090,311,29,1173,516,1354,68,1464,748,108 
1211	395,61,885,1062,891,320,1136,311,177,564 
1212	90,356,4,44,87,289,980,307,477,649 
1213	848,1410,139,601,521,289,24,742,89,808 
1214	470,54,1241,543,150,501,1252,630,624,749 
1215	1437,392,824,421,664,187,33,289,836,9 
1216	523,471,1454,813,433,514,1187,675,397,1395 
1217	1484,471,1065,422,1485,894,90,1025,848,512 
1218	289,461,675,1395,603,1190,264,651,117,1437 
1219	723,65,397,1311,499,529,1432,1160,426,766 
1220	1354,1090,1175,587,72,443,97,538,1062,748 
1221	606,622,477,858,847,1395,1279,383,750,35 
1222	233,288,117,1437,1190,945,1145,675,33,461 
1223	422,401,951,501,2,1395,214,1307,1451,208 
1224	885,538,108,934,595,748,48,234,752,61 
1225	366,90,712,1192,723,1088,2,1454,1149,288 
1226	438,1173,493,823,97,430,885,311,796,211 
1227	934,108,407,570,1090,443,1376,213,1354,1175 
1228	407,748,891,1376,590,1173,614,759,752,320 
1229	1018,222,303,178,262,246,263,233,940,451 
1230	651,156,49,267,116,336,138,1190,1217,1476 
1231	1175,32,39,443,320,97,61,311,296,522 
1232	945,911,23,647,164,461,603,117,408,781 
1233	215,595,614,891,29,748,1354,211,1175,1090 
1234	647,369,421,848,675,237,603,630,23,267 
1235	1098,743,49,117,884,1478,850,256,912,503 
1236	77,87,1437,890,1395,117,139,911,647,461 
1237	402,1431,166,1313,1502,1432,960,307,135,1350 
1238	759,248,151,18,468,231,663,125,1212,705 
1239	1163,108,595,1090,160,58,213,320,516,823 
1240	823,29,962,266,291,590,55,1129,271,718 
1241	1163,796,823,61,213,595,40,430,97,1129 
1242	664,117,218,116,924,622,714,357,89,1066 
1243	650,234,29,1443,595,430,759,1106,12,1376 
1244	1333,1437,580,543,1150,264,1252,369,49,295 
1245	716,748,29,595,313,325,1163,430,443,823 
1246	884,100,344,117,1174,950,1437,928,825,537 
1247	164,348,244,140,392,1395,44,165,911,573 
1248	940,421,233,127,289,1217,140,323,303,89 
1249	1136,522,443,432,249,587,1376,68,538,748 
1250	662,114,1368,232,163,1167,407,496,414,876 
1251	813,539,38,1485,1373,1419,189,426,739,294 
1252	1498,575,1127,65,246,603,149,773,4,90 
1253	835,457,935,1180,353,852,985,1046,695,1116 
1254	75,178,1437,714,635,77,47,911,355,165 
1255	161,58,486,680,253,475,1042,407,1090,650 
1256	1110,798,718,266,486,493,646,396,748,823 
1257	1342,114,1299,596,836,1041,89,116,369,720 
1258	538,325,1175,1354,1023,1090,1376,917,68,493 
1259	1163,595,32,182,338,122,407,211,823,538 
1260	595,72,748,443,61,522,934,823,1447,1354 
1261	5,438,1443,407,1173,430,797,1354,250,395 
1262	11,234,211,646,80,430,1083,907,818,1447 
1263	39,614,5,691,1215,923,748,222,438,148 
1264	219,1084,920,1314,1008,864,1366,802,1039,1181 
1265	1018,237,1187,1378,501,218,1132,380,848,813 
1266	848,336,187,824,651,114,392,47,49,574 
1267	397,799,358,813,521,1246,616,1361,91,208 
1268	11,213,587,493,122,1175,1090,320,1062,1376 
1269	664,525,755,514,150,348,1278,591,269,651 
1270	408,703,580,664,357,187,87,513,1395,881 
1271	759,8,748,1175,1090,564,614,1443,1136,587 
1272	1175,432,32,29,1354,522,48,110,796,311 
1273	18,1173,438,107,125,432,1175,103,311,460 
1274	1267,24,1243,494,1280,1304,262,217,1236,943 
1275	1217,603,1342,412,127,1018,580,471,1085,461 
1276	759,521,242,1190,1287,288,51,1395,7,892 
1277	461,288,892,692,845,723,87,348,523,936 
1278	742,475,1136,438,231,1443,375,1023,395,1062 
1279	1055,378,402,65,38,277,269,1432,336,1419 
1280	650,266,660,432,108,213,748,516,249,460 
1281	289,77,342,790,369,264,44,1395,543,824 
1282	117,1386,24,837,4,493,1126,103,721,662 
1283	29,1090,48,493,72,58,108,110,1175,934 
1284	61,837,39,164,1412,142,250,1163,570,748 
1285	1018,75,150,686,760,24,87,117,74,427 
1286	664,117,653,336,53,96,23,1150,154,392 
1287	61,430,5,796,395,595,1354,1447,1129,752 
1288	702,1279,401,1018,813,584,523,1454,172,285 
1289	249,917,441,880,108,759,1212,472,1354,430 
1290	318,3,140,1408,415,178,459,1204,225,47 
1291	1395,1016,127,10,1342,164,13,89,554,1437 
1292	444,940,267,303,289,574,1145,927,686,781 
1293	237,240,945,183,178,289,888,1476,77,459 
1294	1437,262,230,105,114,183,556,728,319,704 
1295	127,116,1476,444,534,1236,720,780,23,638 
1296	370,716,888,437,705,797,150,759,679,1435 
1297	945,74,890,264,49,1476,444,1085,651,412 
1298	848,408,945,23,692,828,117,237,75,277 
1299	198,148,1080,200,1386,751,885,818,614,1163 
1300	464,590,488,797,252,796,973,472,438,437 
1301	603,369,288,53,289,24,1145,790,507,233 
1302	438,125,934,595,215,752,97,487,1453,538 
1303	471,187,1342,366,348,116,289,864,369,156 
1304	117,357,3,70,240,780,1018,1111,1150,1261 
1305	508,74,647,117,534,750,847,1476,759,868 
1306	48,29,885,125,443,759,1443,395,823,796 
1307	89,1217,1437,1241,127,74,1043,1395,154,824 
1308	1098,1018,23,472,543,1253,421,806,222,647 
1309	1178,323,692,580,501,1252,1468,1404,1045,421 
1310	127,401,808,78,288,363,986,408,1279,848 
1311	1464,650,952,407,1354,897,443,553,559,474 
1312	53,10,1437,847,781,911,477,197,1217,7 
1313	392,246,1476,244,1045,289,1066,393,984,790 
1314	122,311,29,1443,1175,917,72,748,320,516 
1315	1187,945,13,461,1065,1018,1395,117,1378,1454 
1316	77,664,393,289,172,117,525,1465,1149,426 
1317	441,917,1162,508,211,650,29,1163,1126,97 
1318	77,451,401,1294,781,13,927,1437,507,1217 
1319	438,486,691,564,493,1163,484,161,818,1215 
1320	430,907,590,502,58,1163,595,110,880,934 
1321	402,433,399,100,616,665,348,1193,354,596 
1322	108,224,796,48,595,61,395,1354,1062,614 
1323	743,393,187,321,451,89,622,580,514,1015 
1324	1163,443,438,1212,917,1173,1175,1376,1464,51 
1325	150,392,459,246,824,264,647,773,235,77 
1326	1291,267,1241,1454,519,649,1395,9,554,1022 
1327	90,514,1150,4,525,87,342,369,1177,78 
1328	68,587,395,1175,320,29,249,516,182,130 
1329	336,305,565,139,514,348,422,986,911,131 
1330	1018,1437,692,894,44,554,408,1476,1465,808 
1331	542,1387,1236,357,968,728,1362,88,698,57 
1332	18,570,716,235,142,48,472,432,595,232 
1333	675,189,521,307,127,1085,1217,1437,77,74 
1334	614,130,716,58,242,1126,145,752,430,489 
1335	523,91,1077,336,288,501,302,945,1327,87 
1336	885,24,1126,438,705,87,90,911,797,97 
1337	53,87,4,10,421,781,138,656,1065,927 
1338	797,150,1396,508,680,86,468,32,1386,264 
1339	1098,74,452,459,777,184,675,256,335,1018 
1340	231,634,475,107,691,49,407,251,472,662 
1341	1426,1136,650,871,1464,395,595,872,510,1163 
1342	87,117,1395,90,267,494,342,89,986,1015 
1343	743,1018,945,23,156,459,471,537,401,168 
1344	75,459,471,62,565,692,651,178,828,277 
1345	1008,1170,1366,889,1303,153,1314,169,920,1026 
1346	501,1237,580,237,845,1451,1395,401,469,380 
1347	1354,395,493,1090,1175,917,590,1173,311,61 
1348	917,249,1175,250,432,68,1354,1464,1376,759 
1349	443,249,110,660,1173,590,1175,97,460,823 
1350	945,154,405,1252,288,927,1395,33,1085,197 
1351	274,77,714,591,240,1340,319,1476,1404,932 
1352	443,61,395,97,250,1062,1173,522,311,320 
1353	729,169,1008,1314,276,1303,920,1358,1305,329 
1354	264,289,459,140,574,651,1150,1065,173,932 
1355	50,1358,440,1483,596,10,490,138,1414,648 
1356	808,664,945,874,1311,348,87,366,1278,23 
1357	808,277,813,1039,1088,802,402,324,820,585 
1358	1376,614,395,182,748,1175,441,311,587,68 
1359	150,471,288,1217,120,44,1025,627,848,74 
1360	990,1021,1432,539,690,209,402,1025,950,544 
1361	818,962,249,39,885,252,590,72,86,752 
1362	198,641,350,407,438,371,631,72,748,449 
1363	68,110,182,1062,748,432,72,1376,97,301 
1364	331,1054,102,782,1242,898,357,434,921,106 
1365	1020,253,602,5,35,252,249,1354,590,587 
1366	1018,87,651,603,178,412,1065,1150,927,1252 
1367	508,943,18,274,868,662,85,1476,575,61 
1368	489,213,110,249,1175,775,885,32,443,122 
1369	692,4,53,62,1437,355,23,422,512,237 
1370	166,273,302,239,799,702,297,813,999,727 
1371	823,759,211,934,61,213,5,224,8,1175 
1372	4,927,74,10,154,1435,675,647,1465,335 
1373	481,508,742,651,647,127,1018,638,630,235 
1374	77,742,1437,392,721,178,218,4,1415,858 
1375	525,218,824,935,150,1279,461,175,277,1454 
1376	49,824,70,1159,1476,984,1089,74,114,77 
1377	1018,508,264,347,422,760,721,1190,288,336 
1378	912,640,512,1378,340,1077,1478,336,117,1058 
1379	690,508,999,630,1149,773,451,1279,1153,422 
1380	616,939,446,1402,1279,521,465,676,536,1342 
1381	1465,1395,610,512,24,235,1190,911,90,377 
1382	29,430,443,338,224,595,934,614,1062,590 
1383	1342,471,1395,974,1241,412,356,195,1065,1003 
1384	591,580,277,150,96,336,44,65,512,986 
1385	1437,824,635,749,828,848,580,501,117,1098 
1386	1212,48,876,61,716,108,117,508,1163,1198 
1387	769,89,101,781,138,1212,1437,927,127,21 
1388	432,1154,483,1023,258,213,1163,587,1051,518 
1389	302,397,38,1088,799,1313,727,297,333,951 
1390	777,267,1476,679,127,444,1145,1018,295,303 
1391	154,574,945,24,1005,1217,178,412,1018,927 
1392	1190,117,401,890,580,1217,392,781,127,197 
1393	796,538,430,650,590,443,748,880,882,160 
1394	675,1476,75,233,178,461,116,154,781,288 
1395	472,471,369,888,175,649,808,341,783,713 
1396	164,90,653,35,603,781,647,604,1481,237 
1397	397,166,1431,690,366,999,550,901,521,91 
1398	117,218,1236,653,367,114,459,131,183,781 
1399	1443,493,518,266,107,1354,1175,1090,522,475 
1400	1437,714,392,624,235,459,635,610,892,514 
1401	117,1476,808,4,848,244,603,1437,1190,543 
1402	1018,127,74,1066,451,364,187,932,459,392 
1403	1395,347,1278,1018,1164,355,1451,549,472,307 
1404	103,68,1163,438,917,1249,650,1212,742,524 
1405	472,647,369,1212,21,218,508,603,1192,89 
1406	647,1065,664,1437,651,935,90,3,77,20 
1407	1218,1018,549,508,675,248,1410,911,289,1234 
1408	122,823,395,110,934,97,29,438,759,177 
1409	853,1267,223,782,1174,1243,888,966,943,1423 
1410	206,237,235,945,159,459,1498,624,289,512 
1411	1210,472,235,1098,242,77,719,494,1051,154 
1412	211,1163,48,564,5,177,759,595,61,1249 
1413	407,97,438,151,32,107,1136,61,1376,468 
1414	26,1430,1236,647,452,222,1066,428,746,218 
1415	119,1045,47,664,1437,527,267,909,1225,49 
1416	154,101,945,150,651,1476,248,178,742,421 
1417	824,392,369,74,1476,1437,1145,156,184,401 
1418	475,786,93,126,99,1046,235,651,24,885 
1419	150,632,1018,89,1159,154,1145,24,577,686 
1420	650,235,663,85,395,759,510,438,524,662 
1421	927,90,1404,1003,408,364,44,347,62,1178 
1422	748,182,1062,311,614,72,934,48,1173,535 
1423	1018,692,523,77,848,1190,514,675,13,116 
1424	675,267,1066,1271,178,580,428,16,393,1408 
1425	892,824,77,514,1132,369,1437,1065,1150,521 
1426	1018,1145,444,392,932,1498,679,675,335,164 
1427	848,139,444,945,117,601,1252,138,295,543 
1428	289,24,824,127,405,945,1252,54,178,781 
1429	380,75,1058,584,998,4,13,214,893,1132 
1430	1395,77,116,471,149,24,89,1018,369,725 
1431	527,828,1041,1005,267,501,987,35,131,966 
1432	397,166,433,813,1214,1149,702,214,67,690 
1433	1395,178,288,405,342,154,463,591,459,116 
1434	378,462,1373,820,239,696,354,616,1485,1432 
1435	264,111,1217,116,1018,74,385,686,412,507 
1436	160,796,934,493,72,215,211,752,213,880 
1437	1098,1441,49,357,262,76,1289,472,514,1243 
1438	448,292,1454,596,45,1395,471,288,1181,369 
1439	522,122,748,29,917,97,493,1376,1136,460 
1440	43,1505,297,1021,1228,1010,433,947,915,273 
1441	365,101,419,412,885,235,154,381,262,742 
1442	23,117,288,150,1437,537,76,422,1196,401 
1443	1320,631,691,971,818,1090,430,885,48,125 
1444	218,289,116,787,543,824,392,675,117,23 
1445	117,1178,288,1018,461,401,603,979,630,593 
1446	490,172,501,566,1065,1395,1454,195,945,1079 
1447	139,795,986,87,1217,521,405,911,156,74 
1448	11,1175,1136,320,441,595,110,1023,460,58 
1449	289,848,401,743,246,824,335,664,422,507 
1450	237,114,924,943,1102,314,264,1236,565,1018 
1451	1362,1472,578,49,88,26,896,664,357,28 
1452	891,823,885,211,1295,934,752,759,650,443 
1453	1137,50,195,1008,1170,1084,1414,671,276,348 
1454	50,276,120,1074,596,754,894,729,89,1000 
1455	595,487,891,1447,934,823,395,917,1354,61 
1456	189,861,1065,289,974,1476,459,580,1342,824 
1457	87,154,377,101,264,781,117,1018,1379,911 
1458	896,520,206,75,353,1065,149,218,985,451 
1459	1051,318,1018,885,149,1386,1293,51,392,187 
1460	1431,690,348,1454,799,1297,222,239,813,189 
1461	1018,154,824,909,33,1333,246,14,1217,1004 
1462	808,461,525,65,945,336,1456,839,471,116 
1463	348,494,74,1196,184,369,647,675,459,65 
1464	892,75,584,1148,1485,461,9,355,649,675 
1465	356,1342,1395,418,222,1279,605,957,1459,572 
1466	169,729,1008,1084,153,930,1303,920,276,1358 
1467	125,151,395,522,587,900,68,524,275,1023 
1468	407,48,392,1443,885,501,151,141,139,177 
1469	392,178,1476,514,13,461,116,692,149,74 
1470	166,397,1502,696,1149,1432,1268,960,135,1292 
1471	650,1354,595,1062,72,110,522,516,541,934 
1472	246,127,645,667,1481,1102,188,178,679,230 
1473	1175,117,407,48,1090,880,177,759,1386,165 
1474	640,117,513,743,114,782,679,653,664,996 
1475	1005,704,83,233,1465,1167,53,88,647,1261 
1476	65,1148,1278,514,566,265,874,237,527,886 
1477	890,1437,117,233,288,405,961,23,127,1065 
1478	755,41,514,892,1411,1378,408,808,1237,471 
1479	150,1437,1351,622,556,1379,1015,986,9,164 
1480	422,945,178,1437,675,117,288,1085,603,927 
1481	72,748,1090,752,614,211,891,215,564,1447 
1482	166,43,462,999,1313,1182,1364,951,960,273 
1483	1386,1396,407,130,125,58,1175,108,587,216 
1484	438,5,595,58,61,39,160,1173,516,1354 
1485	755,514,77,828,269,848,1187,1481,41,74 
1486	759,917,61,407,110,250,1173,311,1062,1090 
1487	237,1281,565,114,1481,76,1315,305,848,613 
1488	125,524,1163,1036,253,1464,110,258,320,311 
1489	539,1432,43,1144,38,813,980,696,1077,1439 
1490	1395,508,289,75,808,603,342,742,9,911 
1491	293,459,343,262,318,57,20,49,675,635 
1492	649,1383,461,156,13,369,1022,945,9,264 
1493	342,1307,89,49,1018,890,357,780,632,264 
1494	23,295,890,790,127,289,848,244,49,173 
1495	1065,911,150,264,534,463,23,1145,1217,75 
1496	434,1437,635,293,719,494,428,88,996,945 
1497	288,692,525,523,23,366,566,945,998,53 
1498	441,94,564,1020,1175,108,249,650,934,84 
1499	1476,945,1395,342,218,76,848,35,824,534 
1500	438,85,222,1163,493,8,1119,564,1443,250 
1501	1257,366,355,525,44,1275,1088,1287,875,842 
1502	131,428,1476,4,62,218,451,945,1003,35 
1503	173,96,1150,49,178,651,1065,459,422,514 
1504	49,87,392,127,357,164,890,825,721,57 
1505	979,1254,369,721,347,664,237,131,647,824 
1506	1018,175,1077,783,512,392,861,289,1378,264 
1507	660,438,590,29,493,900,97,1126,460,468 
1508	1476,888,1102,335,945,542,357,105,256,664 
1509	395,407,68,122,1464,1136,151,159,18,144 
1510	1000,471,490,143,1022,36,501,1193,168,1181 
1511	614,48,595,522,108,917,1090,752,122,1376 
1512	1173,748,159,1354,29,917,250,68,752,516 
1513	1175,110,430,72,522,311,1464,1090,1136,61 
1514	293,263,542,1200,199,1307,963,853,653,77 
1515	471,90,754,138,1085,369,1294,156,974,454 
1516	539,38,402,1431,1214,901,727,999,946,919 
1517	392,635,303,645,150,233,4,1437,986,1045 
1518	595,395,796,266,934,48,1090,215,108,1354 
1519	75,36,356,702,712,501,24,1491,1477,813 
1520	295,890,96,945,444,507,1145,87,264,65 
1521	116,1217,1018,117,651,543,603,1145,890,1395 
1522	647,264,74,1145,1217,675,267,164,323,89 
1523	395,614,934,250,234,917,1173,759,1175,564 
1524	72,752,211,716,917,430,934,1126,5,18 
1525	184,635,87,16,867,743,932,1498,945,512 
1526	808,324,277,766,402,146,38,960,1164,1117 
1527	164,422,1395,75,461,471,911,1190,156,289 
1528	911,662,534,721,289,74,719,149,1098,427 
1530	23,44,1098,662,156,1342,1212,140,35,74 
1531	90,1476,235,412,624,1395,140,848,603,1098 
1532	85,32,522,430,759,441,1396,97,493,68 
1533	233,33,244,824,444,781,1333,1395,105,653 
1534	90,890,932,369,89,1190,401,463,1476,233 
1535	90,947,630,935,1395,369,348,471,514,998 
1536	85,798,11,650,313,338,1163,1301,61,484 
1537	110,752,522,430,516,320,97,1062,1376,61 
1538	153,1366,169,1084,1008,889,1170,930,1074,300 
1539	383,338,508,370,242,317,51,248,1183,885 
1540	20,935,1070,452,561,563,1015,996,1476,53 
1541	692,44,565,289,1217,75,117,647,127,742 
1542	781,127,1190,33,405,1333,444,267,945,1379 
1543	422,649,1395,267,741,664,1437,87,736,74 
1544	523,342,13,1241,1145,1065,282,1252,1279,150 
1545	288,24,911,781,408,33,525,335,392,189 
1546	888,1006,289,357,267,165,421,217,377,742 
1547	797,159,590,1212,430,39,242,1163,716,823 
1548	471,448,622,980,894,212,1196,1018,554,490 
1549	1062,493,885,40,122,1354,934,48,250,752 
1550	471,508,1203,90,1181,158,622,692,652,1318 
1551	525,824,90,96,117,451,459,392,1041,401 
1552	462,397,1373,950,1313,1088,702,307,135,712 
1553	501,1437,154,164,890,1378,4,77,1190,393 
1554	169,1414,1137,1008,1084,1235,930,1272,957,1305 
1555	392,705,1294,557,1379,927,945,601,836,1190 
1556	649,347,13,165,289,721,348,521,865,945 
1557	26,428,17,647,49,704,1014,237,667,1093 
1558	651,218,342,77,336,848,264,178,461,932 
1559	48,85,438,486,1090,660,142,498,759,53 
1560	832,463,940,1306,77,184,774,318,109,385 
1561	450,1117,354,75,979,998,1378,1160,1004,828 
1562	117,1018,497,1145,392,35,317,248,603,154 
1564	5,407,748,475,115,250,61,107,660,716 
1565	493,1090,122,1354,72,587,58,432,917,320 
1566	369,603,824,1395,651,401,1217,228,1252,348 
1567	336,53,246,514,1041,23,262,77,1437,184 
1568	1144,1195,277,2,1313,813,649,616,401,38 
1569	616,1377,1101,1367,285,817,402,1279,795,277 
1570	1237,525,269,1160,875,87,946,1485,664,501 
1571	651,90,23,1395,218,87,237,647,1065,1150 
1572	494,4,357,178,293,653,556,289,444,1018 
1573	392,848,1018,1379,288,44,675,745,49,1395 
1574	501,343,824,1018,178,1217,463,461,289,632 
1575	58,1090,125,430,407,484,1386,179,535,971 
1576	1368,200,275,885,370,449,1143,396,1320,748 
1577	1127,401,277,150,1153,1498,1355,408,1451,935 
1578	934,289,242,438,1163,748,338,4,296,754 
1579	1065,664,419,959,394,773,1308,400,580,293 
1580	580,1372,235,848,943,220,1116,945,459,246 
1581	969,438,301,524,432,151,441,258,430,1464 
1582	61,660,650,1386,8,1212,441,716,211,395 
1583	274,24,1437,140,565,1342,1159,1018,1324,519 
1584	1476,647,978,387,412,534,1065,1046,742,348 
1585	836,1287,980,596,892,947,1294,1248,451,471 
1586	875,1395,507,348,1022,523,75,77,591,74 
1587	1464,407,430,752,395,1163,58,468,486,775 
1588	936,580,1132,1117,307,1237,845,692,886,469 
1589	647,274,419,624,565,75,235,289,62,409 
1590	1307,422,501,47,9,936,608,87,591,154 
1591	1212,582,141,599,1036,742,660,885,759,581 
1592	1139,656,75,461,864,945,1485,603,1482,362 
1593	896,1476,512,24,1070,603,53,909,274,27 
1594	402,363,348,292,273,90,554,204,412,87 
1595	1383,779,1498,1264,1382,935,326,784,512,293 
1596	1373,307,999,100,397,589,692,886,584,277 
1597	89,824,295,156,444,218,461,1145,114,401 
1598	10,4,419,23,392,74,705,780,85,248 
1599	1365,946,1187,580,813,1378,1077,336,302,348 
1600	74,342,692,1190,1333,557,1217,508,543,127 
1601	421,405,49,781,760,911,1437,323,74,427 
1602	402,302,426,1246,817,462,1007,1058,422,1432 
1603	443,68,249,311,1173,493,122,338,211,110 
1604	49,514,1476,806,824,693,890,472,780,680 
1605	446,1271,50,169,615,120,1414,205,596,735 
1606	49,675,173,705,1018,742,421,183,393,23 
1607	885,338,213,395,917,660,614,891,1354,823 
1608	1163,1090,748,40,215,72,516,1447,642,460 
1609	178,714,1378,580,235,1498,33,624,318,695 
1610	1382,1127,1365,472,985,651,512,1264,1378,591 
1611	38,539,402,302,1502,999,1149,1246,1505,1144 
1612	692,508,369,1279,1022,355,980,647,1148,824 
1613	74,218,335,986,580,828,386,1395,608,13 
1614	534,679,1098,1190,781,1465,369,662,945,508 
1615	38,1375,369,739,1077,616,2,820,1451,813 
1616	653,790,237,377,1333,647,501,1437,645,635 
1617	1058,808,90,499,521,369,208,348,408,146 
1618	570,536,547,159,266,885,61,662,229,347 
1619	56,178,336,288,114,603,1217,303,23,412 
1620	766,1055,304,366,616,1148,1216,665,1088,294 
1621	1065,305,679,62,183,150,336,911,1411,1261 
1622	1464,407,107,443,159,590,432,32,320,108 
1623	342,459,679,154,116,534,114,56,647,651 
1624	50,195,276,1305,692,754,725,914,1459,1279 
1625	154,377,1102,289,342,635,824,246,501,1333 
1626	1163,1175,595,407,182,1036,1354,311,1090,1464 
1627	1090,443,1354,211,338,1173,823,61,1136,516 
1628	296,679,58,293,976,421,876,105,179,89 
1629	44,23,369,1333,781,580,138,1217,54,288 
1630	127,1343,909,848,364,624,1476,828,75,267 
1631	468,395,1090,1036,486,1464,1396,1136,1376,320 
1632	263,890,392,4,940,154,1245,187,1342,368 
1633	932,24,154,87,1395,401,603,33,1342,262 
1634	1236,647,966,1098,150,1243,357,305,858,805 
1635	237,392,35,24,266,680,258,338,780,248 
1636	242,564,1447,12,211,1062,484,1163,1205,1175 
1637	318,675,44,651,4,374,35,392,714,184 
1638	1155,181,303,263,1167,42,853,1430,777,632 
1639	244,393,165,54,114,1408,173,984,709,1387 
1640	274,1012,262,1077,1308,722,26,246,1065,664 
1641	605,446,1483,1500,50,1193,471,802,391,652 
1642	679,357,945,351,49,465,56,897,648,111 
1643	438,338,213,395,595,823,211,108,752,1106 
1644	75,1187,87,1365,580,1022,264,911,408,1410 
1645	1080,200,1112,691,971,486,1335,535,1143,547 
1646	947,212,76,490,23,927,356,218,90,451 
1647	204,471,195,1395,914,554,839,1454,521,172 
1648	314,1098,679,49,452,95,806,968,1250,131 
1649	402,950,302,135,799,1246,521,277,378,1195 
1650	489,647,252,943,415,587,662,1006,313,775 
1651	395,438,587,430,1376,441,1396,216,8,1062 
1652	591,808,565,369,158,603,459,4,156,392 
1653	1175,182,917,395,320,68,311,468,29,1396 
1654	1098,127,317,74,501,4,508,648,117,692 
1655	443,320,107,1090,460,395,590,748,430,61 
1656	370,103,395,441,182,97,1062,58,108,32 
1657	748,224,72,449,231,587,934,61,475,1447 
1658	748,108,211,338,1443,1163,97,934,1090,1376 
1659	1066,53,116,1271,635,828,1437,824,1133,848 
1660	524,1443,29,587,48,395,1464,108,1376,934 
1661	691,407,151,631,125,1171,1090,1143,1464,818 
1662	402,813,1431,950,304,1454,189,999,702,1187 
1663	797,449,1062,351,742,595,934,437,614,7 
1664	1011,920,458,1305,1064,1303,674,1121,321,329 
1665	850,782,1054,512,1174,413,223,514,394,336 
1666	874,664,529,469,1160,755,723,886,514,527 
1667	662,780,248,501,4,836,114,237,159,1029 
1668	1090,1354,160,595,823,108,493,395,320,52 
1669	48,1248,716,1452,1203,797,8,1396,1464,1212 
1670	595,266,1354,395,48,1062,320,541,1376,123 
1671	465,415,679,468,249,248,888,775,374,377 
1672	1041,986,47,1058,630,1117,13,35,415,264 
1673	1292,402,433,539,426,1246,91,378,990,462 
1674	1454,525,87,603,422,47,88,519,23,986 
1675	1271,500,283,300,1479,1077,1196,519,652,1378 
1676	998,1328,845,1378,504,90,269,839,512,875 
1677	1058,664,967,461,222,580,90,1015,267,408 
1678	99,177,468,117,880,1106,383,1175,1396,885 
1679	1285,123,443,748,441,160,505,650,761,560 
1680	179,198,1036,449,1473,279,396,1091,1079,306 
1681	924,264,289,675,1066,90,609,184,1029,1212 
1682	3,357,647,57,444,832,127,393,1098,924 
1683	967,41,1177,1365,285,307,1485,189,529,1041 
1684	848,633,645,1243,178,127,1102,392,494,116 
1685	1395,656,356,554,692,189,4,1342,1018,596 
1686	1279,77,139,1342,543,412,99,630,1476,89 
1687	218,1404,1395,23,75,99,138,392,1200,1476 
1688	935,512,1127,1145,164,413,892,374,262,1382 
1689	289,114,534,187,244,556,111,848,295,237 
1690	1145,139,586,1395,651,24,1212,754,675,471 
1691	32,338,1249,296,48,468,646,320,160,407 
1692	289,139,187,117,459,537,393,392,986,664 
1693	595,1376,395,432,250,8,443,32,1354,1163 
1694	355,692,75,967,1117,1360,504,514,366,305 
1695	692,23,288,74,459,77,96,721,1190,808 
1696	840,57,888,720,367,415,218,305,264,335 
1697	945,1279,836,76,172,508,204,116,89,13 
1698	705,759,1386,117,534,317,264,142,267,614 
1699	537,987,1241,647,363,237,428,1279,1299,23 
1700	574,405,77,1476,49,556,945,1217,543,1236 
1701	267,452,187,392,1465,514,75,233,1005,828 
1702	289,74,790,401,1437,49,824,154,244,89 
1703	421,49,653,461,1307,377,1437,1387,178,392 
1704	27,274,246,848,1476,501,1164,861,289,459 
1705	33,178,274,890,512,187,235,501,101,111 
1706	1241,557,318,1240,1459,54,662,543,1209,248 
1707	1092,1380,903,57,787,26,832,105,1394,1281 
1708	836,716,101,1042,1098,493,472,868,1135,154 
1709	1279,1313,1485,402,324,1065,881,461,947,366 
1710	1454,222,515,269,967,288,1055,808,65,355 
1711	742,508,1234,338,558,885,383,675,86,1236 
1712	1018,114,1465,262,351,647,888,256,648,150 
1713	252,679,662,533,1386,472,242,231,733,217 
1714	288,412,127,1395,392,742,317,675,111,4 
1715	630,413,513,896,335,1401,757,305,1111,1441 
1716	1236,986,173,127,549,574,1333,945,244,189 
1717	759,680,24,107,407,161,217,92,582,1422 
1718	1098,250,18,653,173,675,1175,165,139,253 
1719	302,799,166,1373,426,696,1088,1214,990,1228 
1720	336,808,1077,2,214,4,401,554,426,508 
1721	451,514,1045,305,127,664,233,1018,178,77 
1722	1018,534,824,267,647,74,580,35,556,412 
1723	773,720,225,1408,109,787,848,935,1070,240 
1724	200,859,198,1090,971,885,614,430,484,1386 
1725	461,77,1177,369,1015,1395,926,188,525,114 
1726	823,313,338,1163,443,595,475,29,250,796 
1727	334,120,521,356,369,501,156,554,678,1065 
1728	449,487,1464,885,1234,829,472,211,676,348 
1729	656,605,1395,1459,369,1279,521,386,652,501 
1730	1378,1204,246,501,848,24,336,1159,884,1041 
1731	750,288,1476,647,139,369,471,508,692,2 
1732	121,508,489,776,1464,675,1443,248,117,662 
1733	88,459,139,114,197,781,76,1207,675,357 
1734	356,841,1025,172,150,1000,649,116,348,1342 
1735	782,512,1092,223,256,336,394,1461,888,514 
1736	1014,833,230,1497,256,446,16,1008,50,1101 
1737	1476,47,773,1378,22,624,1004,1005,501,1498 
1738	230,74,780,1357,629,105,377,888,1018,1471 
1739	173,945,233,264,824,459,777,401,114,647 
1740	395,1090,29,432,110,759,58,752,570,449 
1741	553,753,952,792,443,1444,55,5,476,748 
1742	1347,821,223,102,512,1352,220,1370,786,1137 
1743	936,1307,165,1192,87,62,348,525,1018,1187 
1744	1279,490,90,204,87,1504,10,861,1044,1140 
1745	881,1278,222,504,354,307,469,800,664,886 
1746	218,1395,408,848,89,721,1018,127,825,692 
1747	749,603,35,1240,664,745,4,1408,114,392 
1748	1085,53,89,848,556,781,890,1351,1018,543 
1749	647,35,289,90,911,1476,945,1190,197,890 
1750	402,166,358,699,2,1192,949,1228,750,297 
1751	451,218,675,264,189,139,471,13,459,1159 
1752	653,293,117,412,681,295,343,357,1018,1126 
1753	4,714,890,116,262,87,1150,749,89,543 
1754	1065,577,824,893,459,140,87,664,591,848 
1755	945,1404,508,593,149,244,1287,412,1482,911 
1756	768,692,1439,244,261,1411,1404,643,1489,597 
1757	1310,964,361,1302,1023,945,58,24,28,88 
1758	1102,444,653,336,262,127,49,1465,303,150 
1759	142,154,459,114,1070,377,888,1307,1200,44 
1760	295,501,1018,603,53,543,405,89,986,49 
1761	1395,692,307,1077,1044,514,508,721,813,139 
1762	127,945,514,267,1177,77,1150,565,62,1437 
1763	77,4,111,1024,651,459,173,719,1207,721 
1764	956,923,1447,626,934,464,1322,661,1475,1042 
1765	1465,603,49,421,760,1378,932,1413,549,233 
1766	826,850,931,853,230,256,898,413,777,1401 
1767	471,479,959,1077,1395,336,523,1238,401,681 
1768	166,712,539,302,366,690,585,285,297,980 
1769	927,603,1279,89,1454,401,381,49,392,1333 
1770	893,1485,523,100,539,187,451,1395,1313,1044 
1771	150,154,1116,141,759,760,681,777,1393,1217 
1772	289,848,1150,288,543,1018,24,892,1190,760 
1773	255,223,1370,394,939,384,912,446,1388,1403 
1774	471,514,1437,218,116,1041,875,974,178,285 
1775	331,931,1168,300,1391,394,50,1367,914,1030 
1776	553,923,650,443,792,476,1447,614,1444,823 
1777	468,24,162,1492,612,1212,61,235,1136,733 
1778	580,1379,1018,808,523,139,116,1342,289,356 
1779	1136,182,311,32,320,1173,85,510,460,1023 
1780	536,961,675,679,365,1271,1159,780,141,1472 
1781	374,1150,714,237,534,1401,1018,1066,262,434 
1782	853,782,357,1267,644,202,513,943,237,966 
1783	690,762,401,45,75,584,378,348,813,1485 
1784	220,1127,835,322,606,37,451,666,434,222 
1785	115,350,438,460,744,614,818,660,97,301 
1786	777,293,1018,924,810,1006,1167,1437,632,1307 
1787	514,773,444,1308,736,274,828,664,1498,401 
1788	1482,881,461,90,825,9,1302,1145,366,1065 
1789	574,264,760,342,444,681,543,940,323,89 
1790	512,220,169,725,1137,326,508,1382,1044,1022 
1791	471,1294,297,1333,204,75,369,1395,87,692 
1792	103,29,1106,475,216,159,1212,885,139,823 
1793	1183,1163,1030,891,211,391,750,1119,718,1369 
1794	749,1488,199,1116,1476,704,1236,782,49,15 
1795	204,980,1279,25,519,1016,692,1318,1000,348 
1796	513,1320,1335,508,1351,556,519,1080,1057,449 
