0	880,1008,219,894,616,699,644,282,511,381 
1	567,520,625,417,177,869,326,663,901,147 
2	78,52,583,717,632,571,911,90,490,266 
3	3,94,182,289,336,413,625,721,773,1013 
4	307,830,1016,598,710,61,124,798,0,326 
5	700,857,5,222,270,581,951,699,952,897 
6	637,639,893,320,154,924,699,529,187,517 
7	894,498,444,39,811,193,961,700,954,342 
8	698,520,197,924,538,614,219,619,596,874 
9	663,436,825,581,1006,962,448,380,860,1015 
10	554,984,491,410,436,902,358,263,904,541 
11	570,989,628,842,1009,480,486,840,893,520 
12	470,892,357,1008,398,344,801,523,894,732 
13	540,541,977,577,448,327,975,646,443,436 
14	827,361,502,582,75,773,369,788,939,667 
15	646,367,676,359,87,814,1011,751,850,815 
16	992,813,84,860,656,46,496,507,498,196 
17	673,892,161,214,201,950,585,81,925,292 
18	888,748,849,105,616,680,844,568,167,416 
19	219,663,728,700,562,45,1002,36,423,498 
20	894,698,342,523,398,735,667,476,249,396 
21	588,808,923,419,498,612,336,64,893,27 
22	862,81,396,221,467,285,934,250,679,300 
23	282,501,868,867,665,335,218,257,203,924 
24	750,584,593,36,498,388,820,894,616,590 
25	570,763,735,251,918,453,868,960,482,769 
26	367,172,445,459,869,783,656,831,220,834 
27	894,270,288,939,219,885,440,295,529,56 
28	998,98,773,198,9,512,22,315,599,989 
29	705,9,337,547,793,604,50,848,327,340 
30	256,218,644,377,254,64,481,985,705,428 
31	470,1015,193,420,699,822,892,954,885,292 
32	396,495,144,644,867,422,291,901,622,894 
33	738,849,602,110,888,545,1009,578,911,452 
35	918,529,740,520,33,104,584,513,357,894 
36	622,924,590,894,270,523,933,811,31,857 
37	440,391,161,1,526,164,245,295,64,368 
38	611,825,214,680,192,476,973,894,599,651 
39	672,830,40,207,279,865,194,562,261,875 
40	868,979,342,665,442,1,116,894,161,413 
41	342,584,219,193,982,961,811,523,1,75 
42	481,372,825,874,588,299,616,458,194,358 
43	213,940,917,398,367,520,332,118,542,939 
44	991,963,945,157,971,527,893,332,289,825 
45	117,699,570,1013,885,1004,90,193,924,757 
46	716,452,271,602,548,517,13,616,733,372 
48	337,301,210,640,972,498,420,497,858,1 
49	193,644,49,800,276,568,590,435,961,619 
50	231,534,124,112,918,958,443,289,751,37 
51	963,265,694,905,594,86,326,902,977,538 
52	53,209,570,529,481,342,989,722,498,368 
53	811,403,857,153,363,1013,596,221,568,435 
55	56,523,633,81,1004,498,903,827,154,22 
57	1004,969,523,495,619,811,75,634,896,778 
58	219,511,498,840,507,590,523,36,901,182 
59	126,0,35,776,991,434,367,261,207,110 
60	179,646,975,717,220,138,13,562,2,705 
61	885,548,888,616,565,187,155,680,699,0 
62	366,58,388,880,982,866,1004,734,511,208 
63	64,773,548,742,358,420,292,445,213,73 
64	960,480,231,84,359,815,562,167,299,420 
65	41,112,243,976,228,941,450,926,850,481 
66	513,589,942,486,451,470,484,507,601,391 
67	616,578,145,103,600,925,493,800,277,508 
69	280,511,547,133,85,577,358,304,359,19 
70	891,644,396,72,282,285,215,176,569,883 
71	571,544,765,632,493,893,865,828,869,838 
72	645,961,462,494,710,894,420,616,709,250 
73	442,495,204,258,883,1,584,33,214,144 
74	590,780,581,894,714,218,149,335,883,584 
75	234,491,466,590,616,711,352,296,571,603 
76	351,819,501,77,69,925,837,470,11,90 
77	139,211,869,534,701,496,0,871,934,90 
78	249,323,498,514,208,905,385,271,340,404 
79	555,893,514,1004,5,878,143,71,911,827 
80	699,894,396,529,495,420,844,590,688,346 
81	845,210,732,862,223,894,221,535,33,583 
82	427,6,164,811,260,542,961,274,387,614 
83	239,614,907,939,611,1002,626,443,153,159 
84	275,156,101,564,991,195,646,83,653,90 
85	84,554,856,651,869,975,977,844,825,0 
86	860,498,275,865,194,694,166,424,359,872 
87	481,939,138,110,45,801,825,580,792,754 
88	433,213,954,523,38,987,759,671,893,346 
89	562,899,949,828,435,133,911,661,909,520 
90	259,337,396,1008,64,659,366,298,557,376 
91	699,209,302,644,481,495,346,829,979,961 
92	427,862,842,915,342,442,939,693,299,961 
93	362,453,868,942,281,340,948,1004,699,909 
94	369,673,403,819,335,1015,874,869,747,448 
95	355,571,9,686,377,616,801,851,578,745 
96	673,699,361,226,621,508,440,501,331,495 
97	547,899,976,775,721,808,326,297,192,355 
98	521,46,591,480,694,556,578,166,479,226 
99	966,457,554,296,654,871,456,329,828,17 
100	114,149,998,889,110,358,440,698,746,949 
101	901,878,601,135,99,495,582,951,918,752 
102	975,430,304,205,358,871,588,179,547,289 
103	1009,498,170,326,55,1,772,204,492,874 
104	601,949,495,773,926,492,894,751,538,885 
105	850,377,570,629,33,104,788,142,571,834 
106	491,332,335,436,205,717,4,223,837,267 
107	590,710,523,168,36,477,915,260,1000,399 
108	654,267,991,770,898,769,138,849,1009,865 
109	424,737,183,899,398,246,522,279,90,259 
110	616,127,358,923,925,520,724,495,899,122 
111	135,967,601,511,839,901,505,432,644,507 
112	99,435,354,452,598,507,628,26,637,744 
114	926,263,991,859,492,606,607,893,758,117 
115	225,815,485,525,12,520,366,228,259,511 
116	110,865,711,138,359,834,899,538,267,970 
117	495,885,790,924,590,894,523,396,455,529 
118	947,258,644,948,33,68,523,601,420,989 
119	246,166,300,417,279,457,312,341,205,127 
120	64,601,751,760,337,885,539,430,952,895 
121	1005,711,931,55,639,787,655,71,982,358 
122	699,124,535,396,293,797,483,827,523,951 
123	554,825,335,76,73,548,837,336,773,869 
124	902,975,138,594,434,547,490,445,220,869 
125	120,318,207,850,395,435,426,347,126,151 
126	926,328,806,792,509,358,417,276,894,354 
127	772,511,460,381,743,100,233,726,896,129 
128	179,893,648,298,632,837,701,991,690,1002 
129	992,918,124,187,332,735,1000,962,856,775 
130	944,32,669,475,135,611,55,830,501,193 
131	757,622,565,21,699,858,874,316,270,888 
132	219,778,208,334,771,772,445,949,633,721 
133	490,359,458,245,842,205,788,275,928,562 
134	927,193,819,663,495,901,423,197,532,342 
135	924,260,122,523,381,1,934,894,570,455 
136	302,433,1013,130,611,757,548,569,146,529 
137	310,148,366,58,160,517,164,495,626,629 
138	923,571,866,219,588,9,263,203,526,738 
140	827,623,611,903,896,888,798,699,423,300 
141	939,470,710,498,950,695,742,467,932,138 
142	520,529,179,851,492,601,893,998,788,430 
143	492,144,569,278,798,901,911,761,680,219 
144	548,174,283,9,798,555,772,337,816,335 
145	34,342,800,989,39,724,849,470,482,950 
146	934,1000,139,578,915,182,568,583,837,413 
147	870,513,892,823,110,735,199,630,1,924 
148	367,672,940,309,578,9,166,536,751,871 
150	542,582,611,142,260,956,337,428,523,249 
151	885,144,819,979,924,538,221,499,258,896 
152	677,660,804,335,655,440,147,51,420,553 
153	961,630,533,494,982,398,250,958,702,568 
154	616,888,611,413,219,157,435,667,189,221 
155	402,861,954,357,399,513,122,854,396,98 
156	156,810,949,751,776,885,975,492,529,752 
157	488,47,427,196,227,298,614,874,979,934 
158	957,984,671,916,401,180,859,632,26,795 
159	454,443,425,847,993,1013,697,423,619,295 
160	885,969,270,312,154,498,868,757,341,478 
161	156,466,489,681,972,254,193,644,259,948 
162	820,289,332,189,948,101,426,418,648,543 
163	871,219,840,562,945,813,899,36,777,548 
164	352,548,571,892,110,358,213,788,770,885 
165	116,663,423,354,811,915,543,529,926,783 
166	166,457,35,626,151,554,94,594,976,977 
167	829,644,371,511,59,135,215,965,494,680 
168	228,1010,827,939,431,644,685,792,197,492 
169	157,949,460,607,332,599,234,301,804,490 
170	170,567,214,533,1010,891,569,680,1009,195 
171	847,961,777,213,579,110,47,314,925,788 
172	413,342,629,427,529,807,391,544,215,153 
173	310,194,673,35,201,391,860,800,440,519 
174	340,909,36,435,495,498,840,730,239,4 
176	179,197,480,915,576,520,628,819,871,883 
177	260,962,36,629,869,213,187,498,315,192 
178	905,226,450,770,792,777,825,569,751,485 
179	932,568,888,666,192,288,651,122,511,472 
180	307,961,578,553,2,631,856,480,637,539 
181	186,719,40,440,706,701,289,564,515,621 
182	397,538,116,523,73,396,214,195,302,590 
183	358,621,3,342,918,219,498,468,570,372 
184	542,142,940,161,818,513,820,673,958,507 
185	107,278,939,342,616,135,748,578,511,413 
186	33,1009,489,301,147,896,443,522,956,550 
187	360,885,891,346,343,432,639,561,925,367 
188	511,523,403,366,323,381,644,1003,811,39 
189	1013,372,260,888,358,315,168,673,250,175 
190	399,934,968,841,798,539,511,316,513,700 
191	523,104,827,476,746,37,33,734,877,64 
192	193,732,523,470,894,891,81,671,819,117 
193	662,558,570,175,194,366,548,64,20,856 
194	467,699,498,117,495,221,601,529,924,214 
195	375,894,529,710,21,198,676,56,825,288 
196	198,520,98,492,218,571,698,424,357,512 
197	892,823,614,939,197,907,520,124,448,245 
198	993,259,590,857,238,964,337,218,798,650 
199	840,584,924,33,194,565,570,36,523,204 
200	570,893,219,874,334,260,698,924,778,503 
201	205,65,1018,479,874,600,915,645,196,396 
202	883,769,754,401,816,963,116,206,918,354 
203	252,991,543,236,860,600,651,871,610,948 
204	741,498,9,831,860,1004,939,880,249,529 
205	267,243,412,913,769,816,758,793,379,296 
206	359,29,224,457,264,141,1018,828,802,814 
207	460,924,204,894,722,751,708,773,301,453 
208	434,754,412,693,828,787,332,600,860,758 
209	629,143,484,644,149,878,570,939,1008,894 
210	698,924,538,804,874,372,517,894,983,226 
211	640,847,644,828,747,815,734,261,489,231 
212	580,81,885,270,122,523,164,894,906,811 
213	900,129,699,391,1015,601,950,495,830,81 
214	629,869,104,745,642,621,403,332,732,923 
215	214,495,692,22,799,995,146,567,1009,839 
216	555,778,772,400,599,94,498,99,1004,756 
217	33,896,129,501,391,523,513,56,282,193 
218	991,383,730,497,96,734,217,428,999,261 
219	219,1,520,924,283,523,81,861,811,398 
220	193,676,927,894,221,890,477,954,629,710 
221	166,218,566,1018,803,819,226,897,972,534 
222	651,869,593,110,372,27,664,972,728,888 
223	726,60,842,213,72,335,495,871,436,904 
224	523,752,204,209,396,36,877,598,520,435 
225	11,773,73,759,567,663,219,228,182,993 
226	106,825,508,714,371,601,511,182,822,497 
227	267,821,859,243,265,865,787,910,434,580 
228	616,210,460,21,1004,472,343,676,334,866 
229	770,699,223,124,703,792,842,245,722,220 
230	640,481,782,231,321,554,571,235,450,915 
231	559,841,486,865,989,114,948,534,606,507 
232	695,343,576,19,496,542,676,172,427,950 
233	64,699,570,226,245,326,979,520,881,452 
234	868,357,740,666,773,590,447,182,358,878 
235	144,492,529,239,391,296,569,499,270,827 
236	773,798,555,601,164,792,297,806,196,226 
237	545,888,644,1013,505,918,885,827,411,91 
238	666,21,911,580,792,571,923,991,868,122 
239	583,869,0,1000,668,745,205,888,978,780 
240	967,644,598,779,567,143,104,455,259,619 
241	501,699,732,196,178,474,122,742,1008,523 
242	483,396,665,499,520,699,56,883,420,584 
243	88,130,172,240,510,451,381,1008,1,361 
244	56,146,529,470,924,396,193,888,580,1 
245	738,21,326,687,98,923,135,616,570,510 
246	751,572,110,226,639,786,547,548,632,4 
247	367,141,881,851,855,554,166,529,646,925 
248	715,142,868,692,688,204,1,182,874,580 
249	253,199,206,0,578,570,924,701,965,782 
250	130,374,164,590,260,131,633,221,495,213 
251	914,64,985,813,878,681,102,601,335,885 
252	554,813,913,1002,984,466,69,452,90,770 
253	521,65,166,534,879,63,673,714,544,1015 
254	790,505,107,601,545,549,901,669,380,714 
255	124,2,856,792,243,386,564,840,859,548 
256	244,87,542,998,950,529,443,819,278,733 
257	267,358,913,926,11,289,983,597,794,379 
258	860,529,939,653,535,466,693,933,818,911 
259	825,802,184,492,604,788,717,265,975,966 
260	492,951,759,136,982,993,616,744,799,766 
261	597,785,817,626,987,853,860,300,926,825 
262	180,904,787,96,491,414,681,327,216,692 
263	307,989,249,570,942,179,94,800,364,329 
264	446,569,140,965,617,762,991,734,451,514 
265	139,427,825,76,750,24,39,932,205,360 
266	357,435,922,616,9,119,401,766,788,434 
267	156,94,415,841,815,834,952,440,722,48 
268	761,495,699,646,206,601,476,513,792,523 
269	366,477,538,225,502,565,798,281,302,64 
270	315,668,590,298,219,745,526,742,1000,783 
271	699,498,894,523,868,1,140,373,585,276 
272	699,979,187,221,584,144,100,523,911,387 
273	529,676,417,152,580,501,123,749,712,590 
275	989,488,525,841,495,477,644,777,856,897 
276	115,443,69,236,409,269,860,279,507,645 
277	245,156,218,498,983,64,961,313,494,630 
278	987,583,200,221,448,656,119,0,315,742 
279	603,8,957,765,376,813,608,541,358,351 
280	138,908,481,359,436,36,830,379,513,893 
281	75,590,901,830,161,259,754,893,576,1013 
282	601,213,926,117,1010,676,972,214,827,773 
283	1008,523,894,470,482,149,513,213,484,585 
285	174,219,502,1009,550,202,616,162,288,511 
286	732,164,214,979,546,699,839,844,21,749 
287	571,646,271,203,578,838,975,90,36,466 
288	493,773,414,815,147,787,826,774,984,265 
289	417,354,569,96,758,205,769,825,445,594 
290	219,679,403,6,752,734,644,990,221,172 
291	248,477,769,221,948,752,340,656,825,143 
292	21,584,1008,312,745,250,611,366,616,300 
294	680,292,280,760,939,183,523,498,170,59 
295	498,710,366,361,90,307,969,64,570,894 
296	167,869,187,427,881,879,513,588,116,142 
298	523,673,677,778,104,840,9,745,1008,611 
299	750,471,1008,634,749,910,837,958,641,585 
300	219,644,834,939,874,55,333,246,570,166 
301	699,1,894,585,584,954,644,621,1009,710 
302	275,800,292,326,836,899,352,90,929,279 
303	147,511,156,1,227,642,841,699,467,683 
304	975,327,893,1002,744,35,531,984,390,865 
305	546,476,295,248,868,544,117,334,798,538 
306	651,949,498,1002,304,529,780,574,983,340 
307	641,440,90,648,291,348,366,513,194,326 
308	571,522,298,340,239,913,871,888,137,184 
309	583,915,584,924,366,167,874,494,523,298 
310	616,888,511,342,187,260,699,520,221,729 
311	161,930,140,377,666,935,197,912,292,338 
312	507,213,3,590,358,226,961,38,366,952 
313	436,9,977,419,1018,438,466,674,27,205 
314	302,56,894,511,495,117,979,715,258,478 
315	748,991,301,555,243,289,888,159,570,342 
316	696,730,452,416,379,311,780,632,501,590 
317	529,692,837,178,564,1005,420,440,64,510 
318	303,366,58,181,546,616,375,679,877,942 
319	899,708,329,600,277,457,236,242,753,815 
320	453,885,305,187,312,1010,389,538,315,448 
321	6,570,125,1016,492,631,64,205,1000,913 
322	448,1009,909,281,538,167,94,508,90,641 
323	292,764,1009,239,571,646,308,39,850,989 
324	41,342,398,870,797,110,3,827,547,451 
325	692,71,69,180,885,337,994,210,892,150 
326	167,542,213,1016,612,364,244,480,19,801 
327	342,489,547,1009,159,480,1008,568,710,443 
328	494,590,746,939,665,6,644,59,569,542 
329	570,476,841,0,554,119,163,788,511,1009 
330	626,496,544,21,802,930,450,976,555,643 
331	498,924,64,210,878,270,337,33,640,314 
332	918,781,221,961,668,590,593,67,498,954 
333	330,712,129,417,56,193,495,523,622,688 
334	292,375,192,918,98,326,651,282,825,699 
335	557,891,601,710,895,593,692,580,979,590 
336	820,893,576,691,157,444,654,646,15,197 
337	926,991,152,354,859,284,929,674,821,825 
338	347,9,717,529,205,616,96,871,219,778 
339	84,789,167,612,662,213,979,869,860,845 
340	531,701,828,359,651,556,2,825,167,710 
341	950,342,589,511,894,219,221,470,214,233 
342	29,547,36,482,801,256,537,860,616,339 
343	695,682,155,433,892,823,485,366,361,942 
344	748,210,1000,498,966,888,417,476,777,278 
345	498,783,290,885,511,435,323,375,752,742 
347	164,854,215,710,542,144,362,700,496,396 
348	434,666,120,727,401,629,292,699,135,96 
349	718,612,532,110,84,342,279,868,151,852 
350	219,868,193,715,523,298,511,699,538,570 
351	430,1018,304,220,1002,498,871,450,166,788 
352	219,611,726,358,398,564,621,371,142,608 
353	495,396,81,563,688,567,1004,896,885,529 
354	128,571,651,865,321,404,90,452,849,280 
355	495,1004,798,538,219,122,901,33,699,611 
356	270,901,980,520,529,198,435,619,105,335 
357	699,0,501,548,231,710,578,868,894,842 
358	663,511,562,1018,800,65,166,144,498,213 
359	954,773,501,335,526,798,1,983,353,595 
360	924,366,58,840,1009,6,219,221,399,212 
361	122,417,699,495,529,934,894,232,392,569 
362	146,312,758,523,568,611,292,692,991,699 
363	800,836,304,166,1008,640,138,828,864,21 
364	852,193,529,709,221,81,671,619,167,156 
365	56,81,144,499,511,633,670,513,794,576 
366	179,564,161,899,359,646,308,124,1009,606 
367	646,529,940,335,972,213,470,240,751,179 
368	470,496,193,435,484,825,819,411,520,98 
369	167,869,551,710,616,578,1004,156,404,466 
370	285,513,611,440,891,470,147,507,868,498 
372	500,773,900,704,193,944,917,484,967,885 
373	424,961,939,454,954,496,103,657,886,860 
374	270,149,523,742,20,715,143,444,1004,315 
375	142,940,851,220,562,496,1018,87,837,120 
376	885,830,468,523,1004,270,433,601,81,391 
377	865,913,787,347,632,768,826,152,401,594 
378	570,841,254,644,752,261,289,215,734,729 
379	625,523,3,885,827,739,5,969,518,170 
380	824,644,559,635,425,847,470,792,146,510 
381	924,911,844,520,413,381,868,255,1008,302 
382	648,219,296,90,949,335,16,773,548,358 
383	358,526,744,674,619,338,191,939,219,592 
384	507,445,611,771,250,700,772,435,766,136 
386	295,122,381,357,616,221,699,218,781,958 
387	571,902,491,162,553,327,9,160,816,748 
388	807,94,332,104,874,583,245,899,687,413 
389	249,292,342,173,673,585,337,797,924,440 
390	480,110,359,182,463,275,251,415,815,618 
391	600,727,676,579,88,335,347,939,0,629 
392	421,717,404,338,832,151,654,881,758,610 
393	699,580,498,868,633,772,484,36,1008,117 
394	711,945,748,169,460,289,570,182,354,698 
395	193,676,529,979,665,362,38,143,498,964 
396	396,187,511,213,628,346,729,118,24,189 
397	950,1016,747,2,637,576,219,794,523,498 
398	364,981,90,153,653,940,829,167,701,309 
399	602,744,837,1009,961,292,342,868,417,682 
400	710,714,612,470,192,915,788,616,335,523 
401	869,65,167,710,480,479,801,798,205,792 
402	883,285,129,484,391,895,987,1008,204,891 
403	807,245,404,597,439,883,94,869,496,529 
404	744,680,951,377,193,511,494,391,498,847 
405	59,192,511,477,219,484,423,191,56,699 
408	673,257,585,973,519,529,361,961,498,854 
409	237,570,102,249,547,292,841,629,783,477 
411	841,834,990,923,498,641,230,371,538,956 
412	335,710,773,733,546,375,893,998,682,810 
413	260,370,1016,396,507,381,403,834,25,979 
414	417,529,590,666,907,740,117,946,894,49 
415	156,601,529,893,810,239,954,275,220,710 
416	259,800,275,188,687,956,940,142,286,279 
417	182,219,93,139,726,238,335,621,498,837 
418	555,1,601,149,335,357,275,889,692,932 
419	502,734,930,721,208,287,342,340,942,841 
420	630,64,43,226,455,393,697,655,122,369 
421	219,1004,511,924,565,58,804,614,400,104 
422	310,597,153,642,233,616,6,614,221,967 
423	368,938,756,391,771,914,440,726,542,700 
424	354,991,248,234,369,382,252,711,347,963 
425	961,149,584,631,673,443,1,212,700,260 
427	920,55,250,3,817,901,834,440,422,601 
428	773,590,335,682,894,990,1008,841,144,64 
429	529,435,538,219,982,520,1013,888,616,734 
430	998,744,601,520,33,443,940,901,21,770 
431	998,335,710,344,254,501,358,199,451,969 
432	911,56,300,868,221,584,281,951,495,164 
433	759,655,557,472,841,161,912,773,644,662 
434	669,193,511,979,396,915,250,420,856,333 
435	167,676,869,166,653,578,915,427,628,41 
436	498,399,593,826,969,9,193,163,317,187 
437	367,940,309,344,899,535,220,851,672,529 
439	1015,402,281,444,495,392,590,563,918,987 
440	632,14,646,252,821,434,651,850,608,326 
441	601,894,885,5,995,712,552,446,843,56 
442	1009,259,574,411,398,520,337,542,477,383 
443	326,477,699,110,1009,36,801,991,797,874 
444	680,1010,993,173,868,342,688,590,638,144 
445	676,347,629,858,593,596,96,213,581,645 
446	416,482,167,498,543,765,780,212,637,64 
447	699,110,492,893,770,888,545,837,1,983 
448	381,163,710,270,523,334,511,221,584,590 
449	683,495,214,56,146,1010,302,129,580,712 
450	939,644,656,915,298,191,1013,611,339,612 
451	281,699,498,637,124,548,117,335,673,193 
452	64,498,79,993,773,902,989,289,366,475 
453	707,391,478,38,903,1009,159,766,969,204 
454	629,533,901,497,494,440,924,529,1013,798 
455	1018,788,0,800,212,1000,534,751,359,814 
456	448,298,679,1004,590,611,596,772,982,369 
458	694,347,21,1013,417,1008,821,194,893,248 
459	396,830,819,868,81,513,542,950,470,847 
460	191,565,33,270,56,122,896,193,81,744 
461	158,454,961,308,443,244,50,882,211,612 
462	699,140,361,666,891,927,837,858,484,421 
463	379,975,601,94,275,270,893,476,969,611 
464	829,666,143,233,822,568,173,747,462,357 
466	737,236,40,562,554,496,855,860,304,610 
467	865,910,216,948,926,971,64,754,226,913 
468	357,801,1011,124,142,297,601,513,1013,88 
469	302,1017,138,538,570,894,358,710,37,924 
470	918,1013,495,584,699,196,868,498,569,529 
471	639,762,562,344,367,646,689,436,710,329 
472	271,141,869,1002,490,13,179,710,66,925 
473	426,922,417,578,1010,536,684,750,306,632 
474	969,337,478,270,428,1010,495,601,683,1013 
476	825,545,699,915,0,1004,798,196,801,814 
477	663,76,0,271,584,709,436,466,97,430 
478	342,413,33,149,466,663,644,827,980,495 
479	228,342,841,422,318,328,59,520,70,744 
480	569,65,346,480,171,432,583,534,901,709 
481	498,33,590,519,969,628,798,699,392,584 
482	711,929,267,152,826,123,417,972,654,863 
483	570,840,671,354,213,571,688,946,614,629 
484	894,699,529,325,164,501,837,117,420,673 
485	437,608,194,398,351,173,744,860,578,619 
486	436,242,335,604,864,308,578,529,825,220 
487	878,683,337,973,969,523,570,183,477,781 
488	286,309,851,710,470,865,430,278,935,733 
489	495,221,72,896,1015,918,924,33,357,102 
490	568,494,644,939,589,209,611,6,915,219 
491	761,747,545,84,72,282,73,829,182,425 
492	185,0,646,801,553,825,282,765,855,235 
493	221,219,210,726,477,104,74,644,6,538 
494	673,836,987,585,368,918,523,361,188,883 
495	531,197,975,490,825,540,801,899,404,448 
496	417,730,793,907,705,529,987,310,698,332 
497	366,174,522,721,340,1004,804,167,94,337 
498	193,302,478,117,499,590,969,883,221,396 
499	961,49,6,448,281,878,234,209,117,877 
500	583,90,223,888,570,939,326,637,594,588 
501	819,894,159,564,837,461,178,240,289,1015 
502	547,377,249,800,19,892,1008,103,498,339 
503	965,564,951,470,894,357,344,529,371,178 
504	205,498,529,323,117,1008,742,793,138,1000 
506	107,872,496,142,289,268,766,364,544,939 
507	896,868,159,560,178,250,619,948,940,144 
509	1004,467,391,894,213,601,398,64,934,924 
510	736,120,211,179,508,645,694,427,871,197 
511	468,325,579,346,885,894,230,569,897,532 
513	1009,948,475,559,941,64,332,61,219,144 
514	699,193,712,529,825,979,452,381,122,448 
515	470,89,629,420,894,673,325,542,853,292 
516	55,761,358,766,445,511,759,734,897,122 
517	304,639,600,838,40,367,1002,141,289,753 
518	433,673,146,440,843,71,155,1,633,893 
519	570,942,315,108,584,773,221,593,979,611 
520	480,798,915,212,124,874,869,321,479,841 
521	748,963,991,711,971,922,745,347,763,875 
522	795,90,138,701,329,231,860,699,578,832 
523	281,654,729,538,792,263,572,748,904,6 
524	719,309,226,97,87,367,927,940,672,948 
525	189,523,582,1016,494,342,611,589,407,381 
526	458,856,915,860,763,961,977,600,719,789 
527	450,716,236,496,719,304,899,94,508,715 
528	584,476,590,221,798,283,38,890,357,104 
529	523,868,901,511,729,1004,495,781,1008,790 
530	110,72,939,226,84,107,275,653,934,897 
531	921,327,981,317,708,800,466,352,578,304 
532	570,481,84,0,699,36,915,315,783,396 
533	493,420,664,853,788,692,925,580,724,769 
534	939,181,892,146,653,934,860,442,891,245 
535	954,213,1004,270,511,1013,743,915,925,182 
536	603,955,811,644,511,638,896,204,435,74 
537	792,869,866,644,343,544,0,666,120,874 
538	513,262,666,699,965,893,420,159,423,515 
539	747,532,496,710,156,0,736,405,462,579 
540	939,471,498,572,772,133,983,841,721,593 
541	899,888,1013,90,637,585,263,179,94,514 
542	885,425,468,454,775,878,601,51,532,375 
543	250,56,146,523,193,623,699,270,477,59 
545	219,734,208,9,104,522,323,948,778,967 
546	1013,433,565,56,20,213,638,967,584,728 
547	864,529,813,705,123,664,412,417,894,242 
548	352,865,332,610,15,956,534,358,512,681 
549	710,1015,335,1004,961,819,523,699,780,37 
550	274,699,644,513,295,739,896,221,601,33 
551	513,498,140,601,1008,396,342,868,295,81 
552	1018,828,35,855,976,205,179,529,663,296 
553	600,645,506,126,0,641,717,123,208,583 
554	686,940,542,935,289,547,80,496,292,814 
556	775,892,342,629,542,90,173,194,498,105 
557	220,800,674,817,731,776,975,376,547,123 
558	939,853,751,470,558,130,398,511,539,420 
559	276,498,692,1008,579,433,699,885,1004,213 
560	915,480,139,886,924,881,790,495,651,939 
561	175,874,270,840,771,614,538,476,58,1013 
562	534,120,65,710,869,517,645,888,258,570 
563	601,819,396,692,844,707,510,924,732,1 
564	679,924,894,906,868,282,792,565,219,58 
565	940,934,701,398,329,307,179,856,534,616 
566	521,961,534,520,139,244,1018,166,226,602 
567	760,36,865,942,590,307,61,828,298,990 
568	460,476,402,272,1004,811,281,565,36,700 
569	717,915,0,628,656,646,417,855,629,293 
570	924,712,272,885,240,164,420,670,569,954 
571	128,651,491,83,438,27,744,940,547,280 
572	525,488,47,314,182,874,376,905,828,317 
573	885,511,498,167,9,337,710,366,585,894 
574	285,498,495,117,452,777,732,742,21,218 
575	281,710,885,942,511,366,1004,495,570,979 
576	692,245,529,510,568,493,295,810,854,335 
577	179,205,828,231,359,522,434,957,606,498 
578	502,375,21,413,6,1000,260,628,63,168 
579	732,868,391,498,285,954,188,149,641,295 
580	641,539,175,673,188,621,149,513,283,1013 
581	885,494,81,830,260,962,533,507,445,385 
584	679,999,769,526,711,658,752,108,859,768 
585	179,534,529,925,231,915,197,713,548,977 
587	326,475,721,555,399,792,358,320,259,601 
588	588,848,110,641,526,647,9,823,961,137 
589	413,99,498,334,385,400,699,362,300,388 
590	715,570,580,819,507,362,939,637,482,138 
591	637,329,271,97,865,496,676,224,578,166 
593	506,296,197,350,765,529,681,760,323,828 
594	66,367,891,940,139,922,292,885,377,424 
595	925,651,152,991,913,929,219,971,1009,676 
596	715,919,281,300,813,216,107,685,916,538 
597	182,403,868,497,799,568,752,727,788,534 
598	871,76,529,496,869,40,358,0,777,22 
599	888,375,498,317,1008,452,924,901,699,399 
600	517,676,248,343,497,710,548,894,596,410 
601	570,218,905,748,590,14,828,421,300,989 
602	815,115,509,60,304,738,774,463,220,770 
603	465,121,157,162,1017,340,794,971,555,498 
604	554,572,280,548,185,110,558,777,117,485 
605	939,0,245,78,490,534,501,692,855,593 
606	226,335,213,673,583,590,710,403,638,869 
607	729,584,746,924,342,798,1008,398,1004,170 
608	570,498,210,699,584,299,249,894,662,881 
609	617,885,375,358,318,975,721,691,509,347 
610	213,721,773,1004,270,511,219,798,117,529 
611	900,683,546,827,513,144,498,1015,394,258 
612	511,608,219,249,679,343,372,9,1013,892 
613	1004,924,221,219,495,366,726,514,699,58 
614	629,523,901,933,857,49,799,149,193,699 
615	562,332,718,443,298,34,576,644,690,841 
616	481,209,628,479,135,685,583,698,699,958 
617	688,585,513,102,891,584,391,170,629,878 
618	542,41,611,19,71,870,342,170,899,775 
619	234,893,124,918,398,231,197,476,289,1009 
620	327,554,256,828,141,608,765,728,299,45 
621	819,193,342,829,403,683,987,282,497,878 
622	497,367,652,332,342,529,415,754,289,87 
623	570,498,915,36,811,84,192,219,831,281 
624	495,270,911,1013,623,590,951,1,129,699 
625	583,546,792,699,477,795,6,237,381,780 
626	10,1017,371,668,366,85,570,119,969,219 
627	603,955,437,988,684,840,663,915,219,102 
628	193,644,611,398,901,757,894,501,692,888 
629	773,692,894,446,295,495,766,983,730,502 
630	317,296,837,275,989,576,195,197,498,534 
631	166,800,577,915,498,1008,645,583,850,788 
632	498,292,161,7,746,948,38,71,710,260 
633	149,122,885,420,495,749,896,235,979,798 
634	734,772,227,843,948,335,9,715,226,913 
635	611,206,868,825,582,967,644,628,219,811 
637	744,82,377,619,930,1002,562,1009,1016,239 
638	926,972,529,769,354,991,787,770,499,999 
639	705,554,626,893,317,985,571,869,593,452 
640	772,358,843,372,502,588,638,894,298,644 
641	699,538,715,590,219,144,221,728,585,979 
642	951,896,187,270,56,33,772,511,122,584 
643	38,597,750,780,208,4,853,974,507,353 
644	358,390,355,889,342,893,773,998,1,157 
645	692,699,210,888,156,164,130,219,361,221 
646	143,102,232,698,961,144,498,894,969,888 
647	46,934,498,171,864,954,699,316,880,894 
648	597,869,942,708,64,710,21,244,524,439 
649	579,511,146,979,1008,644,221,300,700,885 
650	505,697,756,917,186,134,601,462,868,824 
651	493,147,893,263,607,585,696,433,973,283 
652	689,960,789,359,534,17,0,556,212,801 
653	601,278,396,470,398,894,798,511,699,523 
654	352,534,427,544,192,788,486,956,814,37 
655	173,64,766,590,366,447,567,358,92,270 
656	423,584,857,499,964,671,885,403,478,868 
657	926,898,196,223,490,213,742,566,695,883 
658	110,554,601,339,825,843,156,0,716,74 
659	167,498,496,547,153,546,869,642,440,597 
660	94,923,925,430,182,751,16,874,554,708 
661	610,652,236,554,196,710,597,904,367,1002 
662	644,523,699,896,827,498,918,830,33,335 
663	369,462,497,213,342,728,587,354,616,702 
664	685,813,392,209,73,946,117,0,75,6 
665	167,0,856,801,631,869,278,902,841,481 
666	495,885,584,585,798,1004,396,638,1,673 
667	242,871,899,213,9,436,952,777,502,273 
668	979,495,924,885,546,499,396,467,1004,712 
669	644,470,868,221,710,396,520,381,854,895 
670	182,602,648,219,139,490,592,881,179,587 
672	381,772,803,885,396,759,56,799,122,1 
673	499,699,700,979,483,81,980,643,622,781 
674	715,498,433,135,888,946,117,979,499,697 
675	757,902,399,611,212,721,941,934,631,975 
676	865,332,48,768,787,216,913,179,438,825 
677	484,783,570,1008,699,396,370,969,542,891 
679	680,827,611,135,3,371,55,389,565,110 
680	526,358,219,440,998,226,848,215,868,104 
681	530,207,570,991,1018,871,9,265,758,922 
682	546,590,1017,137,263,290,868,692,554,156 
683	629,197,245,78,466,13,1003,645,871,534 
684	827,878,582,444,830,484,831,279,237,422 
685	628,149,262,729,888,402,455,142,191,167 
686	989,774,777,47,640,237,481,642,376,597 
687	433,470,771,71,700,742,213,420,374,962 
688	560,410,725,358,511,298,817,304,175,370 
689	334,826,711,501,738,390,780,1009,929,773 
691	818,256,537,234,379,923,358,815,899,639 
692	173,554,866,699,797,637,462,951,292,529 
693	358,905,893,219,538,326,621,289,182,751 
694	994,498,15,182,484,547,482,323,430,810 
695	264,562,689,457,35,751,662,97,594,578 
696	996,245,70,362,676,123,576,795,554,950 
697	100,288,894,361,633,460,934,880,99,750 
698	170,495,699,501,885,967,282,177,118,954 
699	939,875,470,579,915,420,818,498,742,68 
700	970,790,735,505,269,298,285,698,61,878 
701	271,141,713,869,1002,205,881,632,339,828 
702	56,270,495,478,214,397,623,1004,962,346 
703	751,590,493,773,147,398,710,198,375,428 
704	477,452,699,192,949,219,22,570,511,825 
705	800,438,367,601,319,940,931,141,737,77 
706	94,825,909,578,602,496,705,540,430,224 
707	76,901,144,692,839,532,295,533,888,21 
708	340,184,571,902,277,163,555,474,366,721 
710	335,692,430,77,352,332,859,754,975,522 
711	405,335,583,638,699,193,504,258,732,580 
712	982,730,507,522,830,827,149,825,875,376 
713	379,133,818,208,995,541,275,29,802,28 
714	673,909,961,593,547,211,714,841,303,760 
715	330,111,671,756,95,418,621,749,519,501 
716	138,430,231,674,298,646,681,654,321,742 
717	1009,570,754,787,590,722,234,342,991,326 
718	56,1004,982,122,214,273,357,870,894,868 
719	304,98,547,480,246,925,819,860,845,279 
720	595,710,193,1015,114,973,513,601,982,129 
721	619,982,712,452,295,466,794,237,949,623 
722	97,998,94,451,357,450,564,440,981,88 
723	603,306,578,596,676,765,235,632,219,849 
725	234,660,289,332,825,8,417,1002,306,869 
726	767,149,1013,628,477,520,300,511,250,601 
727	546,885,699,584,381,529,622,710,161,1004 
728	865,610,769,674,220,787,207,347,645,156 
729	136,867,917,281,644,108,1004,170,6,221 
730	576,37,771,213,490,921,547,481,476,410 
731	122,993,142,259,954,699,896,864,700,520 
732	127,497,476,799,904,757,445,110,722,276 
733	738,290,808,770,641,592,593,751,928,419 
735	495,798,585,812,513,634,969,193,51,150 
736	205,793,632,280,602,923,577,354,871,754 
737	680,827,292,1013,918,384,151,582,444,698 
738	1008,827,601,495,546,682,273,523,746,494 
739	871,1015,925,506,893,590,1002,600,11,800 
740	182,759,894,590,342,23,973,683,498,538 
741	440,894,391,413,611,273,398,848,22,587 
742	476,99,778,475,1013,110,182,187,492,339 
743	193,590,840,728,548,933,742,825,584,673 
744	417,991,859,850,711,664,929,492,692,898 
745	631,179,175,842,612,893,825,522,713,801 
746	342,676,39,73,885,894,655,283,629,498 
747	498,523,830,961,81,192,647,342,495,593 
748	445,734,982,56,980,250,117,819,295,896 
749	775,332,17,168,628,75,523,694,1016,578 
750	444,135,347,168,354,901,59,656,632,520 
751	110,226,358,219,616,477,254,452,333,804 
752	458,687,90,195,235,256,141,86,881,860 
753	420,529,673,601,95,178,864,1005,117,667 
754	570,562,435,858,642,120,658,410,522,298 
755	954,462,811,700,962,727,194,759,130,990 
757	438,864,485,854,351,674,442,842,569,632 
758	894,529,673,848,676,1008,40,88,710,276 
759	693,963,865,354,860,758,800,358,945,616 
760	898,926,110,347,297,972,571,902,674,530 
761	871,840,224,436,265,11,602,327,298,520 
762	741,590,6,579,366,102,894,546,866,969 
763	620,961,600,1015,236,819,710,427,348,144 
764	906,811,511,250,834,700,679,153,874,523 
765	161,342,41,579,3,484,827,673,31,665 
766	792,21,644,122,396,144,498,229,261,183 
767	644,2,868,526,498,584,697,773,942,699 
768	654,108,492,243,347,552,335,972,638,859 
769	239,655,897,682,391,335,149,75,843,337 
770	960,856,972,748,792,749,958,359,221,852 
771	259,358,948,899,786,751,498,539,342,94 
772	239,894,633,623,498,773,550,33,837,523 
773	925,885,637,271,570,459,266,628,531,590 
774	391,523,262,894,88,1013,885,300,164,712 
775	335,754,792,220,64,292,673,131,379,714 
776	817,562,440,413,97,369,497,1005,498,833 
777	770,9,141,522,404,492,448,430,35,610 
778	220,651,865,653,207,850,522,271,197,681 
779	922,865,693,727,278,672,207,292,601,299 
780	840,492,366,385,924,905,611,945,265,825 
781	156,430,711,166,572,600,601,594,652,646 
782	254,221,498,477,584,811,70,868,298,248 
783	705,246,208,416,760,162,127,588,379,553 
784	843,742,498,662,399,9,885,923,110,832 
785	2,723,827,110,881,548,389,52,0,156 
786	699,621,21,770,295,448,221,825,983,656 
788	918,408,196,221,117,281,590,477,523,987 
789	888,734,568,391,398,948,497,33,619,511 
790	139,737,871,648,211,652,175,427,142,90 
791	1011,710,249,751,529,295,855,927,692,289 
792	834,572,1014,90,50,538,836,298,72,728 
793	226,559,364,729,547,583,990,135,329,885 
794	434,1002,166,35,559,90,197,135,904,153 
795	699,590,585,1013,117,73,825,611,843,909 
796	509,871,571,36,182,648,503,710,874,361 
797	25,70,710,841,245,187,6,840,1,747 
798	94,676,708,517,701,869,343,15,40,705 
799	342,614,81,819,520,1009,889,58,140,721 
800	210,951,643,715,844,885,251,659,857,221 
801	882,535,358,292,674,939,78,815,998,238 
802	577,450,352,21,571,1018,184,26,635,802 
803	517,435,616,529,925,332,507,881,714,719 
805	737,573,367,701,694,90,534,1008,359,1002 
806	798,885,523,511,761,901,33,951,710,495 
807	641,194,492,668,110,571,826,879,837,861 
808	733,975,276,999,390,782,899,477,157,205 
809	68,9,904,672,502,379,692,857,948,18 
810	1008,976,956,427,172,343,902,143,460,36 
812	954,743,894,130,584,1013,495,501,924,93 
813	320,413,616,901,56,187,589,99,679,248 
814	676,547,939,303,937,427,512,629,517,788 
815	433,827,435,942,917,1004,175,790,323,399 
816	296,9,430,208,335,490,975,509,340,277 
817	570,656,427,676,849,923,871,526,987,816 
818	520,357,318,342,680,168,89,580,33,501 
819	710,244,139,1018,692,939,866,236,241,495 
820	292,534,544,308,315,325,368,555,433,369 
821	783,942,710,427,315,590,435,989,690,593 
822	56,495,601,692,239,699,772,156,709,993 
823	947,64,262,416,1013,729,358,428,523,245 
824	951,259,476,841,477,868,878,442,136,942 
825	152,676,664,96,750,596,821,910,448,616 
826	569,401,857,108,369,583,453,566,21,447 
827	569,336,293,612,117,637,939,548,726,862 
828	219,175,778,460,700,792,261,498,263,773 
829	792,209,649,0,939,621,204,520,911,856 
830	47,525,225,847,203,212,734,841,559,114 
831	99,237,219,466,354,878,645,827,637,681 
832	365,1014,689,315,961,636,669,917,184,332 
833	213,773,843,420,885,791,698,538,673,1004 
834	147,1,751,413,555,703,22,131,182,223 
835	752,209,614,718,435,335,847,1016,692,160 
836	939,656,511,834,680,651,299,110,894,915 
837	800,271,925,319,719,855,196,652,156,197 
838	918,894,856,532,921,546,501,621,663,495 
839	924,148,840,880,36,622,925,270,565,323 
840	680,192,523,477,399,55,934,878,885,489 
841	584,56,76,951,709,1004,643,868,885,204 
842	205,991,548,893,554,578,220,226,855,859 
843	1011,292,523,590,710,192,470,529,918,585 
844	375,34,923,366,416,1008,598,337,459,555 
845	914,1015,940,515,542,673,579,814,915,443 
846	511,498,925,138,939,885,546,979,213,337 
847	816,143,379,554,530,541,216,474,571,909 
848	335,859,754,817,376,898,894,198,792,196 
849	559,492,601,752,999,699,221,825,926,74 
850	550,741,986,734,64,590,204,583,869,969 
851	485,225,146,312,640,699,565,182,20,548 
852	744,234,619,239,825,390,892,946,682,578 
853	235,596,84,481,203,212,8,420,479,520 
854	673,893,358,923,529,90,170,678,263,825 
855	777,22,597,315,36,347,523,961,613,999 
856	901,1004,523,565,885,896,590,483,381,187 
857	523,219,584,511,570,253,82,105,742,187 
858	611,253,965,0,792,858,90,371,770,827 
859	105,187,498,969,827,538,191,570,33,825 
860	296,354,716,637,540,491,654,793,639,481 
861	926,787,14,169,821,96,180,963,674,354 
862	754,590,490,576,223,768,991,863,209,999 
863	521,872,171,676,46,220,631,496,966,836 
864	496,435,460,819,226,894,699,939,679,696 
865	198,722,621,815,868,766,529,699,21,522 
866	209,659,744,568,619,616,8,472,685,857 
867	413,520,961,827,825,71,1008,315,381,680 
868	637,721,1007,902,486,237,570,498,167,419 
869	531,9,379,414,554,646,925,578,689,975 
870	824,425,822,954,532,102,644,892,917,226 
871	250,629,766,213,611,961,295,597,568,906 
872	292,611,192,1010,424,744,901,885,590,135 
873	878,920,773,794,104,6,903,917,538,1016 
874	940,976,371,959,965,398,487,589,396,110 
875	459,738,887,844,214,888,869,742,20,674 
876	529,719,179,443,938,466,116,297,1011,289 
877	500,346,944,432,91,495,709,885,494,567 
878	228,159,644,895,335,666,792,577,642,263 
879	869,871,676,205,710,179,141,828,35,0 
880	860,608,616,487,532,825,346,888,206,223 
881	149,585,255,555,629,924,630,413,746,170 
882	102,420,342,511,495,68,371,979,497,878 
883	193,699,546,883,878,665,124,498,129,1004 
884	424,829,358,680,619,902,144,681,833,343 
885	695,935,245,173,342,147,463,228,520,841 
886	194,955,954,633,968,644,967,495,877,191 
887	611,1004,682,827,273,73,213,333,144,59 
888	406,707,637,446,880,894,150,433,281,710 
889	733,825,998,48,698,715,448,216,711,910 
890	570,498,167,520,962,534,628,364,596,598 
891	347,418,893,692,354,885,894,727,569,369 
892	289,901,825,278,412,423,358,648,830,602 
893	899,366,725,219,1004,206,58,726,874,413 
894	895,932,982,219,39,344,915,939,363,568 
895	1004,366,798,951,221,726,699,476,811,335 
896	404,112,90,246,450,975,326,800,286,534 
897	278,569,529,958,947,484,868,250,178,508 
898	458,583,252,612,141,547,209,989,404,783 
899	646,496,600,205,698,35,825,849,728,213 
900	918,513,1012,590,519,595,575,619,961,221 
901	300,117,570,792,417,499,495,584,1018,891 
902	1004,924,335,58,494,569,475,670,857,387 
903	899,110,801,600,662,124,166,583,782,621 
904	590,366,734,136,520,847,149,698,440,391 
905	579,250,219,657,915,171,415,472,440,882 
906	422,487,1018,12,33,268,948,213,495,827 
907	590,712,773,295,335,150,555,954,221,147 
908	571,825,626,772,210,327,501,205,966,90 
909	498,546,679,193,597,36,15,210,1004,6 
910	488,504,47,485,182,196,601,572,1004,336 
911	142,79,107,868,3,611,400,726,132,761 
912	219,298,104,855,773,529,869,948,366,210 
913	34,498,583,924,396,616,381,413,887,212 
914	960,789,966,90,570,961,326,235,654,86 
915	334,742,710,9,343,894,995,517,720,335 
916	950,615,363,193,939,954,798,961,221,6 
917	84,570,498,662,37,142,249,303,275,763 
918	1015,193,186,425,699,357,513,215,590,830 
919	818,35,860,865,299,1012,562,243,737,872 
920	1011,894,601,335,773,440,595,896,868,219 
921	979,844,699,346,924,529,894,193,392,221 
922	878,523,396,894,924,781,520,911,699,532 
923	868,948,403,423,973,250,216,872,730,549 
924	340,712,679,893,692,157,263,911,296,924 
925	825,435,692,866,340,699,710,642,204,651 
926	440,676,361,825,9,508,521,347,242,562 
927	778,9,501,263,874,726,924,504,435,137 
928	810,773,983,147,375,692,513,641,952,699 
929	505,72,837,495,664,825,813,335,989,537 
930	742,925,710,952,149,1008,593,777,942,270 
931	844,882,888,520,885,64,751,815,568,192 
932	852,532,542,836,398,371,489,686,979,709 
933	696,206,58,712,611,493,517,710,866,637 
934	399,576,219,969,373,357,358,519,526,772 
935	220,179,800,600,710,123,754,97,40,359 
936	249,792,905,888,564,292,5,542,120,37 
937	280,871,800,177,73,110,133,860,379,263 
939	544,879,484,325,262,894,710,1008,501,542 
940	592,848,110,923,361,648,103,133,825,508 
941	899,237,520,246,289,1016,70,359,751,819 
942	863,979,232,108,477,485,333,218,699,890 
943	21,583,978,303,544,869,887,479,868,192 
944	933,693,680,779,377,169,1010,827,243,511 
945	961,323,570,218,1004,520,315,742,747,493 
946	244,133,29,40,828,537,359,490,167,205 
947	100,547,259,205,925,693,90,358,708,881 
948	603,955,8,988,442,637,896,511,253,495 
949	144,507,559,948,644,193,511,773,505,335 
950	8,840,684,76,437,0,638,167,356,495 
951	775,542,343,710,375,620,87,788,323,956 
952	151,698,705,918,349,182,840,945,488,640 
953	955,603,608,616,811,205,366,442,747,700 
954	335,1,869,219,840,104,819,692,866,588 
955	717,2,536,986,104,239,871,793,427,869 
956	773,510,885,611,699,965,433,529,801,710 
957	452,618,548,179,289,810,793,825,848,50 
958	408,982,38,917,391,213,798,939,287,513 
959	267,654,490,492,548,694,664,594,939,788 
960	76,700,214,221,1008,495,699,643,622,144 
961	261,1016,373,259,342,226,939,611,292,188 
962	811,773,827,495,38,433,750,75,857,565 
963	131,673,584,662,335,885,213,620,178,376 
964	404,326,47,699,485,169,918,428,488,725 
965	335,93,22,869,894,871,663,837,780,726 
966	237,370,885,962,64,699,81,37,830,143 
967	520,161,868,585,292,930,819,188,699,124 
968	979,523,495,520,827,499,214,590,81,122 
969	2,521,427,78,347,307,29,498,984,24 
970	486,434,341,543,497,508,842,492,657,24 
971	225,485,47,798,203,477,951,298,548,751 
972	782,631,710,562,231,583,848,742,977,714 
973	143,742,167,825,168,36,347,911,116,915 
974	738,656,673,517,448,105,203,939,753,154 
975	413,49,868,370,435,754,274,629,877,494 
976	981,564,167,39,213,930,547,950,780,87 
977	798,295,637,1004,219,894,546,529,663,888 
979	956,792,923,133,907,168,710,1009,16,419 
980	595,785,495,405,219,671,896,884,811,499 
981	249,522,914,891,411,939,277,104,208,282 
982	9,173,208,818,120,577,767,372,568,721 
983	149,918,172,357,526,778,188,259,255,698 
984	966,569,611,815,959,276,825,770,726,757 
985	245,366,477,538,924,616,342,476,720,399 
986	117,467,644,143,337,570,74,656,389,888 
987	626,555,127,778,909,1002,460,273,366,833 
988	211,547,814,404,463,352,35,976,521,879 
989	420,670,869,979,918,612,266,495,570,892 
990	271,849,205,410,534,327,213,244,837,547 
991	699,631,501,792,1008,0,918,484,673,487 
992	492,4,773,219,919,230,335,827,333,666 
993	220,246,902,648,611,628,975,408,1008,998 
994	894,33,611,442,616,692,273,9,903,798 
995	570,945,296,350,991,366,698,428,734,311 
997	64,1009,983,495,75,949,234,209,894,149 
998	576,809,182,36,223,148,570,723,135,12 
999	219,9,239,151,554,498,588,715,868,296 
1000	761,590,918,979,84,213,896,827,218,353 
1001	904,263,865,123,826,265,417,1017,14,179 
1002	603,8,608,596,466,116,84,436,330,40 
1003	477,939,110,699,214,546,601,644,498,116 
1004	727,728,962,671,498,813,422,629,817,362 
1005	669,1008,924,620,915,790,885,455,569,862 
1006	33,477,398,827,742,539,467,979,831,424 
1007	167,206,135,699,529,548,205,628,477,346 
1008	508,788,470,277,714,166,484,950,497,967 
1009	715,785,74,130,270,374,633,980,22,370 
1010	663,194,65,139,175,874,9,480,886,840 
1011	590,520,819,495,93,979,773,982,1,239 
1012	924,455,570,49,281,585,498,74,990,495 
1013	520,746,893,377,161,208,399,259,476,710 
1015	1013,952,511,433,629,827,399,182,601,590 
1016	692,75,492,240,590,520,495,770,619,837 
1017	502,219,772,778,874,260,1004,611,326,1009 
1018	527,554,985,219,553,28,577,681,36,522 
1019	677,965,542,545,646,958,367,267,159,51 
1020	952,64,342,616,751,925,568,591,556,893 
1022	885,399,772,623,601,56,892,783,704,721 
1023	626,64,104,880,205,440,335,708,726,828 
1024	435,752,783,143,909,219,168,6,81,460 
1025	347,529,939,535,250,278,839,417,335,772 
1026	939,579,380,792,944,747,912,860,432,179 
1027	958,885,699,484,601,715,814,979,844,144 
1028	868,715,990,281,834,915,570,537,1018,366 
1029	354,252,318,332,284,123,971,296,654,902 
1030	916,584,786,894,6,219,519,1,813,250 
1031	868,924,360,901,193,1004,135,747,167,979 
1032	297,342,760,275,116,362,338,665,513,601 
1034	343,880,811,629,142,440,81,766,969,728 
1035	721,430,517,548,271,723,673,588,329,280 
1036	971,926,347,751,110,299,929,826,510,101 
1037	516,237,274,505,136,295,357,494,75,149 
1038	1010,564,342,764,197,508,918,137,50,120 
1039	637,883,614,403,73,1,937,1010,979,1015 
1040	100,325,362,369,882,831,422,130,143,772 
1041	897,939,116,958,396,862,699,481,84,511 
1042	385,9,21,522,270,855,413,250,982,198 
1043	1015,107,710,186,425,939,501,611,193,159 
1044	736,699,498,1011,532,1015,408,454,878,462 
1045	117,885,570,146,346,878,30,193,699,476 
1046	701,281,326,167,212,332,855,798,918,911 
1047	289,681,358,810,96,156,162,902,893,826 
1048	6,507,315,858,679,24,459,260,690,597 
1049	699,170,116,486,432,155,194,958,423,396 
1050	982,734,336,213,1004,611,287,614,298,843 
1051	893,315,825,578,466,191,36,157,413,871 
1052	74,1004,715,433,56,885,590,221,773,894 
1053	335,557,590,420,495,76,847,466,75,961 
1054	632,9,801,296,90,466,751,674,681,776 
1055	358,899,440,494,639,1013,323,498,841,741 
1056	477,612,135,644,282,193,590,546,396,901 
1057	590,523,877,794,629,370,759,684,569,346 
1058	711,963,904,787,730,239,850,655,573,905 
1059	470,732,546,451,21,249,894,42,593,998 
1060	639,156,895,358,692,1008,562,344,179,773 
1061	939,442,589,470,1015,868,847,950,511,219 
1062	821,691,780,905,417,987,243,597,989,854 
1063	633,954,285,906,523,507,142,840,740,570 
1064	358,326,876,972,601,841,412,939,275,776 
1065	799,117,159,295,725,210,858,711,406,798 
1066	584,907,857,435,363,212,967,792,1016,494 
1067	194,961,676,24,363,581,939,278,736,836 
1068	462,97,159,626,219,1011,766,899,981,235 
1069	925,660,616,610,226,986,991,770,676,299 
1070	66,910,695,245,449,814,581,295,727,590 
1071	601,396,81,885,214,499,346,56,822,896 
1072	846,894,335,226,621,840,584,791,213,698 
1073	982,143,644,192,295,896,590,918,924,399 
1074	724,460,210,708,26,952,476,347,721,276 
1075	437,603,608,194,466,927,232,124,278,676 
1077	797,349,361,192,484,166,710,147,593,164 
1078	798,424,218,335,501,797,751,611,110,634 
1079	596,105,565,187,1013,295,538,315,191,227 
1080	789,689,50,547,457,315,562,321,745,738 
1081	367,965,950,554,166,233,398,934,156,666 
1082	911,492,770,619,699,567,825,654,417,401 
1083	322,955,896,743,638,579,954,982,144,1011 
1084	1013,420,751,673,728,142,726,358,369,517 
1085	800,764,975,520,925,529,738,263,837,642 
1086	948,799,369,391,854,48,498,722,236,587 
1087	726,894,213,885,637,219,584,692,445,1004 
1088	743,894,785,728,433,420,529,773,772,219 
1089	742,942,1004,962,583,669,511,321,585,710 
1090	498,482,969,187,1017,934,548,64,476,523 
1091	819,440,56,9,995,186,391,219,68,894 
1092	382,347,827,1,638,24,568,193,565,906 
1093	961,183,427,482,218,570,831,523,954,673 
1094	975,359,984,744,490,205,234,83,653,13 
1095	746,710,51,358,1015,362,871,1014,369,440 
1096	925,498,894,593,511,512,580,493,1015,866 
1097	601,907,733,611,273,182,833,939,511,899 
1098	792,291,330,840,170,923,990,956,688,954 
1099	793,594,923,893,681,179,436,452,36,231 
1100	354,758,913,96,825,788,632,871,1002,252 
1101	63,46,1000,612,915,410,578,250,1018,609 
1102	437,608,0,676,442,278,299,925,915,236 
1103	100,642,495,553,282,710,570,261,622,219 
1104	865,96,417,207,350,216,748,536,1002,224 
1105	496,166,440,851,190,553,343,930,825,519 
1106	764,128,567,825,424,1002,495,239,889,90 
1107	78,939,950,676,856,629,534,887,342,511 
1108	1017,498,570,548,162,302,290,85,546,878 
1109	928,446,208,338,140,766,534,562,894,217 
1110	879,194,583,175,834,107,592,956,427,747 
1111	890,274,684,1007,295,565,590,619,267,117 
1112	523,455,260,962,149,933,990,698,370,49 
1113	208,637,626,823,39,190,894,81,596,164 
1114	673,647,823,973,908,470,292,773,588,501 
1115	309,940,161,562,35,304,363,573,194,297 
1116	635,369,100,982,600,587,777,727,88,692 
1117	251,482,450,281,899,421,498,156,925,757 
1118	791,204,342,315,906,1009,209,526,74,357 
1119	570,262,520,315,245,0,6,628,562,975 
1120	915,90,236,556,924,790,78,905,6,871 
1121	876,172,745,260,571,700,435,562,358,698 
1122	21,460,570,633,538,611,385,445,192,511 
1123	637,296,423,632,329,858,384,801,9,193 
1124	800,156,482,998,138,299,632,738,821,40 
1126	570,498,296,133,332,637,231,138,571,699 
1127	5,102,3,173,708,532,590,773,445,892 
1128	236,915,191,367,269,801,653,656,828,578 
1129	101,238,734,182,819,492,692,913,333,383 
1130	554,637,728,741,1002,205,710,869,93,874 
1131	659,280,379,275,455,417,841,333,913,554 
1132	265,417,997,826,278,808,315,982,571,654 
1134	484,579,425,107,973,852,830,829,523,391 
1135	983,114,492,239,448,136,501,390,226,513 
