0	116,5,483,19,79,39,940,688,781,640 
1	694,429,1280,1419,486,575,1445,305,1229,851 
2	795,767,1403,906,587,240,1234,679,609,943 
3	214,292,363,110,257,96,127,522,71,324 
4	214,292,79,12,139,470,61,496,127,406 
5	781,460,169,68,766,1369,318,908,1118,688 
6	20,28,62,93,16,406,80,459,446,800 
7	116,5,62,874,363,59,79,446,292,181 
8	135,202,157,94,224,257,18,357,96,62 
9	116,135,292,18,110,522,251,5,218,397 
10	5,177,181,506,795,450,1403,414,1148,415 
11	116,214,202,110,79,9,397,483,387,92 
12	5,62,446,160,83,121,214,468,317,178 
13	62,20,218,160,253,264,38,363,13,1078 
14	135,202,363,191,94,470,522,3,294,127 
15	116,93,5,874,139,96,397,387,127,88 
16	528,688,1296,640,940,413,234,611,140,233 
17	781,940,169,907,582,318,68,695,413,460 
18	79,18,191,139,246,1247,250,522,324,333 
19	795,767,679,1403,587,794,906,80,310,1234 
20	5,62,880,160,83,253,235,317,328,13 
21	116,214,470,94,96,397,79,92,514,781 
22	795,80,767,1403,587,203,450,310,1082,249 
23	116,202,292,224,59,18,5,238,92,127 
24	116,5,16,496,79,110,191,363,121,92 
25	214,202,79,328,251,92,246,19,110,628 
26	206,1175,980,134,296,904,1261,64,745,275 
27	1369,807,745,1075,980,607,668,1106,998,907 
28	62,541,781,940,318,413,907,169,688,582 
29	575,934,309,1302,1185,80,339,649,1374,1353 
30	794,795,1234,240,260,679,1197,1152,622,730 
31	980,745,994,854,134,404,1261,64,1175,1266 
32	116,16,62,328,157,522,160,19,111,251 
33	214,363,79,9,139,19,496,246,218,251 
34	116,5,202,19,483,139,514,90,357,82 
35	768,854,9,745,280,781,296,127,507,73 
36	116,5,214,79,218,328,59,224,569,257 
37	214,157,62,92,363,79,16,1045,139,40 
38	80,795,205,1403,1082,943,794,414,203,1148 
39	93,218,214,177,880,25,83,178,212,777 
40	93,541,912,940,781,640,688,318,413,528 
41	363,135,202,522,251,16,139,110,496,246 
42	116,135,62,177,59,178,121,251,880,628 
43	794,943,587,249,240,205,1152,767,643,730 
44	575,305,1302,962,934,1452,1374,429,649,1021 
45	214,528,640,113,688,413,611,544,940,700 
46	79,18,107,289,656,616,371,854,785,333 
47	5,90,781,940,318,640,413,688,582,695 
48	5,569,181,218,121,83,328,13,506,829 
49	745,904,854,296,206,903,104,395,507,275 
50	116,202,79,93,257,12,157,61,357,40 
51	135,139,854,514,940,107,640,289,73,371 
52	116,5,16,157,496,79,363,139,121,433 
53	191,202,12,496,357,292,71,92,670,107 
54	854,745,781,1369,980,634,73,507,1075,807 
55	135,191,110,257,18,94,93,88,324,5 
56	116,5,214,292,569,177,181,251,178,446 
57	135,202,157,139,496,224,257,397,324,12 
58	116,93,5,292,139,496,59,218,96,12 
59	116,5,16,880,160,157,212,235,307,110 
60	116,93,191,96,79,88,397,224,470,12 
61	8,94,324,162,496,40,313,656,296,333 
62	116,135,292,224,406,110,5,496,246,16 
63	5,88,528,688,1296,113,234,640,413,544 
64	355,98,1011,1445,309,429,1185,1452,1206,1021 
65	292,135,251,224,1247,16,12,26,32,647 
66	116,93,202,5,110,62,18,218,12,406 
67	93,96,640,940,781,528,318,413,700,688 
68	206,616,904,64,745,980,1267,854,404,289 
69	1082,943,794,692,795,587,205,1403,249,706 
70	943,1082,1234,249,158,1197,589,622,845,1403 
71	980,745,994,854,313,1175,296,507,275,104 
72	1082,692,450,621,1097,1187,555,1049,1403,730 
73	5,940,781,528,688,907,640,908,234,113 
74	116,5,214,271,483,96,328,844,157,688 
75	116,214,110,470,79,257,397,90,224,337 
76	214,135,191,292,257,18,19,397,357,387 
77	854,745,781,493,289,73,634,807,819,318 
78	116,5,271,468,121,810,83,13,1078,1423 
79	116,9,292,59,135,12,110,874,967,875 
80	569,181,446,880,25,214,212,328,628,777 
81	66,951,845,692,1079,589,283,706,989,1097 
82	157,363,18,16,59,62,3,83,257,238 
83	116,202,9,496,61,224,157,71,874,62 
84	20,253,880,181,94,80,310,679,203,767 
85	218,214,569,406,94,62,25,777,659,846 
86	116,79,202,496,61,96,257,874,5,522 
87	20,59,683,1247,246,110,148,398,26,186 
88	214,19,62,139,92,470,318,133,634,507 
89	1082,943,1135,794,450,589,948,706,205,260 
90	450,692,943,643,951,1097,944,706,1234,804 
91	116,363,79,224,522,5,496,62,191,16 
92	1082,943,240,795,260,845,951,1148,1197,158 
93	20,135,9,257,110,251,3,94,470,846 
94	781,745,1369,493,778,73,1118,807,1075,1398 
95	116,135,9,93,59,110,496,71,328,294 
96	116,93,202,292,406,19,9,139,178,94 
97	18,224,139,96,127,406,250,424,522,92 
98	116,93,5,9,292,224,874,92,18,12 
99	292,191,3,683,96,238,127,92,550,313 
100	116,135,9,19,224,397,387,324,59,107 
101	116,5,16,177,191,328,212,875,809,234 
102	854,745,289,73,382,371,634,1040,940,107 
103	854,289,371,73,382,107,616,785,1105,640 
104	575,962,934,305,1185,429,1374,1206,1427,1021 
105	116,5,874,177,88,875,809,234,528,113 
106	1082,1148,450,692,943,205,951,1079,410,587 
107	116,363,202,5,224,16,251,257,12,397 
108	116,62,177,569,328,496,880,235,181,809 
109	528,688,940,781,907,700,611,1296,695,908 
110	214,135,363,139,257,93,127,71,246,328 
111	116,214,9,496,514,19,79,912,640,107 
112	116,93,214,874,271,177,496,363,397,439 
113	250,224,313,296,904,745,854,980,1266,994 
114	214,202,93,292,62,16,92,79,80,446 
115	116,202,110,470,127,292,12,94,294,107 
116	96,9,257,127,162,324,18,107,1238,333 
117	116,214,202,496,139,88,514,257,357,90 
118	116,5,110,514,139,100,79,640,688,413 
119	116,135,62,271,160,328,880,406,468,628 
120	116,202,9,139,496,59,257,61,328,387 
121	962,934,925,1302,1280,80,1374,649,339,1353 
122	157,93,16,406,224,110,9,496,191,257 
123	116,214,5,16,110,139,397,387,363,177 
124	206,134,980,904,1261,903,623,1141,275,745 
125	1082,943,1135,643,1079,730,450,1197,1148,205 
126	794,1082,943,240,587,1135,706,450,711,295 
127	1082,692,450,943,315,621,1187,410,790,973 
128	20,135,79,9,251,218,1247,246,178,5 
129	116,202,9,496,357,397,874,257,107,640 
130	135,292,406,328,12,246,251,92,94,683 
131	116,214,191,79,139,397,88,514,470,12 
132	116,62,16,177,157,110,307,92,79,439 
133	116,202,191,496,292,96,397,470,92,874 
134	116,202,9,139,496,12,18,294,357,92 
135	116,135,874,139,62,912,90,640,107,528 
136	83,62,88,19,9,79,257,599,1045,363 
137	854,656,107,745,371,1398,152,296,73,785 
138	152,1238,616,64,206,134,1267,333,658,296 
139	116,202,363,93,12,19,61,92,397,294 
140	116,214,202,19,9,496,79,292,257,324 
141	116,135,110,257,18,88,357,294,19,387 
142	135,62,111,880,178,522,59,628,251,468 
143	781,940,907,998,766,695,807,350,688,45 
144	116,135,292,224,406,110,5,496,1247,16 
145	292,202,157,313,676,324,246,146,3,206 
146	214,9,135,110,363,157,496,93,397,61 
147	854,289,1398,616,73,382,107,656,1105,819 
148	116,5,214,514,483,139,328,528,688,234 
149	116,202,110,139,62,257,470,874,96,218 
150	214,363,292,110,257,238,127,496,406,3 
151	116,93,5,874,139,94,9,218,88,363 
152	116,202,79,157,363,224,5,328,238,18 
153	214,202,157,62,251,9,61,238,177,777 
154	116,93,5,16,157,9,96,470,292,59 
155	943,450,240,794,587,906,692,205,1197,410 
156	795,1403,943,679,414,692,80,1079,587,410 
157	292,250,127,313,246,626,146,324,683,206 
158	683,3,59,191,139,238,313,1066,324,846 
159	116,93,202,292,406,19,139,569,238,177 
161	116,93,202,59,18,19,92,238,61,246 
162	528,688,940,413,781,907,113,234,611,1296 
163	5,218,194,271,212,506,13,795,767,415 
164	450,1148,943,692,951,795,1403,587,283,845 
165	943,794,450,692,1148,587,205,1197,730,711 
166	116,79,59,12,139,148,251,424,3,846 
167	315,450,1148,1042,1079,283,951,375,804,410 
168	214,157,111,292,181,328,880,92,178,777 
169	116,93,16,110,177,83,139,328,469,257 
170	214,292,202,110,470,96,246,496,92,61 
171	116,5,62,191,9,328,496,397,257,88 
172	116,93,5,62,874,96,397,328,127,470 
173	214,9,135,139,157,238,71,93,357,397 
174	116,62,135,880,214,328,181,496,19,467 
175	249,943,906,1082,795,587,589,1135,1403,767 
176	116,5,62,496,88,79,397,328,218,59 
177	116,93,16,177,110,496,328,307,541,121 
178	355,925,179,962,1206,429,1427,80,1021,1353 
179	116,5,62,496,9,96,397,357,157,470 
180	116,202,110,292,19,257,397,88,92,294 
181	116,191,9,496,257,387,12,127,59,107 
182	116,214,9,514,90,387,79,940,640,528 
183	79,202,522,251,61,139,148,218,846,32 
184	214,116,224,110,157,294,324,250,71,676 
185	116,5,214,271,177,79,139,257,96,363 
186	116,79,93,157,191,110,257,387,5,522 
187	906,943,795,767,1082,1197,730,158,295,1152 
188	93,62,569,363,178,160,59,111,25,809 
189	214,202,9,12,257,127,496,71,363,92 
190	800,925,179,962,1185,80,1427,1021,1353,1141 
191	18,202,224,683,246,3,328,92,110,846 
192	181,218,93,177,25,363,160,264,42,36 
193	253,93,446,218,271,264,13,506,1078,767 
194	157,292,363,470,92,599,238,357,550,313 
195	116,5,16,177,328,191,96,387,257,809 
196	116,214,5,9,496,88,397,224,387,218 
197	214,12,257,250,94,626,71,496,92,313 
198	20,135,79,157,110,12,246,1247,424,496 
199	116,214,62,514,9,139,39,357,528,113 
200	116,202,93,157,397,5,357,92,94,107 
201	9,224,139,250,238,357,34,162,333,313 
202	116,214,5,16,9,541,79,470,127,39 
203	781,940,169,907,460,582,695,318,766,688 
204	214,79,18,294,127,324,246,19,424,333 
205	116,5,62,363,79,292,271,139,433,809 
206	292,191,3,59,683,127,146,92,313,836 
207	794,845,943,1135,643,66,944,1148,790,315 
208	34,292,116,238,333,152,656,616,1238,107 
209	363,79,9,157,139,93,470,424,683,3 
210	980,807,781,289,1374,904,668,1445,778,665 
211	116,202,93,19,224,257,5,238,61,874 
212	784,694,962,1280,429,1185,309,575,839,1041 
213	214,202,79,110,470,59,19,92,3,250 
214	116,202,110,157,257,19,470,5,387,238 
215	116,135,357,238,387,107,1238,333,152,656 
216	214,202,522,5,251,246,238,177,446,777 
217	79,18,522,370,9,647,32,332,963,174 
218	116,5,16,177,9,191,139,257,844,88 
219	1082,943,845,1135,1234,450,22,938,295,260 
220	246,59,406,676,146,313,333,206,1066,404 
221	20,16,483,96,528,234,1296,1137,688,809 
222	116,202,79,59,224,139,18,522,61,16 
223	214,406,18,569,79,777,659,647,32,846 
224	1082,794,1135,692,643,944,1097,1049,1234,66 
225	83,194,880,212,264,767,13,36,415,506 
226	5,181,218,212,271,83,468,363,13,1078 
227	214,332,647,186,963,396,174,1411,213,32 
228	135,202,522,218,251,19,5,246,683,16 
229	116,214,202,483,496,139,357,271,640,688 
230	116,135,202,224,110,61,246,5,92,424 
231	116,202,191,110,874,397,357,387,324,292 
232	1419,575,98,925,305,851,1452,1374,1427,1353 
233	116,20,271,880,468,264,997,13,1078,1423 
234	116,135,88,357,12,94,541,92,324,107 
235	116,202,9,12,157,496,363,294,387,71 
236	854,745,139,296,980,289,90,904,73,507 
237	20,116,202,18,328,424,186,967,170,213 
238	116,363,79,224,328,5,522,191,406,397 
239	313,206,994,404,226,275,1175,904,1261,134 
240	62,5,271,160,253,264,588,363,13,1078 
241	214,363,79,93,257,238,246,92,470,3 
242	854,745,127,90,289,296,92,51,73,472 
243	20,3,92,713,246,59,267,139,846,28 
244	116,93,79,62,496,191,157,16,12,18 
245	794,845,943,938,643,1187,1135,706,1084,816 
246	116,214,470,127,357,5,387,469,12,107 
247	62,541,271,96,940,688,413,318,781,640 
248	62,16,177,569,307,160,874,235,191,506 
249	795,240,450,587,943,906,767,1049,1234,260 
250	116,135,79,292,224,387,397,71,363,127 
251	5,110,528,940,688,640,781,413,318,907 
252	135,292,79,12,139,93,92,522,40,324 
253	135,202,79,18,12,257,94,294,238,357 
254	116,5,202,79,110,522,94,59,880,18 
255	116,135,62,111,214,121,264,317,522,25 
256	116,5,135,19,212,569,880,844,191,307 
257	20,5,253,212,271,468,363,328,13,1078 
258	191,202,357,224,162,670,107,289,656,333 
259	135,218,20,363,25,160,264,106,767,36 
260	781,940,1369,778,907,607,695,460,908,1183 
261	5,116,218,880,446,235,506,13,415,795 
262	214,357,107,135,397,785,289,656,118,616 
263	20,18,79,191,3,111,257,592,836,146 
264	135,79,406,110,139,424,251,3,191,92 
265	292,135,9,328,238,683,178,110,424,32 
266	692,943,794,951,450,1148,816,283,706,1042 
267	116,5,16,218,79,157,59,397,292,439 
268	1082,943,450,1148,643,906,589,1197,205,711 
269	1082,943,589,1135,730,643,795,587,951,1177 
270	313,206,257,404,226,994,134,1261,1175,64 
271	135,62,214,160,406,251,212,253,157,777 
272	781,169,460,907,68,908,766,234,582,318 
273	116,135,191,110,292,257,397,59,127,874 
274	794,943,1135,589,1148,730,1197,706,587,948 
275	20,406,522,59,79,157,25,121,777,647 
276	363,191,406,246,683,272,146,148,313,626 
277	116,363,79,93,157,61,470,40,387,127 
278	289,940,73,371,382,107,640,745,1105,1168 
279	214,9,292,257,496,71,676,238,626,107 
280	80,679,203,767,310,795,1403,587,36,205 
281	116,214,202,218,16,62,61,238,92,12 
282	943,1135,1079,730,450,948,1197,1148,711,587 
283	116,214,541,483,19,470,469,90,107,640 
284	191,514,528,640,113,940,688,700,611,413 
285	794,943,1234,260,944,1079,711,706,158,679 
286	116,214,5,90,874,198,257,640,940,107 
287	1082,943,1135,692,730,1079,1197,938,711,906 
288	575,1445,934,305,925,1185,80,429,1427,1353 
289	135,62,16,177,19,880,191,496,235,506 
290	80,1011,784,1185,1427,925,575,339,682,43 
291	116,5,62,9,139,271,328,514,844,875 
292	214,96,116,18,294,71,387,157,397,333 
293	214,79,135,93,139,522,251,96,424,3 
294	135,62,363,271,160,121,468,83,235,406 
295	116,214,59,292,522,406,9,496,110,1247 
296	450,1082,1148,692,943,643,1079,410,1049,951 
297	214,90,96,94,397,469,280,781,854,318 
298	116,202,79,110,12,257,328,127,406,96 
299	20,83,5,92,93,110,836,148,713,1045 
301	943,450,240,794,1234,1082,587,906,205,692 
302	116,5,16,19,110,139,218,59,88,357 
303	20,767,795,679,310,1403,80,506,203,587 
304	781,940,640,688,528,318,413,695,907,582 
305	116,93,363,16,328,9,224,406,92,397 
306	62,5,271,218,468,121,810,363,13,1078 
307	177,181,160,271,264,13,83,1078,1423,471 
308	116,16,62,177,328,292,271,212,406,809 
309	5,16,528,688,640,413,113,940,611,1296 
310	116,202,79,19,139,328,257,406,62,92 
311	1082,794,1135,450,1079,938,1234,1197,1049,283 
312	450,1148,643,794,589,816,730,948,795,1197 
313	116,214,202,62,19,514,257,470,528,640 
314	93,214,94,177,271,191,569,110,328,79 
315	135,59,251,178,62,628,19,569,32,647 
316	116,214,79,9,496,157,874,191,397,12 
317	83,90,261,781,92,62,19,854,745,940 
318	116,363,62,569,328,446,251,271,212,809 
319	5,16,218,191,19,110,328,397,506,169 
320	854,94,508,745,289,397,292,73,296,781 
321	116,214,483,96,139,271,357,640,688,528 
322	5,202,191,92,19,79,328,139,106,27 
323	20,18,61,12,683,424,110,370,1035,186 
324	116,93,202,5,110,62,18,218,191,406 
325	943,794,795,1082,587,1049,1148,1197,249,692 
326	9,79,127,238,135,357,387,61,1238,333 
327	135,202,157,363,470,294,324,3,357,313 
328	781,940,854,998,1369,640,607,907,695,350 
329	116,214,139,470,90,19,469,127,4,640 
330	116,202,79,18,5,522,406,62,92,397 
331	135,62,880,363,83,212,214,328,25,317 
332	1445,305,1302,962,179,1185,1280,429,80,339 
333	20,62,16,110,19,139,9,688,234,940 
334	116,202,541,127,79,357,469,912,107,640 
335	5,110,280,528,688,640,413,940,234,611 
336	59,93,406,522,16,61,238,647,32,777 
337	62,110,874,90,781,940,39,318,413,640 
338	214,202,79,12,470,496,363,71,93,357 
339	116,202,79,224,496,19,18,5,59,324 
340	116,5,62,218,292,496,328,397,224,470 
341	781,640,940,528,413,688,318,695,582,700 
342	116,191,874,16,640,528,413,688,940,318 
343	486,1419,1185,309,355,179,305,649,851,1317 
344	116,202,79,224,139,19,257,94,96,238 
345	934,309,1445,305,1302,1317,429,1206,1374,1021 
346	116,79,292,139,257,61,12,387,522,62 
347	135,191,110,18,157,257,127,324,19,59 
348	116,214,202,79,139,9,328,59,292,522 
349	93,62,177,160,121,317,38,363,178,13 
350	781,1369,807,940,778,745,607,1075,665,1016 
351	315,450,938,951,283,205,1196,944,804,989 
352	116,214,202,110,139,79,397,271,257,328 
353	541,34,854,250,324,289,162,745,296,107 
354	116,5,16,496,110,218,79,212,483,357 
355	93,90,640,318,781,413,940,582,688,133 
356	795,943,1403,587,1148,205,240,1234,794,1049 
357	555,1187,1079,22,66,265,951,643,375,944 
358	116,202,79,191,139,19,522,328,294,127 
359	157,292,224,470,59,406,127,522,93,618 
360	214,191,496,292,71,18,324,93,363,107 
361	116,191,483,90,139,9,157,96,781,318 
362	20,116,88,79,541,357,324,294,250,496 
363	692,1148,643,951,794,1079,706,367,711,1049 
364	93,135,16,328,569,246,238,647,32,777 
366	781,940,854,318,998,745,778,907,460,350 
367	800,925,179,1452,934,429,1427,80,1021,1353 
368	62,16,307,280,160,92,157,506,169,781 
369	20,224,406,139,424,3,96,1247,250,251 
370	214,5,62,79,18,92,59,569,880,836 
371	116,202,79,157,96,224,257,61,328,357 
372	79,9,110,139,96,406,3,522,250,94 
373	5,135,880,160,212,253,235,588,328,13 
374	116,5,16,496,328,79,139,88,514,160 
375	1082,943,692,643,1135,944,283,948,66,1042 
376	98,934,305,925,1229,1280,1317,1206,649,1353 
377	116,202,93,19,96,257,397,874,92,324 
378	794,943,906,249,944,1135,158,730,205,706 
379	854,781,289,1369,940,382,296,778,318,1398 
380	116,214,470,469,670,107,854,640,940,289 
381	116,191,93,541,496,62,79,127,469,670 
382	116,202,93,19,88,397,470,541,94,71 
383	767,36,795,80,679,1234,609,260,1403,943 
384	116,5,214,496,79,328,363,569,224,433 
385	794,943,450,951,845,730,158,587,1148,711 
386	116,202,96,541,19,470,357,514,224,107 
387	781,318,640,413,695,582,766,998,688,607 
388	162,110,313,206,333,246,152,404,1238,343 
389	214,292,18,294,59,71,19,246,424,333 
390	116,214,110,96,139,357,387,528,688,640 
391	181,116,446,177,25,880,214,344,235,777 
392	116,202,157,19,139,5,257,92,127,62 
393	575,98,925,1229,851,1452,1374,1206,1427,1353 
394	20,59,238,110,96,328,186,170,213,967 
395	116,202,363,139,59,18,12,5,522,357 
396	781,940,460,907,778,68,766,908,871,1183 
397	313,79,127,272,116,550,324,206,404,267 
398	116,5,214,483,496,139,79,39,688,640 
399	116,214,202,88,9,139,357,257,528,113 
400	80,962,309,179,1185,1280,1427,1445,1317,1302 
401	116,363,202,59,139,496,257,397,191,406 
402	116,214,5,96,139,88,397,469,271,90 
403	116,214,541,496,357,640,528,688,413,318 
404	116,93,16,271,191,110,880,397,292,257 
405	116,202,93,19,257,397,12,238,874,107 
406	781,1369,807,778,1118,607,73,460,1016,766 
407	943,906,249,944,587,1197,622,589,1079,205 
408	116,202,135,96,224,238,191,328,18,522 
409	214,202,292,12,257,294,3,496,250,357 
410	214,79,191,12,496,19,59,127,357,333 
411	1082,794,943,1135,450,1079,1234,816,158,283 
412	1082,943,794,643,951,589,730,240,1049,1042 
413	214,135,79,157,257,470,127,324,397,94 
414	16,135,5,160,181,214,121,446,264,253 
415	294,224,250,107,656,616,289,1238,785,333 
416	191,202,12,496,292,88,92,8,387,107 
417	59,214,79,202,522,177,26,809,647,32 
418	116,202,9,292,96,363,257,61,127,470 
419	214,116,202,12,363,135,157,294,93,967 
420	5,116,271,468,235,451,13,1078,1423,471 
421	18,9,110,139,96,683,3,93,250,1247 
422	116,214,157,874,94,83,483,92,357,781 
423	62,541,280,19,271,261,781,940,318,413 
424	692,450,1148,943,315,1079,643,790,951,804 
425	116,93,363,292,5,224,16,18,96,387 
426	12,854,92,324,289,250,107,745,371,296 
427	20,177,218,880,353,810,277,13,1078,1423 
428	191,280,781,940,39,318,907,640,688,413 
429	116,202,292,363,224,18,257,96,94,127 
430	292,135,224,251,238,246,683,178,424,92 
431	88,514,781,940,640,318,413,854,528,695 
432	20,93,160,181,446,253,235,317,328,506 
433	116,214,202,110,139,9,397,224,218,324 
434	116,5,214,271,483,96,328,844,234,688 
435	79,59,61,251,683,328,424,26,191,186 
436	116,202,79,157,96,5,257,387,328,238 
437	116,157,12,59,257,3,470,148,19,328 
438	135,569,880,160,83,212,363,202,178,13 
439	116,202,406,106,92,3,62,16,713,424 
440	292,116,251,328,246,157,186,967,170,32 
441	20,16,135,19,160,121,880,809,875,1137 
442	62,446,116,264,13,1078,506,767,1423,415 
443	781,1369,940,1118,745,854,460,1075,318,802 
444	116,93,202,5,224,496,522,238,12,191 
445	1082,450,943,1148,794,951,845,414,706,315 
446	214,202,157,363,470,294,496,93,357,3 
447	943,450,1148,692,1135,1403,587,589,944,260 
448	116,59,202,93,406,1247,26,683,496,186 
449	506,450,1148,621,419,943,692,415,1049,410 
450	83,3,268,146,713,9,470,800,275,313 
451	191,110,528,640,688,113,413,700,940,611 
452	214,292,191,157,139,96,19,357,496,313 
453	781,907,688,834,766,908,640,582,169,234 
454	116,202,191,12,470,363,496,397,357,40 
455	214,202,18,5,62,238,92,569,628,110 
456	135,62,16,271,880,160,874,307,110,446 
457	1082,943,643,1135,951,589,944,283,22,205 
458	296,904,134,656,745,980,404,854,1267,616 
459	528,940,688,640,413,908,695,611,766,1296 
460	313,904,980,296,903,1280,1141,206,104,1175 
461	135,62,363,271,160,121,235,468,522,317 
462	93,62,177,271,446,880,328,59,809,13 
463	20,116,257,3,146,246,273,313,272,836 
464	1082,943,794,589,944,249,845,730,1403,706 
465	781,940,907,318,413,528,695,582,766,908 
466	940,781,528,688,640,998,113,700,766,908 
467	5,16,100,688,640,940,528,413,318,781 
468	116,214,874,139,19,357,198,640,940,318 
469	363,713,592,224,92,110,5,12,139,846 
470	116,135,93,292,61,139,62,16,218,1247 
471	62,194,446,212,271,767,13,506,795,415 
472	93,62,83,214,271,160,157,25,235,317 
473	20,16,135,19,218,880,110,191,307,809 
474	767,795,906,679,36,587,609,1403,1234,240 
475	116,5,62,110,96,79,9,328,357,224 
476	854,781,940,640,318,289,382,73,745,1369 
477	111,177,253,271,218,264,13,1078,1423,471 
478	854,94,289,745,73,371,296,107,382,616 
479	781,940,998,318,695,766,688,582,907,607 
480	214,79,9,157,93,110,18,470,61,107 
481	292,79,157,218,683,12,257,19,32,647 
482	135,202,191,93,19,257,496,357,397,96 
483	781,807,1369,907,460,350,871,493,834,169 
484	135,292,202,328,157,19,62,246,12,32 
485	116,5,62,880,328,160,181,111,235,439 
486	854,289,656,371,745,1398,73,382,1105,785 
487	794,943,951,643,589,283,66,711,367,315 
488	116,94,110,5,12,522,246,59,470,357 
489	18,202,522,251,246,148,328,218,3,846 
490	575,1445,305,962,179,1302,339,1317,1427,932 
491	116,93,874,469,127,640,318,940,781,107 
492	116,93,79,496,363,110,96,61,16,357 
493	116,214,202,79,139,96,157,387,357,324 
494	135,62,541,483,261,514,781,940,908,169 
495	157,191,257,139,246,313,96,273,59,522 
496	111,218,363,106,880,94,181,92,160,80 
497	116,93,5,16,496,9,139,522,18,12 
498	116,214,5,96,139,79,397,271,469,39 
499	214,202,71,257,18,162,387,34,107,1238 
500	94,224,257,139,5,146,273,19,83,406 
501	139,854,292,127,745,397,324,289,296,73 
502	116,202,357,541,79,107,12,387,785,118 
503	116,202,79,292,363,224,257,328,16,357 
504	157,202,110,406,191,238,19,470,5,328 
505	107,508,135,371,289,616,854,656,1105,785 
506	854,781,940,778,73,1040,802,640,1118,1340 
507	962,309,305,1302,925,1280,1206,80,1427,1353 
508	9,139,294,398,676,333,127,186,1411,1066 
509	116,202,292,224,59,257,12,328,127,92 
510	794,943,1082,1403,587,643,845,1197,944,1148 
511	943,794,450,643,1135,589,706,240,1049,367 
512	116,202,93,496,224,363,12,387,470,61 
513	781,940,907,695,908,528,998,582,640,318 
514	191,9,257,71,250,238,34,626,107,1238 
515	116,5,88,90,528,688,640,113,234,1296 
516	313,110,139,272,273,324,550,206,404,59 
517	1082,943,643,1135,1079,1148,706,1197,938,260 
518	854,289,371,745,616,107,1398,73,382,1168 
519	20,16,135,19,514,59,9,809,875,234 
520	1082,794,943,450,1234,1148,1049,1197,1403,711 
521	116,5,214,271,9,96,177,844,469,90 
522	116,5,202,496,483,139,541,157,39,912 
523	116,202,9,18,257,93,470,397,92,324 
524	80,36,679,767,310,795,906,339,1403,609 
525	116,135,79,224,12,328,496,246,5,424 
526	116,96,9,110,387,357,257,157,324,107 
527	292,135,93,139,110,251,1247,191,96,294 
528	116,214,62,9,496,96,397,328,257,127 
529	116,93,5,496,139,363,874,96,92,522 
530	794,943,1135,951,1079,249,260,295,450,820 
531	116,214,202,496,88,96,397,357,387,844 
532	874,514,110,875,809,528,113,234,544,1296 
533	616,107,289,152,371,1238,379,785,118,881 
534	429,1419,486,1374,355,179,305,839,649,851 
535	116,214,94,496,257,93,670,324,107,289 
536	5,88,483,177,160,169,940,781,234,907 
537	116,5,62,110,9,271,96,357,218,92 
538	854,1369,745,980,781,1075,871,143,634,371 
539	116,5,16,177,328,110,9,257,292,121 
540	116,5,16,496,79,157,59,363,433,357 
541	214,202,292,157,139,294,92,19,357,93 
542	528,940,781,113,998,695,413,907,766,611 
543	116,214,202,292,328,522,110,406,92,271 
544	20,93,16,88,541,177,328,688,234,528 
545	116,202,874,139,198,640,318,107,940,781 
546	781,940,1369,745,640,382,766,493,871,807 
547	116,202,224,12,470,19,294,238,94,107 
548	292,79,1247,26,238,647,809,32,332,821 
549	116,93,202,110,88,79,397,94,357,324 
550	20,5,157,218,292,79,9,224,397,257 
551	116,202,9,496,470,93,397,157,294,107 
552	363,79,59,9,18,157,251,496,26,218 
553	626,127,313,296,904,745,854,980,289,1266 
554	116,214,16,328,177,569,110,271,874,880 
555	116,202,93,79,397,874,257,387,62,107 
556	20,5,16,496,859,809,875,528,234,1296 
557	116,202,79,110,139,224,257,874,238,357 
558	313,206,333,8,152,246,404,226,64,1267 
559	1082,943,944,249,906,158,1049,587,706,1148 
560	20,135,93,522,16,5,139,178,257,12 
561	214,135,292,110,257,522,96,496,92,294 
562	20,62,135,569,218,19,2,110,809,1251 
563	79,116,12,110,406,251,424,328,26,186 
564	135,214,191,94,19,874,139,357,483,11 
565	116,5,16,496,218,139,79,59,483,469 
566	214,116,79,12,139,96,324,61,92,40 
567	528,688,907,940,640,781,413,908,766,1199 
568	781,940,640,528,998,413,695,318,700,766 
569	135,116,683,139,424,522,92,1247,313,1066 
570	214,116,94,139,294,626,238,3,496,313 
571	116,363,16,292,406,251,9,181,628,121 
572	219,781,62,745,940,854,507,318,634,1040 
573	116,88,90,640,781,940,496,318,413,528 
574	116,363,202,59,328,18,16,251,257,397 
575	116,363,79,224,328,61,191,218,251,397 
576	116,214,874,139,198,387,781,940,640,318 
577	116,214,202,110,139,88,514,357,257,292 
578	5,110,9,688,528,640,940,413,318,234 
579	79,18,61,157,251,328,424,96,470,186 
580	116,96,79,496,93,357,874,967,544,107 
581	214,79,292,18,110,257,96,251,424,294 
582	781,854,778,493,382,318,807,802,1040,665 
583	854,289,745,371,107,73,382,616,785,1168 
584	5,191,88,19,16,292,9,90,470,111 
585	116,93,874,469,357,640,318,528,940,413 
586	116,5,214,496,271,139,39,688,640,413 
587	116,181,253,160,271,468,264,810,13,1078 
588	795,943,450,1234,794,1049,1082,260,1148,767 
589	313,206,404,226,64,994,134,1267,152,343 
590	116,214,16,528,113,688,234,544,640,1296 
591	20,177,271,218,880,353,810,25,13,1078 
592	116,5,16,496,469,79,640,688,528,413 
593	1445,305,1302,309,851,1185,1374,429,339,932 
594	18,332,647,1411,963,396,174,186,32,213 
595	5,110,218,93,219,88,541,768,19,90 
596	116,5,16,191,110,157,328,292,92,160 
597	116,16,62,218,202,406,181,157,271,809 
598	135,59,328,62,18,224,61,32,777,647 
599	135,202,93,18,224,19,191,257,12,238 
600	794,943,450,845,1079,1148,706,587,1049,1403 
601	116,16,62,157,446,880,160,121,251,19 
602	1082,943,643,1135,450,1079,240,948,249,1049 
603	20,5,271,19,139,39,688,528,234,640 
604	214,93,406,328,61,9,238,647,32,809 
605	116,214,202,19,96,541,9,271,90,844 
606	683,157,313,127,406,550,59,206,404,226 
607	214,202,94,406,569,181,292,25,59,224 
608	93,62,177,202,880,446,271,25,212,19 
609	116,202,127,397,670,79,224,387,107,785 
610	214,292,79,12,139,93,496,522,92,406 
611	116,214,5,191,110,139,363,218,357,12 
612	800,355,43,682,934,659,1427,693,623,36 
613	214,202,79,191,59,96,94,92,324,397 
614	253,62,177,880,212,271,264,235,239,13 
615	496,116,656,152,107,616,289,1238,313,379 
616	16,62,135,446,121,363,353,588,38,13 
617	5,528,688,640,413,113,1296,940,611,234 
618	1082,943,944,643,158,951,260,240,711,948 
619	191,9,294,676,324,71,34,238,107,656 
620	116,363,406,92,3,224,59,19,257,618 
621	116,79,363,110,139,191,12,5,397,62 
622	781,1369,807,778,1118,493,766,582,1183,68 
623	106,1045,3,939,92,18,800,80,721,1280 
624	116,93,5,62,110,157,257,328,363,127 
625	116,363,93,5,328,139,257,61,92,191 
626	94,1045,768,139,470,106,268,79,18,522 
627	623,355,1280,1185,962,80,1229,839,168,1011 
628	121,506,169,621,739,416,460,68,701,940 
629	116,93,5,496,139,16,59,387,218,61 
630	214,116,522,224,647,32,809,332,174,186 
631	116,5,214,59,218,496,271,397,191,433 
632	943,1234,944,587,1197,158,1135,706,622,711 
633	214,135,9,191,257,238,127,397,522,328 
634	93,214,522,628,647,224,32,777,809,821 
635	214,483,849,469,198,107,854,289,640,371 
636	214,79,116,110,157,96,127,522,683,250 
637	5,528,688,113,1296,234,640,611,413,544 
638	116,62,16,177,110,328,59,541,234,875 
639	1082,794,943,692,643,944,711,589,1403,1234 
640	116,202,224,292,12,157,88,71,94,107 
641	214,202,9,12,139,96,59,238,19,313 
642	116,20,271,880,468,264,997,13,1078,1423 
643	116,16,62,328,59,522,880,111,160,874 
644	214,292,79,12,157,96,324,94,40,61 
645	794,943,1079,240,951,587,260,1403,249,906 
646	191,202,224,294,676,34,107,289,656,785 
647	116,214,9,19,541,470,92,483,82,107 
648	152,656,616,333,313,1238,1267,107,64,658 
649	363,79,224,83,93,713,139,328,683,846 
650	111,157,93,292,522,92,110,79,80,224 
651	116,5,62,202,446,160,181,317,235,157 
652	214,363,292,59,139,19,61,92,94,294 
653	116,5,16,19,328,880,212,235,139,844 
654	569,218,522,178,202,38,659,777,1078,32 
655	93,62,135,446,880,328,363,178,874,809 
656	214,79,522,26,628,647,809,32,332,174 
657	116,96,93,397,79,257,19,224,360,107 
658	93,5,218,212,468,271,83,451,13,1078 
659	116,5,16,271,328,79,363,59,92,160 
660	854,745,289,296,371,1369,382,819,493,940 
661	692,943,845,951,22,1148,706,1097,315,816 
662	781,1369,807,778,940,1075,460,1370,318,988 
663	925,800,179,851,429,1427,80,1021,1353,1032 
664	943,794,643,951,795,260,1403,906,1079,1197 
665	214,202,522,18,251,246,177,61,238,777 
666	116,214,202,496,79,96,397,357,387,4 
667	116,5,214,271,19,139,90,39,4,688 
668	116,214,470,127,357,397,8,670,854,107 
669	116,5,214,483,541,271,39,357,688,640 
670	157,93,292,406,18,328,224,569,3,251 
671	569,181,212,363,271,253,235,214,13,1078 
672	116,202,191,96,874,397,257,88,12,92 
673	450,1082,1148,943,692,205,1403,587,706,938 
674	450,1148,943,795,1082,1403,587,643,410,951 
675	20,202,191,93,139,19,12,218,496,3 
676	206,656,296,152,64,616,1267,333,404,904 
677	93,62,177,160,121,111,38,810,451,13 
678	5,874,514,781,96,318,940,640,413,582 
679	181,62,116,880,212,264,25,344,13,1078 
680	116,5,62,363,177,496,9,224,397,569 
681	214,93,522,16,62,238,246,139,496,61 
682	90,781,940,640,318,998,907,766,688,413 
683	363,294,139,246,238,406,92,324,313,148 
684	135,202,79,18,12,257,19,127,294,357 
685	79,59,93,328,251,406,496,110,62,186 
686	20,5,16,88,541,496,469,169,940,688 
687	116,5,253,160,271,468,264,810,13,1078 
688	214,363,79,12,257,238,496,127,246,328 
689	116,5,16,177,79,328,218,844,514,469 
690	313,626,127,206,676,404,994,296,226,134 
691	80,800,36,659,598,310,442,679,1252,355 
692	1082,794,692,643,1079,938,205,1234,1097,948 
693	1082,943,1234,906,1135,795,158,1403,706,1049 
694	116,214,202,218,522,18,178,139,61,874 
695	116,202,96,127,397,19,670,387,157,107 
696	656,616,289,745,296,152,904,371,1398,73 
697	116,406,522,683,16,647,26,9,32,777 
698	59,292,251,178,224,62,139,26,32,647 
700	1082,1042,943,845,643,315,1196,66,804,1084 
701	181,569,5,406,202,522,83,292,659,777 
702	80,36,659,310,679,777,168,800,442,1252 
703	116,16,5,181,59,406,121,160,25,628 
704	20,5,214,79,874,363,59,496,92,251 
705	854,781,1369,745,493,807,802,871,371,1340 
706	116,363,202,292,328,522,406,110,139,238 
707	854,745,781,289,940,1369,371,1016,318,778 
708	116,9,874,292,470,224,528,544,113,107 
709	116,135,62,212,111,181,121,317,588,522 
710	181,5,218,880,271,468,264,810,13,1078 
711	1082,943,692,643,1135,938,1097,711,283,260 
712	88,508,781,940,854,640,318,998,73,289 
713	943,1082,794,240,1234,1049,260,951,906,944 
714	116,110,191,257,224,470,59,92,496,357 
715	214,292,135,12,257,238,246,496,294,3 
716	5,20,253,160,83,271,264,277,13,1078 
717	191,541,470,257,219,19,280,79,127,781 
718	20,135,253,160,212,271,468,328,13,1078 
719	20,135,93,160,212,202,181,19,317,506 
720	116,93,5,9,874,96,397,470,92,363 
721	191,96,224,357,71,324,670,292,107,289 
722	93,5,212,880,83,271,264,13,1078,1423 
723	20,5,135,446,121,235,363,202,239,13 
724	116,202,110,470,96,12,93,92,294,599 
725	116,214,202,19,177,59,496,9,18,880 
726	116,5,62,569,496,363,880,522,433,181 
727	20,5,135,218,160,19,880,191,139,433 
728	214,9,363,61,110,157,387,522,127,324 
729	1082,794,692,845,951,1079,66,1135,367,804 
730	116,20,111,218,121,467,13,1078,1423,471 
731	93,640,940,781,528,413,688,318,700,695 
732	20,135,79,522,218,110,257,246,178,62 
733	20,177,271,218,880,353,588,467,13,1078 
734	943,951,450,1079,730,260,948,711,795,587 
735	116,214,5,9,79,16,397,514,470,271 
736	191,9,135,257,676,496,162,34,8,107 
737	116,363,79,224,19,257,5,92,218,94 
738	781,940,854,640,318,998,73,766,695,528 
739	135,569,177,157,25,628,271,264,292,777 
740	116,93,214,271,363,569,328,496,292,181 
741	116,214,62,9,496,96,88,387,257,127 
742	257,116,626,496,656,107,397,616,289,152 
743	214,202,9,12,257,127,59,357,324,397 
744	569,446,767,13,795,609,36,415,506,587 
745	214,79,135,110,470,294,19,324,93,94 
746	292,9,12,110,424,251,387,186,170,967 
747	116,202,110,257,19,224,88,92,357,94 
748	16,214,528,1296,234,809,688,875,1137,306 
749	794,943,906,767,1403,249,450,203,944,706 
750	116,191,127,397,224,19,294,387,238,107 
751	20,157,93,110,218,9,62,3,59,599 
752	745,1040,778,73,382,296,819,1398,371,1340 
753	20,62,5,218,181,178,328,251,809,13 
754	943,1082,794,1148,1234,1049,1197,951,1079,845 
755	116,135,62,181,202,212,328,317,59,19 
756	135,569,363,214,160,212,202,83,178,406 
757	116,191,93,19,874,257,470,12,157,107 
758	116,9,363,202,224,496,157,397,1247,967 
759	116,5,202,88,157,79,397,218,92,83 
760	486,1011,934,1280,179,429,925,1445,851,1427 
761	116,202,363,18,139,19,257,94,96,61 
762	116,214,5,496,292,328,110,218,387,177 
763	116,62,214,19,88,541,496,483,880,337 
765	116,93,16,569,157,874,328,307,363,433 
766	854,745,289,1398,1040,802,493,665,510,778 
767	79,59,251,328,1247,257,19,32,647,174 
768	116,202,79,139,224,96,363,357,470,92 
769	781,1369,807,778,940,871,1075,607,998,350 
770	20,16,135,19,160,569,844,121,96,1137 
771	116,93,5,292,363,59,874,18,218,387 
772	116,202,93,16,9,139,397,96,470,59 
773	116,214,191,62,19,541,397,257,469,107 
774	794,1082,943,944,1079,706,587,711,795,295 
775	116,88,781,940,318,640,413,854,998,766 
776	5,307,16,219,261,781,940,169,318,539 
777	116,363,79,18,12,191,406,96,92,246 
778	116,62,214,88,110,541,177,469,880,328 
779	116,214,5,79,139,96,292,328,357,844 
780	116,202,157,62,59,191,496,92,94,406 
781	79,135,93,406,110,191,683,1247,496,127 
782	794,795,450,205,587,1148,643,711,1049,260 
783	116,214,202,19,9,96,514,257,357,59 
784	1082,943,589,260,906,1197,706,587,1049,295 
785	5,569,271,160,121,253,328,214,178,13 
786	854,745,289,73,1398,382,296,1369,616,1168 
787	569,62,111,160,271,121,178,406,13,1078 
788	116,292,224,110,12,257,683,92,424,148 
789	5,874,912,940,781,640,688,318,528,413 
790	116,214,62,496,19,397,79,640,318,107 
791	5,261,781,218,940,460,169,908,664,907 
792	676,313,626,206,34,324,146,333,404,226 
793	20,62,177,181,121,468,235,264,363,13 
794	767,1403,587,943,1234,794,450,1049,260,679 
795	116,202,93,59,139,18,5,397,61,470 
796	116,5,62,218,874,496,271,569,191,92 
797	1082,943,794,240,589,795,692,1403,730,1079 
798	59,186,332,174,213,647,967,32,396,963 
799	781,940,907,766,695,169,460,413,908,640 
800	116,202,191,139,496,257,874,363,357,127 
801	116,292,522,9,238,94,148,61,424,846 
802	5,253,446,177,194,160,271,80,767,310 
803	214,116,18,139,96,593,186,967,170,213 
804	116,363,93,224,139,522,61,406,218,191 
805	962,98,934,925,1445,1452,1206,1021,1353,80 
806	116,214,139,157,257,19,357,324,496,40 
807	363,135,79,157,139,406,246,1247,218,397 
808	692,794,643,845,951,1135,1097,816,1042,22 
809	313,206,994,404,275,903,800,226,1261,1175 
810	1082,692,943,794,643,951,1097,240,66,315 
811	486,962,80,309,98,1229,429,305,1317,649 
812	116,5,483,139,79,640,318,940,688,413 
813	313,404,296,994,134,226,904,1261,1175,656 
814	679,203,310,767,794,795,339,1403,36,205 
815	116,93,5,110,16,874,397,357,92,12 
816	5,93,781,157,94,874,218,940,318,169 
817	116,214,5,16,139,157,397,218,357,18 
818	940,907,688,695,169,582,998,413,460,45 
819	506,795,450,621,1148,131,415,739,419,1403 
820	116,214,496,9,19,397,90,257,640,107 
821	116,93,191,139,96,292,397,328,470,238 
822	135,191,110,292,257,12,18,19,324,71 
823	116,202,191,496,292,257,874,127,12,92 
824	214,116,470,357,238,324,93,157,107,785 
825	363,135,202,9,328,139,246,5,683,424 
826	116,94,110,3,12,19,294,496,397,267 
827	191,96,640,318,413,133,688,781,940,107 
828	116,292,224,110,238,683,92,148,424,846 
829	116,214,514,100,528,688,640,113,413,611 
831	116,5,202,496,483,139,541,39,177,912 
832	1082,1135,943,643,948,938,240,260,711,1197 
833	42,767,80,36,679,310,795,203,906,609 
834	363,214,328,522,292,628,111,25,160,777 
835	18,224,496,626,157,289,107,854,656,296 
836	116,202,191,496,224,5,397,874,127,238 
837	116,202,93,88,874,541,387,224,670,107 
838	962,305,309,1317,1185,1374,80,1206,339,1353 
839	363,202,253,94,569,62,80,310,777,679 
840	1082,943,1135,643,1079,938,1148,240,1097,1049 
841	778,382,1040,980,802,665,296,1340,634,871 
842	16,446,5,202,62,522,659,628,777,598 
843	157,93,522,406,92,224,83,139,191,9 
844	181,116,880,25,212,264,13,1078,767,36 
845	214,202,9,139,257,470,127,238,397,59 
846	781,940,854,1369,998,640,289,318,778,766 
847	794,943,1082,795,1403,587,692,711,1148,845 
848	214,79,9,157,61,238,246,294,328,92 
849	214,79,135,59,139,470,496,522,324,3 
850	116,9,19,191,397,157,328,40,967,875 
851	214,79,18,139,59,324,496,71,92,333 
852	116,406,522,224,246,94,139,61,846,777 
853	943,1135,589,730,692,249,1197,240,295,906 
854	1082,1135,943,794,643,951,1079,367,66,1234 
855	80,16,253,800,43,168,682,310,679,1273 
856	1082,943,1135,692,1079,938,816,1097,1197,1049 
857	116,5,16,496,157,328,79,844,92,121 
858	116,93,202,218,18,406,94,251,257,246 
859	116,214,9,514,90,912,79,940,640,781 
860	214,9,79,139,294,357,238,599,676,313 
861	135,79,93,522,257,19,251,683,92,3 
862	116,202,110,470,292,12,127,324,294,107 
863	854,745,289,371,73,296,616,107,1398,382 
864	116,157,93,94,257,246,328,148,191,846 
865	116,214,202,79,139,96,397,177,127,4 
866	135,59,328,522,5,19,647,777,32,809 
867	214,202,292,191,59,238,61,94,522,246 
868	20,135,59,18,157,62,238,139,110,32 
869	116,79,363,224,18,191,12,5,397,470 
870	116,93,79,157,496,139,191,96,61,218 
871	116,79,363,93,191,12,257,470,397,294 
872	781,940,528,640,695,766,413,907,318,700 
873	116,214,202,292,110,328,9,177,257,271 
874	135,854,940,781,640,318,289,73,107,382 
875	795,943,794,1403,1234,1082,679,1049,1148,260 
876	218,363,62,202,522,253,446,106,92,777 
877	20,676,139,313,246,157,238,683,333,206 
878	116,62,135,880,446,588,328,496,83,439 
879	116,96,496,88,541,760,224,107,544,528 
880	943,1234,240,1403,205,730,711,1079,158,706 
881	116,79,522,1247,9,12,257,647,32,174 
883	116,202,9,93,12,19,496,127,61,92 
884	16,271,483,809,528,1296,234,1137,875,1251 
885	93,62,83,363,214,160,253,328,235,317 
886	640,318,998,528,695,413,854,766,700,582 
887	116,214,202,83,79,496,139,9,177,224 
888	135,191,110,292,470,83,19,397,127,324 
889	214,93,16,18,406,224,496,191,9,251 
890	1082,943,589,730,643,948,845,795,587,1177 
891	1082,1135,589,1079,158,692,249,1234,1196,260 
892	116,214,62,218,874,59,292,191,397,569 
893	305,1011,355,179,851,1374,1229,429,339,1427 
894	116,93,79,139,59,191,96,16,387,357 
895	116,202,157,139,19,496,257,238,5,294 
896	20,5,111,218,468,353,810,467,13,1078 
897	116,5,62,191,139,157,292,224,363,127 
898	116,93,874,470,940,640,781,528,688,318 
899	313,600,206,994,404,296,904,275,134,1261 
900	794,943,692,845,643,1403,158,205,730,22 
901	116,5,16,19,483,177,541,328,844,280 
902	62,110,528,688,234,640,940,907,413,611 
903	116,5,271,218,253,264,38,997,13,1078 
904	794,1082,943,589,643,845,795,951,1403,948 
905	854,745,73,296,980,371,819,1369,382,781 
906	116,135,9,12,19,93,363,71,294,61 
907	616,656,107,289,371,854,333,152,785,1168 
908	62,20,253,446,160,212,235,363,506,13 
909	214,116,79,139,294,238,676,357,250,59 
910	116,214,79,9,110,496,139,61,397,96 
911	854,470,781,940,289,745,73,640,318,382 
912	934,355,1280,962,694,1185,309,1229,80,784 
913	116,5,214,110,139,9,397,257,541,433 
914	116,292,93,522,257,61,19,92,424,683 
915	181,5,253,880,264,25,13,1078,1423,471 
916	116,191,496,514,469,670,640,107,318,413 
917	5,177,446,218,121,83,13,1078,1423,471 
918	83,93,116,264,25,767,36,13,310,679 
919	1082,1196,692,1079,315,444,794,265,1148,1358 
920	116,214,202,406,224,16,238,257,496,246 
921	214,363,9,110,139,470,19,496,406,522 
922	854,289,656,1398,616,371,980,73,382,819 
923	116,214,5,191,96,59,292,363,61,12 
924	1082,943,794,1234,795,951,906,1197,1403,730 
925	157,5,79,92,191,62,139,257,599,324 
926	794,943,587,1403,80,944,711,679,1197,1148 
927	116,93,5,62,496,139,59,96,92,522 
928	569,135,218,446,212,271,264,810,13,506 
929	93,177,160,271,83,264,13,1078,1423,506 
930	253,446,880,194,106,25,80,767,310,36 
931	116,214,5,9,139,96,157,59,328,12 
932	116,5,62,157,218,9,292,224,257,18 
933	116,202,93,139,496,96,79,483,94,11 
934	116,202,292,224,59,19,12,470,92,127 
935	406,148,106,3,59,28,257,846,939,777 
936	1011,355,925,1452,1206,1185,80,1427,1353,1141 
937	794,943,795,1082,587,1403,1197,1148,944,622 
938	116,202,79,251,16,178,139,110,846,777 
939	781,1369,940,854,807,607,998,289,382,350 
940	214,135,292,257,94,250,92,626,238,313 
941	794,1082,943,240,692,845,1148,706,730,711 
942	20,202,363,191,139,257,406,470,3,246 
943	692,450,1148,643,794,283,706,730,240,790 
944	93,874,470,640,940,528,781,318,413,688 
945	191,202,257,127,324,496,71,238,8,333 
946	745,940,854,507,460,1075,807,607,634,318 
947	135,191,280,781,874,19,940,11,469,318 
948	116,214,202,9,139,96,88,514,541,469 
949	363,79,59,18,522,238,496,96,26,186 
950	214,135,292,9,12,257,92,218,94,5 
951	692,450,643,951,1135,205,706,948,315,795 
952	214,5,16,406,79,18,19,880,224,27 
953	943,794,1082,795,260,1049,1079,205,589,706 
954	116,202,93,5,94,224,357,88,324,599 
955	116,191,483,139,9,19,79,127,640,107 
956	745,1040,819,73,1118,802,1398,382,371,940 
957	854,745,904,980,289,656,616,313,371,73 
958	692,1148,450,643,951,816,711,804,315,706 
959	5,62,880,253,212,83,235,25,328,13 
960	116,93,79,139,96,874,224,387,357,127 
961	116,5,271,218,468,121,810,997,13,1078 
962	135,214,62,110,94,79,92,397,177,880 
963	116,214,59,5,328,9,18,61,139,874 
964	214,135,292,224,139,61,496,191,424,92 
965	794,943,1135,249,1079,951,1197,240,820,711 
966	116,202,110,157,257,59,12,127,94,387 
967	854,745,296,980,371,73,819,904,616,382 
968	135,214,157,257,96,79,324,12,294,854 
969	1082,943,794,450,1148,1079,795,587,1135,240 
970	20,116,88,18,79,324,397,19,854,296 
971	781,940,1369,807,607,695,766,169,871,688 
972	5,116,446,253,218,468,13,1078,506,1423 
973	116,135,16,19,110,139,483,9,880,357 
974	214,116,96,139,294,363,357,250,387,333 
975	116,5,16,19,83,569,880,212,292,439 
976	157,214,111,181,406,880,94,79,271,59 
977	116,202,292,191,139,19,257,397,61,127 
978	116,5,16,496,218,110,328,59,88,541 
979	313,135,202,683,246,206,139,550,404,226 
980	692,951,845,643,943,938,1079,66,367,1187 
981	214,79,9,110,257,470,496,246,71,92 
982	943,1082,906,944,260,205,589,845,1079,711 
983	5,874,90,280,139,357,514,781,318,940 
984	116,94,110,12,93,522,59,246,238,424 
985	116,202,292,224,59,19,12,328,92,61 
986	116,135,62,202,446,328,874,235,496,59 
988	214,79,9,18,257,59,93,127,397,324 
989	157,202,363,191,19,92,18,59,496,874 
990	1419,309,575,1185,305,1445,1317,1452,1302,1374 
991	1148,450,943,315,205,1079,795,555,706,845 
992	305,309,1445,962,925,179,1280,429,339,932 
993	214,79,135,93,139,19,496,246,1247,397 
994	96,9,18,135,162,397,19,107,333,1238 
995	214,116,12,94,294,3,324,357,599,313 
996	1082,794,1135,845,240,260,938,795,711,205 
997	20,62,110,83,514,100,218,940,688,413 
998	116,202,127,257,357,71,88,19,670,107 
999	59,135,16,328,1247,181,809,647,32,777 
1000	575,305,962,1302,934,1185,649,1374,1427,1353 
1001	116,93,191,62,96,157,257,470,127,238 
1002	93,569,5,271,468,317,328,451,13,1078 
1003	214,406,9,647,332,32,963,174,821,396 
1004	116,214,62,59,292,177,496,110,157,809 
1005	470,110,162,626,8,363,333,1238,152,313 
1006	795,943,794,450,240,767,1234,205,906,1049 
1007	116,88,139,670,107,640,700,940,528,1105 
1008	116,5,62,110,139,157,397,357,257,292 
1009	59,116,522,683,19,647,32,174,186,332 
1010	20,93,62,214,446,202,121,251,59,253 
1011	20,93,135,212,214,202,181,307,19,506 
1012	5,135,271,880,363,253,328,202,588,13 
1013	20,135,253,83,271,212,264,157,202,13 
1014	363,135,292,522,19,251,5,1247,62,246 
1015	116,202,93,139,224,496,5,61,62,522 
1016	116,135,62,880,83,328,181,157,496,439 
1017	9,292,93,139,12,251,1247,967,875,809 
1018	781,940,907,460,998,607,350,688,413,1369 
1019	5,177,212,218,271,264,451,13,1078,1423 
1020	692,1148,643,951,1079,205,240,944,730,1187 
1021	116,202,191,496,224,5,397,387,62,238 
1022	116,93,202,218,18,406,92,257,177,238 
1023	116,363,202,59,224,328,522,5,96,62 
1024	962,1419,309,429,305,851,1317,339,1452,1374 
1025	781,940,640,688,907,528,413,695,766,582 
1026	794,943,1079,951,730,1197,906,587,711,1403 
1027	202,93,854,11,289,107,640,73,133,371 
1028	214,202,157,18,257,496,94,92,357,599 
1029	116,16,62,363,446,181,160,496,522,235 
1030	116,214,202,88,139,9,483,257,387,177 
1031	116,214,406,19,334,809,647,32,186,332 
1032	116,135,62,880,212,363,317,264,353,522 
1033	313,600,206,994,550,404,226,275,1175,1261 
1034	116,214,5,59,496,110,191,96,522,387 
1035	116,363,93,59,157,110,496,191,397,16 
1036	470,127,250,626,357,768,157,88,313,333 
1037	116,202,93,5,397,257,357,92,324,62 
1038	214,116,79,12,191,93,522,294,246,424 
1039	18,191,294,139,3,246,92,626,406,313 
1040	116,214,202,496,9,79,397,357,387,218 
1041	357,541,92,854,289,162,745,296,656,107 
1042	854,656,745,371,1398,73,1168,152,904,785 
1043	16,62,106,194,36,80,310,767,777,659 
1044	794,943,1234,450,587,205,1148,1135,730,622 
1045	20,292,94,139,96,768,626,59,599,313 
1046	20,62,16,177,110,218,541,139,160,121 
1047	116,93,16,271,111,874,19,121,496,191 
1048	5,83,446,880,212,271,264,344,13,767 
1049	116,202,9,19,397,224,12,5,88,107 
1050	116,214,5,9,139,16,157,59,328,844 
1051	177,767,795,679,1403,587,310,80,906,794 
1052	692,794,951,643,450,1079,944,66,790,804 
1053	943,1135,643,944,1079,730,706,938,711,1049 
1054	116,202,292,18,93,257,19,397,61,328 
1055	1082,943,944,589,906,158,706,295,587,692 
1056	116,5,62,328,292,874,157,9,251,880 
1057	93,218,157,202,446,880,522,292,264,777 
1058	116,214,62,9,139,191,224,257,875,809 
1059	116,5,202,874,496,9,83,257,357,599 
1060	135,79,157,251,218,246,16,257,5,32 
1061	116,5,214,191,79,139,328,514,257,469 
1062	781,1369,1118,778,607,197,936,988,695,665 
1063	795,943,794,240,450,906,1049,1148,1197,643 
1064	116,214,5,110,874,496,139,218,522,18 
1065	116,62,16,19,177,83,541,79,90,39 
1066	795,767,587,240,1403,906,943,1234,794,609 
1067	781,940,318,907,607,766,413,640,854,745 
1068	62,528,688,940,640,234,413,907,611,781 
1069	795,767,906,794,1234,943,1049,622,1177,1152 
1070	116,93,191,79,96,88,157,224,127,469 
1072	177,116,135,253,880,264,13,1078,1423,471 
1073	363,135,292,522,251,218,62,257,12,246 
1074	116,292,224,12,328,148,61,94,92,846 
1075	116,5,62,328,177,363,157,224,257,433 
1076	116,202,191,496,96,157,79,483,94,670 
1077	135,181,253,363,157,160,25,202,178,13 
1078	116,214,79,9,496,110,139,218,61,12 
1079	116,214,202,19,9,483,514,387,257,688 
1080	116,214,93,94,88,541,139,218,127,271 
1081	214,116,135,110,294,157,238,71,676,397 
1082	781,807,1369,460,871,695,493,1370,1075,282 
1083	800,925,962,1452,1185,80,1427,1021,1353,1141 
1084	116,202,79,18,191,257,96,406,92,470 
1085	116,135,62,218,328,446,160,522,317,809 
1086	214,202,79,110,257,127,92,59,324,599 
1087	116,202,93,224,5,59,257,470,522,94 
1088	80,767,795,203,310,1403,240,1234,943,260 
1089	116,202,110,139,19,257,59,92,127,238 
1090	20,93,59,328,251,157,1247,110,139,246 
1091	116,79,110,93,191,61,92,3,328,96 
1092	214,202,292,79,569,628,224,246,19,777 
1093	116,202,93,110,5,191,496,238,397,16 
1094	214,79,116,61,191,96,246,424,1247,3 
1095	943,450,1148,795,951,1403,938,589,944,730 
1096	79,214,18,809,647,332,32,821,186,174 
1097	116,5,202,79,496,328,9,224,92,96 
1098	795,767,794,906,240,679,260,450,609,1049 
1099	79,59,12,61,1247,110,148,470,1035,186 
1100	854,745,289,980,73,371,904,819,616,656 
1101	5,116,160,253,218,264,997,13,1078,1423 
1102	20,181,212,253,271,264,38,328,13,1078 
1103	1369,493,778,1398,802,73,143,940,988,607 
1104	795,1403,450,587,767,205,240,794,679,1234 
1105	93,116,160,271,83,264,25,13,506,1078 
1106	116,135,214,5,79,569,522,121,446,809 
1107	191,214,79,357,224,34,292,107,289,785 
1108	116,202,9,96,496,157,257,5,328,470 
1109	214,224,18,294,127,324,246,71,3,313 
1110	157,253,25,202,93,446,777,659,80,36 
1111	116,5,62,59,271,569,157,110,9,406 
1112	116,135,79,93,522,110,139,218,496,191 
1113	116,5,16,874,177,9,292,809,96,875 
1114	94,406,592,292,80,800,43,344,846,168 
1115	116,93,157,94,79,880,522,569,292,139 
1116	16,116,5,253,406,202,522,59,659,777 
1117	214,514,912,528,640,688,113,413,940,611 
1118	116,363,292,224,522,328,5,251,218,96 
1119	1042,315,1079,790,943,951,1146,804,265,989 
1120	313,626,550,206,157,135,404,333,152,343 
1121	88,781,280,940,318,640,413,582,695,854 
1122	116,157,406,522,257,92,191,61,148,424 
1123	116,202,9,96,12,257,18,387,294,71 
1124	191,202,94,357,79,541,324,294,107,289 
1125	116,5,214,177,191,328,110,224,257,439 
1126	794,943,1082,906,944,587,1197,622,589,711 
1127	250,116,357,496,94,152,333,107,656,1238 
1128	116,202,5,139,496,88,397,92,127,90 
1129	1082,794,692,943,643,790,711,1403,1196,1135 
1130	116,62,16,328,212,110,79,9,191,809 
1131	794,1082,943,205,587,692,1079,1234,1042,730 
1132	116,214,483,96,496,9,470,127,640,318 
1133	116,5,202,19,139,483,397,357,90,844 
1134	116,5,62,483,514,96,39,357,688,640 
1135	116,135,62,271,212,121,157,83,25,522 
1136	214,79,224,541,40,324,357,363,294,1240 
1137	1082,943,845,589,730,450,1234,948,1042,260 
1138	116,5,16,496,880,328,212,235,588,363 
1139	363,116,110,406,139,246,93,148,19,496 
1140	781,940,907,169,688,318,413,582,695,234 
1141	202,363,12,139,470,294,246,522,19,96 
1142	781,1369,778,807,1118,998,854,1075,582,1040 
1143	20,116,110,12,470,94,238,324,522,599 
1144	116,202,110,5,19,224,470,18,88,363 
1145	781,907,998,695,688,582,528,413,350,45 
1146	214,292,79,157,470,96,94,92,61,397 
1147	1082,794,943,692,951,1049,706,948,587,158 
1148	5,20,218,160,253,235,38,997,13,1078 
1149	116,214,5,496,9,139,224,357,218,470 
1150	745,493,1040,802,395,371,807,965,660,1119 
1151	214,116,683,647,32,332,174,809,186,963 
1152	135,202,470,257,88,19,96,18,496,599 
1153	781,778,854,745,493,607,350,318,1075,1016 
1154	5,110,39,688,528,640,413,940,234,318 
1155	692,1148,643,938,951,589,315,706,711,948 
1156	794,943,906,1234,249,240,1403,1152,711,730 
1157	191,874,9,640,940,528,688,781,413,318 
1158	116,16,62,181,522,157,292,251,19,111 
1159	854,781,940,745,73,289,382,640,493,634 
1160	1082,794,1135,643,816,944,240,1049,367,1197 
1161	20,62,16,218,157,177,307,92,139,280 
1162	116,214,202,496,9,139,483,387,257,177 
1163	116,363,93,202,224,110,5,251,191,218 
1164	1011,355,925,962,339,80,1427,1021,1353,1141 
1165	5,214,83,177,406,880,59,25,251,160 
1166	20,214,79,18,676,397,333,107,1105,371 
1167	116,214,16,90,83,397,79,96,781,318 
1168	116,569,160,271,253,880,121,25,277,13 
1169	1082,943,1135,450,1079,730,1234,711,816,1097 
1170	781,940,998,907,350,778,908,695,640,528 
1171	62,111,271,157,569,874,19,280,506,739 
1172	135,202,79,18,257,19,294,127,5,599 
1173	116,202,292,224,18,19,12,470,61,127 
1174	214,202,9,12,257,157,363,324,397,92 
1176	116,5,483,280,39,528,688,234,640,113 
1177	116,202,9,157,18,470,93,238,324,92 
1178	794,1082,943,906,260,587,1135,1403,205,711 
1179	93,177,20,264,13,1078,1423,506,726,471 
1180	781,940,688,640,907,413,908,528,766,695 
1181	116,202,9,224,257,18,94,92,324,599 
1182	214,528,688,640,113,940,413,611,234,544 
1183	20,135,79,522,251,238,246,683,5,424 
1184	135,202,363,94,139,59,406,328,218,599 
1185	191,214,12,397,8,294,107,1105,785,333 
1186	62,20,181,880,271,212,264,353,13,506 
1187	214,202,257,18,71,292,250,94,34,107 
1188	20,292,59,224,328,1247,683,246,26,40 
1189	569,177,111,160,880,253,451,328,13,1078 
1190	313,202,139,116,157,324,8,34,206,404 
1191	135,214,178,251,5,121,19,777,647,32 
1192	214,9,93,357,127,854,280,337,745,781 
1193	1082,943,951,692,643,938,1196,1197,816,1097 
1194	679,767,36,794,906,1403,1234,943,260,609 
1195	854,745,980,904,819,73,371,1398,1369,313 
1196	575,305,1302,179,1229,80,649,429,1427,1021 
1197	116,214,139,874,514,39,670,640,107,318 
1198	116,79,59,202,224,18,387,96,967,186 
1199	363,292,110,257,191,246,92,328,470,496 
1200	116,214,16,328,177,292,178,496,92,224 
1201	116,5,16,218,110,79,157,569,292,224 
1202	116,214,483,16,9,387,357,640,688,528 
1203	116,202,5,191,16,218,224,92,94,83 
1204	1082,943,643,1135,845,1079,944,283,367,1049 
1205	116,16,62,271,446,181,121,522,874,406 
1207	157,363,522,5,59,257,19,246,328,148 
1208	116,135,9,496,397,224,12,127,59,107 
1209	5,541,198,940,640,688,781,528,318,413 
1210	79,116,406,61,139,251,328,3,470,294 
1211	313,273,1240,296,745,904,980,854,994,268 
1212	98,1419,486,179,925,339,1185,1427,1317,1452 
1213	569,111,253,363,160,271,214,522,468,777 
1214	116,5,19,483,139,96,79,127,318,640 
1215	116,202,363,9,328,496,406,238,92,61 
1216	135,79,9,12,257,218,19,683,1247,92 
1217	116,5,16,496,110,212,79,397,83,257 
1218	83,781,202,940,460,854,998,664,745,908 
1220	93,16,406,569,251,19,121,25,496,777 
1221	1082,943,1135,845,1079,1148,938,711,260,795 
1222	1082,943,1135,845,1079,450,158,240,711,283 
1223	214,135,202,139,191,257,397,294,387,424 
1224	214,202,292,18,257,93,96,397,61,324 
1225	116,5,16,177,79,328,191,569,9,844 
1226	116,214,202,110,9,139,328,96,271,522 
1227	106,218,292,28,5,713,92,80,253,800 
1228	1045,139,626,313,127,250,296,745,91,904 
1229	116,5,214,191,110,139,328,88,844,880 
1230	116,214,202,496,88,79,397,357,292,4 
1231	5,177,160,253,218,264,997,13,1078,1423 
1232	781,1369,778,807,871,607,998,289,350,907 
1233	116,93,5,79,157,496,292,357,92,363 
1234	363,135,79,522,61,110,1247,5,246,62 
1235	20,116,59,61,251,257,683,246,218,186 
1236	794,943,1234,906,260,1403,450,767,1049,622 
1237	1082,943,1135,1079,450,730,1197,711,249,816 
1238	5,20,271,218,253,468,997,13,1078,506 
1239	116,218,224,522,93,9,59,12,246,424 
1240	1082,943,450,240,795,643,587,205,711,1079 
1241	116,5,16,496,191,79,139,880,569,88 
1242	116,5,874,469,198,781,940,640,318,413 
1243	116,5,62,79,292,496,397,257,541,127 
1244	135,59,79,178,683,148,61,647,32,777 
1245	214,93,406,292,328,59,177,628,92,777 
1246	214,292,139,363,324,238,357,92,40,313 
1247	116,214,470,257,127,357,94,90,912,107 
1248	214,9,135,139,257,294,238,250,94,397 
1249	116,16,62,569,19,157,292,446,406,160 
1250	20,5,110,271,39,688,528,640,413,234 
1251	22,66,794,1196,951,845,938,450,315,804 
1252	794,1082,943,1234,845,643,240,622,951,1152 
1253	116,214,202,191,292,9,218,522,92,271 
1254	1082,794,943,1079,1135,692,1234,260,587,938 
1255	5,874,280,781,912,940,640,318,413,688 
1257	692,943,450,643,1079,1097,816,711,240,1042 
1258	5,177,253,271,218,264,25,13,1078,1423 
1259	116,135,9,363,12,257,59,71,470,127 
1260	135,569,880,253,271,212,363,468,178,13 
1261	1082,794,943,1135,450,1079,1148,260,711,283 
1262	181,194,160,212,20,767,13,36,1078,310 
1263	116,202,9,224,257,59,157,470,357,294 
1264	191,202,8,670,107,397,785,656,616,289 
1265	116,202,93,496,88,397,470,541,92,71 
1266	116,214,202,496,157,139,397,218,177,433 
1267	292,202,12,139,470,93,522,19,96,127 
1268	111,110,781,507,745,1118,940,701,854,429 
1269	214,157,522,328,94,110,19,139,496,257 
1270	110,79,139,273,313,127,618,324,8,275 
1271	116,93,363,292,328,496,110,191,61,406 
1272	692,1079,22,315,951,283,989,1097,804,444 
1273	20,135,16,19,110,139,844,100,234,688 
1274	692,1148,643,794,283,1049,730,948,315,795 
1275	20,5,93,874,880,111,307,157,110,506 
1276	214,79,135,191,96,61,127,40,324,424 
1277	116,363,16,292,177,406,224,61,110,809 
1278	116,93,9,110,62,292,387,61,16,363 
1279	116,363,406,92,3,110,83,257,12,846 
1280	83,218,880,116,13,767,36,795,609,415 
1281	16,569,214,328,522,880,38,264,777,647 
1282	16,218,202,446,59,328,79,83,160,777 
1283	1369,854,493,1118,871,998,382,73,318,350 
1284	794,943,944,951,730,158,1234,1196,66,260 
1285	9,20,238,313,1066,846,226,404,994,206 
1286	80,36,767,679,310,203,795,906,794,587 
1287	93,874,781,19,640,940,318,413,688,582 
1288	116,202,93,496,292,224,387,127,59,324 
1289	906,249,795,1082,944,767,730,203,622,36 
1290	214,135,202,157,257,93,397,328,71,424 
1291	116,135,292,157,139,522,251,96,1247,387 
1292	116,5,214,271,79,139,397,59,357,127 
1293	135,90,640,854,940,107,318,700,528,781 
1294	214,135,9,110,157,18,470,397,357,387 
1295	854,745,289,73,819,904,616,382,510,1369 
1296	406,9,313,994,191,226,206,404,1066,275 
1297	253,93,218,212,160,264,468,363,13,1078 
1298	135,292,522,16,224,5,19,647,32,777 
1299	20,5,271,218,468,353,451,997,13,1078 
1300	116,88,214,280,781,940,318,19,640,413 
1301	116,214,202,157,541,496,397,271,357,307 
1302	943,450,794,951,240,1403,711,706,1197,260 
1303	1082,943,450,794,240,587,1135,845,1197,730 
1304	116,5,62,496,541,9,397,357,257,39 
1305	214,79,135,157,19,522,251,246,424,127 
1306	116,214,5,496,139,59,96,387,357,177 
1307	83,446,218,264,13,767,506,415,795,609 
1308	20,224,93,92,246,713,328,9,846,272 
1309	116,202,110,292,496,257,224,92,18,541 
1310	214,96,79,238,676,19,40,59,333,107 
1311	355,309,179,1452,1229,649,1427,80,1021,1141 
1312	20,5,271,160,468,264,451,25,13,1078 
1313	20,62,93,111,19,880,191,79,121,433 
1314	116,214,202,328,218,522,9,251,61,178 
1315	116,214,9,62,90,198,912,640,940,781 
1316	116,93,5,292,522,59,18,496,139,874 
1317	20,116,224,246,92,328,424,9,251,846 
1318	781,940,907,318,169,695,688,766,460,640 
1319	18,79,257,294,59,324,626,313,273,272 
1320	116,93,191,874,62,397,357,470,71,107 
1321	116,214,5,874,470,127,257,670,107,640 
1322	62,569,446,218,468,121,38,363,13,1078 
1323	116,5,214,9,110,177,191,257,224,2 
1324	93,16,111,363,880,446,94,25,19,235 
1325	20,5,271,218,468,264,451,363,13,1078 
1326	781,1369,778,854,807,940,1040,802,73,197 
1327	116,292,93,110,139,218,94,424,148,846 
1328	854,781,745,493,807,289,382,980,607,296 
1329	5,16,307,110,160,874,569,292,235,506 
1330	59,79,202,406,224,16,62,809,32,186 
1331	794,943,1135,944,730,1079,948,1197,711,906 
1332	363,292,59,224,139,251,496,26,683,186 
1333	20,5,218,880,271,264,25,83,13,1078 
1335	79,116,12,257,251,19,246,96,398,186 
1336	116,363,16,79,522,178,628,224,496,246 
1337	363,110,191,92,246,148,218,294,146,127 
1338	313,257,146,296,904,206,994,980,745,404 
1339	116,5,62,496,271,9,79,177,357,39 
1340	116,214,110,541,496,19,257,157,483,107 
1341	1082,943,1135,951,1079,158,260,295,450,795 
1342	93,5,569,212,468,235,363,83,202,13 
1343	116,5,62,79,9,177,328,257,224,514 
1344	116,214,202,874,79,94,139,357,257,599 
1345	191,202,257,496,88,94,71,92,107,289 
1346	116,214,9,514,90,127,640,528,107,544 
1347	93,569,5,271,160,468,264,328,214,13 
1348	93,62,940,781,640,528,318,688,413,700 
1349	363,292,135,93,110,522,191,96,683,186 
1350	116,93,214,19,271,496,83,280,177,92 
1351	214,363,202,110,257,19,406,470,96,5 
1352	5,90,781,19,397,940,96,912,318,640 
1353	363,79,135,202,61,406,157,218,496,178 
1354	93,214,62,328,177,111,79,251,94,777 
1355	5,541,781,483,940,169,460,318,907,582 
1356	139,12,79,127,324,40,1240,296,745,313 
1357	943,794,240,1082,450,1148,1197,622,944,1152 
1358	116,5,16,496,79,59,157,363,121,2 
1359	12,94,127,313,3,246,272,550,206,404 
1360	116,93,5,9,496,157,397,218,357,271 
1361	20,292,135,93,139,257,191,1247,96,40 
1362	569,135,218,271,880,212,235,214,13,506 
1363	20,292,59,93,139,157,424,191,246,186 
1364	79,116,110,191,238,406,522,127,683,424 
1365	18,79,110,59,294,246,3,406,61,324 
1366	116,202,191,79,96,157,397,541,292,599 
1367	116,202,363,59,191,19,470,397,406,92 
1368	116,62,83,19,280,397,79,218,781,940 
1369	135,202,157,93,139,94,522,328,496,599 
1370	16,62,202,328,522,121,25,212,292,79 
1371	1082,943,944,260,906,730,706,795,622,692 
1372	116,191,62,79,640,528,688,940,113,413 
1373	5,177,253,271,218,264,997,13,1078,1423 
1374	177,116,160,253,468,264,588,13,1078,1423 
1375	5,528,688,640,940,113,413,234,611,781 
1376	20,62,483,19,139,96,688,234,940,528 
1377	20,5,16,496,328,528,688,234,1296,1137 
1378	116,93,157,292,224,191,139,874,397,12 
1379	767,906,679,794,240,249,260,203,943,1197 
1380	257,88,79,34,296,854,313,745,289,904 
1381	116,202,191,139,224,257,62,12,357,328 
1382	214,202,522,18,251,94,19,246,238,496 
1383	575,309,179,1445,1280,1317,80,649,1427,1021 
1384	1082,943,1135,845,1079,730,948,711,260,295 
1385	854,745,127,296,157,289,73,543,980,507 
1386	218,214,522,328,18,111,253,659,777,846 
1387	569,446,93,271,116,767,795,13,609,415 
1388	116,202,93,224,18,5,191,62,397,406 
1389	292,79,9,328,238,257,110,178,424,148 
1390	116,93,79,157,59,139,224,96,12,61 
1391	116,191,110,470,19,96,224,357,496,387 
1392	116,16,62,202,328,292,157,874,446,160 
1393	116,79,292,157,12,257,397,406,40,127 
1394	569,5,271,160,253,121,38,328,13,1078 
1395	214,202,18,328,224,9,238,139,94,257 
1396	79,116,61,191,96,246,424,683,496,186 
1398	569,177,212,271,468,253,235,214,13,1078 
1399	116,5,202,483,514,139,39,357,640,688 
1400	116,202,110,496,5,292,224,92,324,387 
1401	135,157,93,110,19,59,191,496,3,12 
1402	20,191,202,88,139,5,83,12,363,397 
1403	795,767,240,587,609,1234,260,1049,943,794 
1404	745,1369,807,980,1075,382,871,1340,988,507 
1405	1011,305,1302,962,925,1374,1206,339,1427,1353 
1406	20,157,363,110,522,92,328,12,496,238 
1407	177,181,253,271,468,264,25,13,1078,1423 
1408	214,202,9,363,257,470,59,93,324,397 
1409	181,62,218,880,212,271,264,38,13,1078 
1410	1011,309,1419,1041,1280,98,305,1452,1302,1021 
1411	116,214,514,19,387,528,113,640,688,544 
1412	106,116,1045,800,618,600,846,191,275,1280 
1413	116,5,62,202,160,212,446,19,522,496 
1414	116,202,110,224,12,18,496,92,5,324 
1415	116,363,93,224,5,218,251,257,12,246 
1416	20,135,292,9,61,19,246,1247,683,496 
1417	116,5,62,496,139,9,397,257,96,844 
1418	116,79,292,139,61,18,257,397,387,40 
1419	116,202,157,363,224,62,496,12,218,470 
1420	943,794,692,450,205,938,283,240,587,1197 
1421	20,5,16,110,83,88,541,469,844,92 
1422	292,59,19,328,110,496,40,186,170,967 
1423	116,214,202,110,9,139,397,363,271,433 
1424	116,93,5,874,139,16,224,387,357,61 
1425	20,218,59,328,5,181,683,628,777,846 
1426	656,296,854,616,289,313,745,904,152,333 
1427	116,5,483,514,139,79,39,688,640,940 
1428	116,16,135,19,218,59,880,588,809,875 
1429	116,62,16,496,328,218,79,88,483,257 
1430	116,202,79,110,874,224,292,12,328,238 
1432	157,79,224,257,139,218,599,522,397,27 
1433	116,191,93,874,541,79,397,387,469,107 
1434	214,202,9,157,257,470,59,397,92,357 
1435	116,5,483,19,280,688,528,640,234,940 
1436	20,62,135,880,328,181,446,468,496,467 
1437	116,135,202,224,191,496,12,328,71,522 
1438	363,79,135,61,139,110,496,191,96,218 
1440	116,202,9,139,59,257,96,328,357,61 
1441	292,110,139,94,250,238,406,92,61,313 
1442	116,202,93,496,257,397,874,59,88,363 
1443	214,292,79,157,139,93,61,92,406,40 
1444	93,20,177,446,111,235,38,328,467,13 
1445	116,93,214,19,271,79,177,59,880,307 
1446	692,1148,643,794,1079,944,730,315,795,948 
1447	116,5,874,781,940,640,318,688,413,528 
1448	116,93,79,202,5,139,157,218,12,397 
1449	943,794,1082,643,1148,1403,249,1197,589,1079 
1450	781,1369,940,745,854,607,998,1075,350,634 
1451	214,135,79,110,257,61,96,470,424,294 
1452	16,218,406,328,522,121,79,18,271,777 
1453	781,940,907,169,688,766,582,908,413,695 
1454	116,93,363,157,328,496,139,61,191,406 
1455	214,202,16,328,251,19,238,94,139,777 
1456	214,363,292,93,257,191,92,246,5,470 
1457	116,202,93,224,496,18,257,127,470,61 
1458	569,5,212,271,468,264,25,810,13,1078 
1459	116,214,110,139,874,79,397,387,127,12 
1460	116,214,470,127,496,397,469,670,107,640 
1461	450,794,1148,1135,589,1049,948,1197,706,283 
1462	116,93,202,19,522,218,61,251,12,191 
1463	116,135,110,470,292,397,541,324,5,107 
1464	116,5,62,177,328,191,218,224,257,569 
1465	214,93,202,16,628,224,647,25,32,777 
1466	692,450,643,951,240,711,706,730,315,1403 
1467	93,20,569,111,468,235,810,277,13,506 
1468	116,62,271,214,181,157,202,194,522,506 
1469	135,93,880,194,25,160,767,36,80,310 
1470	5,116,160,880,468,264,997,13,1078,1423 
1471	214,116,61,328,647,332,32,186,174,963 
1472	116,191,110,257,224,19,397,324,541,107 
1473	116,5,16,19,496,110,79,363,191,307 
1474	62,177,194,271,212,506,767,795,13,415 
1475	569,5,212,160,880,121,214,178,451,13 
1476	116,135,79,202,18,224,61,496,110,1247 
1477	116,20,253,212,271,468,264,451,13,1078 
1478	1011,800,925,851,1206,1280,429,1427,1021,932 
1479	450,692,643,794,240,205,589,944,1403,315 
1480	794,943,1082,1234,260,1403,450,1197,711,622 
1481	1082,943,692,643,951,938,1148,816,1197,1234 
1482	5,177,160,880,253,264,997,13,1078,1423 
1483	1082,794,692,1079,944,589,711,1197,205,795 
1484	116,79,292,19,110,257,406,397,424,470 
1485	781,940,528,688,318,695,766,582,907,700 
1486	116,79,363,19,18,12,257,397,5,62 
1487	202,363,110,406,257,148,470,218,5,836 
1488	116,292,224,238,328,251,148,61,424,846 
1489	116,202,363,9,224,18,328,92,406,94 
1490	116,93,79,139,292,96,224,387,357,127 
1491	16,20,446,5,202,522,328,160,659,777 
1492	943,450,795,1082,240,587,643,906,711,1197 
1493	116,5,16,177,110,328,9,844,292,127 
1494	116,202,79,157,496,224,257,874,238,357 
1495	214,202,292,569,328,79,446,178,148,777 
1496	794,943,1082,1234,450,1403,589,1148,622,692 
1497	116,202,9,139,496,12,96,470,328,357 
1498	450,1148,692,951,795,938,587,283,706,730 
1499	943,1082,944,158,730,643,795,622,948,1152 
1500	569,83,177,880,271,212,264,235,353,13 
1501	1369,807,854,1075,980,940,607,988,460,998 
1502	1445,305,1302,309,1374,1185,1206,80,1427,339 
1503	5,218,271,194,446,506,13,415,795,767 
1504	1445,305,309,1302,934,925,649,339,1427,1353 
1505	292,12,470,3,238,148,522,146,313,27 
1506	20,116,59,93,139,238,246,424,96,186 
1507	36,795,906,794,679,587,1234,240,260,1403 
1508	116,16,62,157,880,522,178,79,212,19 
1509	363,214,328,181,79,121,19,880,160,777 
1510	135,202,292,224,257,19,12,96,127,238 
1511	943,1082,1234,249,643,1403,622,1079,845,295 
1512	59,135,522,1247,16,238,62,647,32,777 
1513	116,363,79,157,12,19,496,470,397,92 
1514	16,880,93,106,767,36,80,310,679,795 
1515	20,5,212,880,253,264,83,451,13,1078 
1516	794,795,943,767,1082,944,158,706,203,845 
1517	569,116,446,160,880,271,264,25,810,13 
1518	1082,1135,794,951,643,1148,730,66,240,1234 
1519	214,202,292,12,257,96,59,397,324,92 
1520	313,110,127,273,3,768,272,206,404,275 
1521	16,218,446,178,251,121,880,160,253,777 
1522	5,20,218,271,880,83,468,997,13,506 
1523	116,5,62,541,139,496,397,280,83,688 
1525	93,181,177,111,178,328,160,292,777,659 
1526	943,1082,795,1234,1403,205,951,1197,1135,944 
1527	93,135,363,880,160,214,157,235,777,1078 
1528	116,202,79,157,257,292,397,387,71,92 
1529	116,5,16,19,328,79,569,92,224,446 
1530	1011,575,1041,309,934,179,1302,1229,1374,1021 
1531	116,363,214,79,522,157,121,496,224,9 
1532	795,240,794,906,587,260,767,1082,205,609 
1533	214,202,157,59,19,257,92,94,246,3 
1534	79,18,406,61,139,1247,424,148,3,496 
1536	62,253,218,880,212,271,264,235,239,13 
1537	116,202,79,19,191,139,496,397,92,61 
1538	16,5,135,212,121,363,588,202,253,239 
1539	116,363,202,110,18,328,522,191,16,397 
1540	5,62,446,253,160,212,214,25,468,588 
1541	794,1042,692,943,944,315,730,795,283,938 
1542	135,5,202,79,110,522,94,496,177,139 
1543	62,5,93,212,218,328,317,110,506,1137 
1544	692,845,1079,943,790,938,450,1135,711,315 
1545	116,202,9,191,59,19,257,328,294,522 
1546	116,214,202,157,406,251,496,139,569,246 
1547	1082,1135,943,951,643,944,22,367,711,1197 
1548	214,202,135,110,19,238,157,59,294,357 
1549	20,93,214,157,19,328,874,92,9,18 
1550	135,93,880,194,160,25,767,80,36,310 
1551	116,83,177,880,271,363,214,121,522,628 
1552	5,93,880,181,212,202,446,328,874,506 
1553	116,5,88,96,387,528,688,113,234,640 
1554	5,111,253,271,218,264,997,13,1078,1423 
1555	135,214,328,178,292,18,19,160,880,777 
1557	16,80,363,569,43,800,168,682,1273,310 
1558	116,363,93,224,110,139,257,12,251,191 
1559	181,5,253,212,271,468,264,277,13,1078 
1560	1082,943,450,1079,589,730,240,711,938,1403 
1561	93,16,157,328,181,25,121,224,246,777 
1562	943,450,692,205,1403,587,1197,1148,80,679 
1563	292,116,522,246,12,424,110,61,3,846 
1564	116,214,202,79,9,139,397,357,218,541 
1565	116,214,93,79,127,357,12,90,874,670 
1566	16,5,62,181,160,212,214,121,317,157 
1567	214,292,79,110,257,522,96,424,496,294 
