0	7,451,286,367,55,443,282,157,159,221 
1	997,202,163,253,160,265,438,479,4,340 
2	231,157,38,233,140,221,202,336,314,862 
3	168,369,650,253,438,497,22,21,107,89 
4	336,181,479,245,140,163,659,122,253,894 
5	286,337,820,418,195,39,172,690,183,849 
6	469,168,277,659,894,52,650,191,155,14 
7	231,7,280,230,137,282,270,140,165,233 
8	41,101,765,742,342,1035,740,367,1021,595 
9	131,451,4,150,234,777,279,681,950,438 
10	314,131,198,263,150,405,798,293,175,342 
11	230,627,279,431,767,464,276,149,603,451 
12	277,216,72,452,659,481,479,22,953,81 
13	193,39,828,846,759,956,5,814,322,1103 
14	351,199,89,371,277,217,424,265,953,150 
15	193,606,956,5,626,759,218,171,1116,377 
16	280,268,201,137,618,650,395,97,52,314 
17	106,731,675,612,155,403,992,57,636,777 
18	221,87,423,634,268,252,395,224,520,21 
19	802,799,78,259,224,77,52,371,98,1031 
20	314,38,681,843,255,280,45,128,216,351 
21	168,972,431,461,492,7,230,237,442,527 
22	369,94,431,650,276,108,268,520,603,65 
23	100,81,798,22,84,93,494,681,762,120 
24	273,659,803,78,531,589,128,129,494,81 
25	272,329,391,630,163,355,864,563,202,35 
26	231,378,157,221,280,342,155,431,1052,87 
27	864,531,481,281,1179,925,181,807,229,204 
28	351,202,270,580,145,21,578,237,900,736 
29	451,378,124,589,497,950,198,160,512,665 
30	7,1021,282,639,96,264,183,270,443,956 
31	224,802,369,789,52,191,77,221,137,112 
32	140,78,128,204,6,145,438,371,162,168 
33	451,41,970,708,101,791,946,244,36,260 
34	280,452,438,175,98,748,308,494,6,14 
35	708,1172,979,543,561,783,440,1108,269,235 
36	55,731,193,980,39,828,96,342,639,525 
37	217,67,894,479,175,141,30,150,35,272 
38	337,418,635,1093,608,399,426,820,1103,849 
39	157,431,627,137,634,186,554,395,578,475 
40	202,550,137,554,220,237,618,687,293,586 
41	7,314,4,140,128,371,160,855,217,231 
42	314,38,72,293,7,355,128,6,452,100 
43	145,217,277,369,168,151,14,265,438,424 
44	202,613,220,997,282,527,687,972,270,168 
45	231,221,7,94,431,270,155,97,639,358 
46	231,7,282,279,137,94,140,31,378,371 
47	157,423,282,87,627,270,140,186,475,520 
48	659,442,100,452,798,480,145,894,972,6 
49	802,777,181,131,336,798,681,695,782,4 
50	216,67,997,442,972,145,157,424,797,894 
51	280,231,855,438,355,249,31,100,953,72 
52	591,250,513,55,980,690,1151,805,1088,195 
53	314,96,797,639,217,741,80,862,216,919 
54	221,280,451,314,929,395,473,186,627,742 
55	231,157,31,279,45,527,980,108,165,27 
56	273,7,681,355,1025,100,10,451,762,1004 
57	992,55,731,403,513,262,690,82,612,337 
58	748,320,777,334,124,175,150,131,681,310 
59	157,280,382,282,137,431,165,276,21,314 
60	183,337,846,956,443,608,828,378,751,615 
61	140,282,191,554,165,52,634,16,578,237 
62	124,72,242,665,84,497,117,279,168,175 
63	216,160,249,894,281,45,336,539,798,625 
64	337,264,31,608,814,322,498,1011,109,915 
65	122,21,277,19,265,549,351,138,535,230 
66	45,216,660,549,391,890,497,183,535,95 
67	369,4,245,168,19,953,97,660,687,122 
68	140,4,285,277,659,329,137,310,67,565 
69	286,606,264,193,27,846,39,1066,377,854 
70	613,864,481,280,894,580,855,253,168,145 
71	650,736,719,120,687,97,821,314,277,3 
72	124,293,216,89,45,539,479,160,438,855 
73	665,681,154,22,349,531,894,1000,168,273 
74	67,140,531,442,202,894,479,391,972,497 
75	7,155,224,52,980,45,31,799,23,32 
76	797,314,131,539,234,162,300,316,342,367 
77	157,221,282,155,7,423,627,464,382,31 
78	316,659,131,681,798,150,98,234,694,140 
79	7,351,252,554,165,52,186,204,240,603 
80	193,846,218,956,980,337,668,58,5,734 
81	613,890,216,650,894,220,107,231,531,972 
82	31,155,443,378,367,451,488,369,382,224 
83	451,279,157,38,371,191,201,96,186,303 
84	175,798,950,128,864,479,320,162,266,894 
85	277,155,199,224,4,862,191,204,497,220 
86	591,731,612,403,690,172,598,1034,805,378 
87	469,314,852,455,995,798,293,950,4,825 
88	231,157,221,7,270,627,186,45,395,929 
89	650,613,216,21,972,122,245,234,565,19 
90	314,122,231,217,31,151,266,997,249,438 
91	216,21,122,220,97,265,497,972,272,855 
92	31,337,418,846,956,5,635,626,629,195 
93	659,494,355,413,112,706,480,166,310,803 
94	618,19,550,268,7,165,282,224,586,276 
95	124,797,38,100,798,129,41,204,512,893 
96	285,253,277,638,766,14,438,363,880,695 
97	4,277,890,497,351,855,220,230,972,438 
98	155,279,140,31,137,183,204,371,52,186 
99	970,106,367,440,55,8,528,47,36,86 
100	797,843,45,216,452,531,280,203,351,175 
101	244,595,376,920,34,742,740,1108,1155,964 
102	451,797,100,117,843,354,413,84,452,584 
103	140,137,234,94,890,170,22,972,797,747 
104	39,183,1021,980,956,218,377,668,834,741 
105	418,193,820,626,450,992,8,581,55,496 
106	293,45,89,802,231,303,98,253,308,128 
107	360,38,151,362,354,469,570,487,1042,154 
108	7,481,280,293,100,45,351,231,150,175 
109	157,369,279,280,282,94,554,65,650,520 
110	221,157,94,543,958,87,280,155,395,680 
111	39,581,626,635,759,327,322,621,27,195 
112	140,168,480,150,659,242,253,479,894,972 
113	280,231,38,351,78,371,285,282,481,638 
114	157,382,369,268,276,650,149,603,520,97 
115	181,280,798,355,950,336,351,665,198,154 
116	442,145,997,497,277,438,479,160,972,266 
117	220,233,890,97,565,797,438,424,855,461 
118	369,279,31,137,140,87,639,423,52,675 
119	216,217,660,391,442,107,531,369,894,890 
120	512,280,231,124,41,78,117,293,341,96 
121	7,45,1021,741,122,197,862,242,613,555 
122	193,39,606,956,581,635,5,759,322,849 
123	342,451,193,337,39,197,635,741,11,399 
124	45,531,613,30,864,355,266,204,419,234 
125	193,606,846,956,183,5,1021,608,58,668 
126	286,606,183,39,834,157,1066,337,58,137 
127	1132,196,904,542,260,1135,543,920,1052,774 
128	7,183,342,378,204,797,481,124,128,141 
129	314,7,231,369,277,14,4,862,145,972 
130	38,89,481,613,100,479,128,438,953,122 
131	55,250,367,591,59,189,598,992,403,204 
132	660,613,277,4,120,95,249,391,497,442 
133	336,479,168,81,452,316,22,894,122,349 
134	539,38,432,1028,413,129,681,100,1137,93 
135	7,314,451,230,675,59,201,191,77,259 
136	216,122,30,245,972,369,355,202,81,90 
137	862,216,6,160,280,660,391,151,141,150 
138	314,455,334,694,224,636,319,798,1031,825 
139	7,231,280,369,140,221,342,371,80,367 
140	329,997,168,35,217,925,479,277,855,265 
141	369,627,157,45,613,799,695,797,19,293 
142	543,742,648,765,1108,1052,1035,324,127,451 
143	16,106,72,742,131,789,17,797,320,228 
144	124,96,183,181,639,198,128,266,216,349 
145	549,329,140,925,391,894,797,168,163,160 
146	89,112,181,694,315,285,98,825,209,483 
147	124,151,216,263,84,336,479,141,117,168 
148	299,970,34,269,56,101,1052,1108,359,247 
149	7,38,431,230,237,201,580,461,282,497 
150	314,38,797,245,168,277,78,442,100,253 
151	4,378,797,342,140,78,665,371,369,128 
152	193,426,39,943,606,399,591,343,183,313 
153	280,157,303,862,221,202,351,201,687,245 
154	230,650,155,145,199,424,862,79,565,224 
155	565,249,253,638,157,160,686,438,191,747 
156	280,151,140,145,479,163,480,481,580,122 
157	279,554,277,237,618,186,165,255,108,767 
158	742,970,512,465,783,1035,299,34,958,7 
159	279,137,21,862,191,220,186,438,199,555 
160	277,35,9,565,310,747,442,369,531,112 
161	124,797,539,843,681,170,1025,128,84,452 
162	160,151,580,30,35,855,175,925,72,351 
163	418,286,828,629,820,1093,195,608,814,846 
164	314,280,155,191,855,220,31,217,100,424 
165	273,491,413,803,852,362,772,310,175,303 
166	155,98,150,249,438,531,355,112,852,320 
167	41,893,1021,648,96,639,314,481,157,100 
168	7,648,378,342,481,893,970,269,255,567 
169	175,160,438,128,253,245,145,181,371,480 
170	183,1021,282,197,303,531,4,613,217,14 
171	31,264,193,39,956,608,58,668,834,322 
172	221,369,282,431,270,423,224,19,191,929 
173	140,230,201,627,199,216,186,797,217,639 
174	183,45,639,242,204,231,555,272,162,265 
175	797,52,789,855,100,249,316,89,131,98 
176	252,293,233,382,285,137,686,201,469,237 
177	580,21,67,461,293,145,497,1003,356,900 
178	193,606,1021,183,956,639,834,221,157,962 
179	314,797,273,349,78,531,405,442,1025,160 
180	791,465,904,489,708,528,946,376,595,517 
181	798,128,280,480,613,78,659,6,894,452 
182	231,7,183,980,280,94,230,193,39,846 
183	78,16,799,72,9,131,777,995,47,209 
184	230,249,253,442,78,224,972,329,122,175 
185	606,39,846,828,5,418,608,218,58,581 
186	766,531,230,799,351,98,128,469,14,253 
187	650,442,972,580,424,245,230,79,659,894 
188	7,451,96,55,367,231,741,286,282,1055 
189	122,953,580,14,7,438,925,163,972,277 
190	217,67,145,137,479,160,497,997,424,35 
191	216,894,14,175,35,234,137,580,855,163 
192	802,314,47,675,995,748,112,231,89,315 
193	55,451,86,16,612,59,77,20,259,101 
194	150,128,659,316,451,131,320,539,168,242 
195	748,38,798,285,150,175,227,793,310,170 
196	14,204,168,497,972,220,531,442,555,199 
197	6,45,279,280,336,320,613,162,294,281 
198	230,767,554,89,233,224,4,277,21,87 
199	264,846,608,5,581,218,327,635,759,663 
200	351,391,265,355,580,78,30,660,329,79 
201	39,264,606,846,608,5,58,635,581,183 
202	766,799,204,155,224,789,893,280,279,675 
203	451,124,314,512,539,950,280,45,911,648 
204	89,4,589,355,512,255,117,659,128,175 
205	72,160,320,659,273,249,45,336,807,279 
206	7,183,367,378,591,282,639,250,86,224 
207	303,282,19,497,217,277,890,107,249,438 
208	639,137,443,741,369,140,94,204,688,627 
209	137,279,120,277,4,442,35,160,168,563 
210	4,360,198,175,762,6,316,160,1121,300 
211	106,247,89,695,995,636,455,161,59,681 
212	480,242,216,128,452,279,6,253,140,145 
213	336,245,279,442,277,479,89,163,660,14 
214	221,157,56,230,268,423,416,258,958,1026 
215	242,175,162,281,273,451,160,953,163,665 
216	512,89,117,798,293,216,72,351,1028,360 
217	494,310,166,613,531,112,442,625,98,128 
218	231,27,157,431,286,97,183,854,5,471 
219	36,708,567,757,542,561,247,386,440,127 
220	181,589,129,843,355,927,911,280,154,216 
221	731,367,591,172,335,392,513,980,31,451 
222	140,265,272,277,894,145,4,925,199,151 
223	7,38,279,953,67,997,217,890,424,100 
224	280,452,355,160,175,137,748,98,424,494 
225	293,369,549,613,97,216,535,527,497,736 
226	168,659,175,452,253,277,479,862,972,81 
227	314,336,137,613,216,351,199,220,224,204 
228	157,314,369,451,230,155,371,342,14,438 
229	155,279,221,47,94,19,650,204,32,106 
230	230,191,72,98,336,59,77,694,201,730 
231	279,789,72,469,9,308,45,371,336,455 
232	157,369,270,382,252,268,21,603,395,224 
233	78,181,797,320,224,825,294,129,995,731 
234	168,249,972,155,355,481,452,204,216,98 
235	451,766,802,627,56,789,359,34,232,1155 
236	452,438,140,7,145,14,494,972,329,424 
237	20,47,469,369,334,995,730,112,131,689 
238	740,34,765,416,157,359,382,946,595,87 
239	280,279,231,369,157,220,233,265,578,972 
240	137,160,202,30,233,424,100,90,170,249 
241	543,231,970,341,342,157,893,299,1035,427 
242	797,124,481,151,234,480,316,803,170,154 
243	230,94,155,634,767,929,65,97,268,372 
244	635,820,1093,828,31,1103,849,164,606,177 
245	286,193,606,846,39,218,828,58,668,54 
246	997,531,277,231,217,479,855,14,89,894 
247	337,626,956,5,322,820,914,450,218,58 
248	273,950,355,100,1025,432,803,10,1038,452 
249	231,157,230,282,382,94,52,97,204,423 
250	766,16,155,224,231,52,268,98,351,777 
251	7,280,799,59,789,191,98,451,613,334 
252	45,531,253,72,438,234,160,35,128,242 
253	442,438,480,452,253,249,216,204,255,170 
254	7,1021,378,286,280,221,342,155,97,279 
255	95,650,660,231,120,140,719,340,982,277 
256	316,16,181,150,98,694,315,825,355,531 
257	789,52,695,47,98,674,9,201,351,336 
258	329,249,35,953,355,862,160,972,563,242 
259	137,431,155,293,282,191,363,224,634,202 
260	7,451,378,342,38,45,78,31,855,128 
261	369,94,270,201,464,674,276,65,19,520 
262	31,264,418,39,608,581,635,626,629,327 
263	231,157,221,7,94,634,451,97,395,268 
264	230,282,220,186,580,233,165,277,204,438 
265	314,802,16,280,137,59,191,72,674,336 
266	216,168,280,30,163,253,100,997,925,175 
267	231,96,639,193,741,157,80,846,488,218 
268	31,378,183,96,94,639,423,443,342,431 
269	45,230,336,191,293,221,277,220,14,252 
270	946,528,517,920,561,247,440,1052,446,235 
271	264,193,337,418,5,218,27,581,668,642 
272	183,1021,286,639,282,741,27,39,608,280 
273	183,137,27,264,286,378,155,741,140,342 
274	337,39,828,608,635,5,846,629,820,581 
275	202,137,35,797,168,160,217,563,497,419 
276	802,78,106,469,77,748,7,636,209,280 
277	481,378,742,41,893,247,100,543,357,341 
278	157,277,168,972,442,249,565,253,497,79 
279	316,442,650,355,862,285,424,497,855,659 
280	451,367,183,639,427,286,978,591,8,337 
281	38,253,285,442,452,137,14,310,424,79 
282	282,423,270,155,137,369,31,186,75,19 
283	7,481,89,216,181,145,798,249,497,266 
284	797,38,843,447,84,303,131,452,216,175 
285	231,268,137,19,276,662,520,165,906,292 
286	244,1172,247,979,783,970,765,745,1035,1108 
287	45,280,279,862,30,580,997,220,438,107 
288	286,31,193,39,828,581,635,759,629,327 
289	367,55,791,970,427,1151,86,893,244,1132 
290	137,438,216,234,972,285,862,191,747,580 
291	38,89,480,129,263,762,316,911,927,154 
292	1021,286,264,231,27,846,80,741,956,1066 
293	279,442,145,479,217,890,35,807,391,925 
294	8,753,591,513,525,944,183,870,882,626 
295	451,170,303,216,355,452,145,497,22,911 
296	231,157,221,369,94,270,431,87,520,237 
297	106,59,674,231,694,369,811,334,469,371 
298	45,279,183,980,497,797,245,555,277,266 
299	280,797,451,224,100,369,249,234,639,162 
300	231,157,221,94,369,279,423,31,395,45 
301	659,798,766,161,777,802,355,570,454,315 
302	280,30,31,183,230,97,277,199,21,19 
303	138,650,140,314,220,535,277,272,821,369 
304	168,253,150,217,89,145,862,141,925,67 
305	183,282,140,45,96,19,21,30,216,342 
306	7,1021,231,639,443,606,591,367,1088,280 
307	950,589,7,84,584,1038,452,154,365,10 
308	145,613,497,151,89,233,855,997,94,953 
309	316,168,277,150,155,230,175,128,253,52 
310	249,438,72,168,191,175,452,355,371,245 
311	894,168,137,163,234,438,14,660,497,807 
312	145,217,249,151,14,442,168,230,199,451 
313	660,650,231,107,272,145,391,242,4,972 
314	481,38,198,242,117,803,911,584,266,447 
315	39,606,626,581,956,820,1093,450,218,870 
316	72,995,764,766,413,777,355,802,284,793 
317	67,163,89,580,351,140,72,30,175,480 
318	249,216,391,107,531,145,272,277,925,120 
319	264,193,418,956,581,626,635,759,629,849 
320	293,175,128,249,253,481,52,137,369,842 
321	303,803,263,531,659,141,78,452,762,198 
322	7,183,96,38,140,31,336,481,4,128 
323	7,285,452,128,6,438,798,234,625,245 
324	193,846,183,834,668,218,956,157,282,471 
325	150,140,78,145,351,151,122,14,580,807 
326	799,748,334,362,1042,483,413,150,275,937 
327	231,155,282,137,224,97,45,276,603,204 
328	140,221,191,45,351,789,674,371,767,77 
329	31,264,606,5,608,218,418,58,581,759 
330	78,255,7,695,137,221,191,277,613,797 
331	580,862,155,186,224,233,4,204,424,578 
332	87,280,140,431,634,662,464,395,204,929 
333	193,264,218,27,956,96,378,639,443,834 
334	351,255,137,316,14,145,862,52,747,204 
335	77,675,316,140,112,320,481,825,209,293 
336	100,131,438,798,371,285,160,52,151,825 
337	31,183,378,96,367,451,639,282,787,612 
338	378,589,342,950,1025,7,893,151,561,512 
339	7,1021,369,230,183,96,627,423,137,97 
340	150,175,481,479,145,168,855,452,659,864 
341	314,797,766,16,802,799,124,320,181,20 
342	1021,378,155,280,741,451,201,94,224,731 
343	41,791,567,893,708,244,595,528,742,342 
344	980,183,96,189,1021,513,392,992,451,176 
345	231,157,230,279,19,30,265,191,276,997 
346	980,157,639,378,27,80,230,201,140,1066 
347	250,86,992,980,690,598,1151,172,82,715 
348	137,270,52,220,14,277,97,186,303,233 
349	193,39,828,5,418,27,58,1057,668,1066 
350	286,606,96,443,55,741,337,264,488,926 
351	282,94,270,834,431,183,668,201,96,155 
352	202,277,442,217,199,168,157,797,351,391 
353	38,137,862,201,578,100,168,972,19,438 
354	249,355,442,234,479,890,531,217,35,424 
355	4,442,145,580,277,35,150,72,424,497 
356	264,193,606,27,218,5,834,639,608,212 
357	606,286,80,443,639,218,27,39,926,367 
358	89,234,584,129,1004,1038,770,38,1042,362 
359	220,230,997,351,233,107,442,438,565,391 
360	7,451,78,767,201,371,186,16,351,634 
361	231,157,280,431,512,41,893,416,554,912 
362	465,791,946,36,528,489,904,742,542,260 
363	447,151,161,100,927,320,160,491,1085,772 
364	231,224,140,16,268,802,695,112,293,282 
365	112,285,455,38,793,227,175,131,353,777 
366	231,230,369,279,137,140,191,108,767,730 
367	242,162,613,163,266,862,894,100,204,1121 
368	561,774,783,1180,1082,339,970,440,740,198 
369	160,89,145,481,351,72,438,480,253,807 
370	753,731,612,262,367,1034,172,690,82,189 
371	89,160,128,479,894,953,253,807,181,162 
372	122,231,650,272,140,527,821,279,107,340 
373	221,34,740,431,283,958,765,149,767,1108 
374	231,7,157,282,230,279,140,94,1021,204 
375	442,650,216,953,797,391,35,369,160,424 
376	38,340,229,355,249,31,120,576,6,293 
377	7,270,155,201,382,237,224,19,395,220 
378	264,193,846,39,183,639,5,218,96,847 
379	231,382,94,279,431,634,554,224,650,108 
380	293,233,160,481,151,580,230,100,578,497 
381	314,38,279,369,451,204,303,862,438,497 
382	45,191,201,650,789,72,303,497,183,128 
383	183,606,27,264,639,221,193,280,201,5 
384	264,193,39,337,608,5,581,58,183,54 
385	286,193,39,606,5,956,264,195,846,58 
386	980,55,250,606,183,193,176,403,418,828 
387	221,369,87,137,634,554,7,276,97,258 
388	797,181,303,170,911,129,452,216,1028,141 
389	198,512,489,413,1085,1123,665,16,765,994 
390	797,38,864,481,181,204,150,513,367,216 
391	314,181,531,129,802,100,162,273,950,303 
392	4,797,303,293,497,342,351,355,183,31 
393	124,613,45,748,204,766,4,181,160,452 
394	953,613,19,138,535,233,230,497,391,145 
395	280,45,155,249,224,175,150,230,137,52 
396	45,279,862,497,438,613,230,160,452,78 
397	308,35,310,438,4,894,224,852,442,128 
398	286,193,183,1021,956,221,96,5,97,443 
399	992,591,403,55,262,598,472,189,133,176 
400	7,451,231,797,369,137,351,155,157,342 
401	846,834,183,7,218,157,1021,639,96,39 
402	1021,7,282,606,94,443,741,155,218,608 
403	221,369,282,94,627,87,279,65,929,554 
404	157,282,606,7,230,854,183,1066,723,1171 
405	253,369,316,224,216,89,128,230,351,191 
406	55,378,591,86,250,753,992,427,1021,688 
407	753,992,591,1151,262,472,690,598,189,1034 
408	337,193,626,828,629,820,399,31,608,1086 
409	94,369,431,7,627,186,554,75,149,767 
410	230,431,395,270,423,475,618,201,393,765 
411	580,100,277,81,894,351,613,84,925,972 
412	280,270,554,627,351,201,292,314,532,336 
413	7,314,38,797,72,234,249,151,245,316 
414	155,369,140,137,259,191,59,20,689,694 
415	451,648,765,382,970,912,423,431,149,232 
416	797,160,650,442,249,89,565,438,21,90 
417	627,52,7,695,98,231,282,131,371,268 
418	766,55,731,694,250,789,591,334,787,944 
419	231,221,157,431,369,423,155,464,21,527 
420	55,86,612,472,598,172,133,805,688,1021 
421	124,950,491,129,1004,78,432,131,452,355 
422	803,883,280,234,972,84,90,719,613,568 
423	337,193,635,626,820,629,195,608,1103,399 
424	481,4,175,279,479,6,798,316,349,129 
425	16,285,112,4,695,155,255,204,455,613 
426	246,272,21,19,340,233,107,719,921,982 
427	67,997,245,138,140,279,21,233,272,650 
428	249,100,479,160,175,266,497,14,128,424 
429	34,958,1132,1052,740,1108,283,101,56,792 
430	155,627,280,7,191,204,423,689,65,165 
431	349,72,84,798,145,950,175,277,128,203 
432	7,280,155,282,230,627,342,94,101,371 
433	7,314,38,45,280,137,613,351,67,997 
434	221,193,282,846,94,137,639,956,377,854 
435	100,234,140,342,303,438,263,224,497,255 
436	78,245,150,452,438,145,277,862,798,972 
437	946,528,543,542,904,260,757,1135,970,41 
438	432,772,911,354,84,355,203,770,1000,706 
439	953,145,140,122,862,894,480,128,807,855 
440	279,280,627,674,252,108,554,204,603,314 
441	282,369,137,279,270,140,276,520,21,371 
442	30,442,160,531,890,122,202,855,997,151 
443	124,797,539,89,303,141,927,175,170,447 
444	55,367,282,31,86,378,639,688,472,675 
445	650,253,191,285,35,308,52,638,424,391 
446	31,137,270,431,280,606,201,218,140,854 
447	286,635,759,828,629,820,195,849,581,5 
448	231,230,279,627,94,451,224,270,41,96 
449	157,890,30,613,293,277,270,245,855,191 
450	175,531,442,45,285,128,112,249,310,625 
451	193,418,828,956,608,581,626,635,759,629 
452	798,203,22,365,584,681,81,442,72,10 
453	481,413,285,852,818,802,777,970,740,782 
454	31,193,606,608,635,5,581,759,629,849 
455	659,452,494,613,843,803,72,279,90,894 
456	221,230,280,7,282,237,191,520,258,586 
457	193,39,337,846,418,183,27,581,58,626 
458	791,1132,196,489,595,1172,376,260,904,517 
459	279,89,87,191,38,204,137,293,512,929 
460	140,100,481,953,452,122,494,124,279,30 
461	314,927,681,161,447,160,1025,117,362,316 
462	78,802,766,16,106,799,155,59,314,369 
463	279,280,204,224,980,1021,52,55,367,488 
464	282,286,230,7,137,423,369,1066,464,956 
465	481,244,766,198,802,1082,299,946,681,106 
466	38,279,204,293,862,371,100,497,128,369 
467	613,351,181,168,452,798,320,145,479,277 
468	314,38,280,249,245,479,122,231,266,150 
469	797,124,334,748,319,360,491,255,355,315 
470	277,659,160,14,245,199,98,650,747,72 
471	442,349,84,168,351,539,862,494,242,365 
472	7,100,589,447,22,81,442,432,584,762 
473	580,168,14,497,650,160,151,217,224,155 
474	806,351,94,87,224,586,532,240,662,237 
475	97,862,890,245,14,535,277,953,270,186 
476	367,731,96,342,1151,443,639,7,516,189 
477	277,578,580,4,736,220,687,613,461,186 
478	286,221,337,183,193,639,956,581,723,270 
479	81,277,145,245,150,140,438,972,279,163 
480	31,27,282,606,221,183,980,218,270,378 
481	442,972,137,531,355,122,424,479,855,565 
482	378,543,342,286,978,367,96,341,31,567 
483	513,403,1151,472,598,690,172,133,1034,183 
484	418,39,264,606,956,5,626,581,629,327 
485	204,438,14,168,242,122,497,199,175,972 
486	231,157,221,270,137,19,634,108,268,220 
487	14,442,145,972,565,265,890,424,549,497 
488	98,224,686,565,659,4,14,452,852,79 
489	231,316,234,277,216,14,191,168,112,16 
490	157,369,767,149,550,282,268,258,662,1008 
491	193,846,39,218,58,668,608,183,834,754 
492	233,270,862,220,186,687,997,201,4,276 
493	351,168,100,320,452,81,78,128,35,807 
494	531,277,157,371,862,855,199,245,285,424 
495	342,539,96,950,198,349,151,11,911,266 
496	155,369,627,270,224,108,520,165,371,378 
497	286,337,264,846,96,378,849,980,635,668 
498	759,426,629,39,195,1093,606,956,238,327 
499	140,45,554,65,78,806,97,108,578,276 
500	157,221,627,423,378,1021,268,186,767,52 
501	286,635,626,828,759,1103,399,31,814,608 
502	137,282,578,165,767,220,554,880,199,603 
503	216,862,4,175,150,894,162,266,229,168 
504	753,992,403,250,86,690,172,189,1034,176 
505	970,742,648,1035,740,595,244,299,561,440 
506	4,140,89,336,303,480,237,589,371,41 
507	89,447,798,303,293,681,100,452,442,584 
508	280,279,369,314,21,270,282,94,890,277 
509	369,953,220,549,138,535,107,199,687,1003 
510	451,314,255,1155,269,774,1108,279,34,431 
511	112,777,852,150,681,995,285,234,128,694 
512	369,230,279,204,237,97,255,371,554,276 
513	997,442,355,894,151,234,35,424,231,202 
514	803,575,494,263,972,140,231,580,1028,355 
515	193,337,606,846,956,218,626,635,759,58 
516	282,627,270,280,395,268,475,674,191,108 
517	7,21,627,270,268,303,165,204,79,89 
518	106,259,221,382,351,650,98,32,77,767 
519	543,286,451,41,8,101,1116,978,1052,970 
520	30,137,279,580,650,613,890,21,97,497 
521	280,231,369,862,199,30,565,245,270,285 
522	157,303,233,314,862,282,245,31,122,277 
523	465,36,489,376,1135,543,158,1082,958,34 
524	101,231,970,341,96,8,893,427,157,440 
525	613,531,249,479,170,369,84,81,659,245 
526	137,230,155,279,96,741,186,191,21,165 
527	231,221,157,431,137,279,627,650,140,97 
528	451,204,78,342,481,140,371,89,766,230 
529	221,230,279,137,201,97,191,276,423,451 
530	953,14,21,265,19,97,217,972,442,168 
531	157,351,216,52,378,186,19,1021,199,639 
532	329,4,217,163,160,151,479,391,253,199 
533	799,204,789,675,9,469,893,231,7,279 
534	320,480,927,681,1025,803,413,150,242,170 
535	303,7,100,81,365,1000,154,168,575,772 
536	94,282,31,149,520,554,618,201,650,19 
537	7,155,279,137,183,186,423,674,108,52 
538	4,151,183,175,162,613,100,479,181,163 
539	442,145,160,438,35,137,855,14,660,497 
540	904,481,512,757,1132,517,791,946,161,1172 
541	45,980,303,216,234,497,438,151,162,355 
542	418,1093,31,882,629,399,1116,870,956,264 
543	591,731,86,1021,513,753,403,639,992,488 
544	231,157,155,382,423,627,94,276,395,108 
545	137,14,253,160,894,89,369,391,329,660 
546	855,438,217,14,151,953,497,150,160,199 
547	7,442,145,4,30,202,35,199,497,265 
548	282,183,94,980,280,639,378,443,19,846 
549	157,221,230,282,155,270,224,554,603,929 
550	231,279,280,7,282,137,21,674,520,464 
551	175,613,279,479,580,481,168,124,162,281 
552	231,7,282,280,369,431,627,650,276,520 
553	14,168,972,578,638,216,191,199,107,89 
554	314,89,447,927,129,432,762,198,141,93 
555	124,862,128,266,479,665,145,452,613,273 
556	137,253,438,30,67,894,650,497,479,855 
557	731,980,753,992,612,690,598,1151,189,688 
558	280,855,282,249,6,442,150,183,230,253 
559	168,89,479,438,217,277,253,424,137,452 
560	231,157,155,230,279,94,1021,674,741,108 
561	337,193,606,846,635,956,5,759,629,322 
562	280,451,277,237,349,97,452,650,539,1105 
563	31,193,264,828,5,635,626,759,629,322 
564	314,7,280,797,145,277,580,151,452,424 
565	355,160,131,275,106,336,995,16,494,799 
566	231,282,7,87,431,767,97,191,108,618 
567	282,280,369,94,279,140,980,45,520,108 
568	802,799,20,224,285,59,694,280,155,695 
569	231,7,221,282,230,97,27,264,627,191 
570	7,45,303,137,293,122,220,277,199,660 
571	231,221,157,280,369,155,650,27,186,554 
572	799,282,675,52,47,695,689,268,131,112 
573	168,320,249,494,7,798,438,310,972,747 
574	140,799,231,137,748,7,659,438,199,175 
575	137,183,282,19,21,245,216,953,639,277 
576	231,221,282,7,369,31,423,520,108,603 
577	255,480,972,230,580,497,84,650,224,22 
578	31,264,635,626,759,846,956,629,581,1116 
579	231,157,221,230,431,279,45,634,220,336 
580	151,67,168,163,855,438,329,253,6,925 
581	286,828,426,31,629,195,1103,104,399,525 
582	378,342,41,543,783,465,648,101,339,708 
583	231,155,369,94,382,96,183,650,639,395 
584	31,7,183,423,201,80,369,431,443,96 
585	7,137,231,862,613,157,249,199,438,217 
586	263,81,168,452,181,575,365,277,447,273 
587	355,442,340,419,265,35,216,563,151,229 
588	183,286,1021,606,193,639,367,342,741,731 
589	403,472,172,133,1034,367,183,496,31,978 
590	231,157,221,230,282,369,155,7,279,201 
591	181,38,843,531,681,117,803,320,216,659 
592	894,168,163,391,925,35,660,265,807,6 
593	221,369,94,431,280,279,554,276,108,395 
594	264,193,606,39,218,183,1021,668,608,581 
595	797,112,100,129,280,320,38,354,789,355 
596	613,953,997,797,442,438,202,424,242,479 
597	280,371,242,531,438,31,277,30,266,151 
598	862,438,72,316,452,122,150,35,128,497 
599	797,181,442,131,659,141,589,681,154,162 
600	6,100,953,141,894,481,78,145,438,351 
601	7,1021,282,96,606,378,264,137,230,155 
602	798,84,293,203,432,72,81,168,1038,1000 
603	665,852,413,706,284,447,234,285,1028,442 
604	140,145,894,479,151,137,997,424,807,391 
605	442,168,145,580,277,253,438,480,497,175 
606	19,282,578,767,252,618,233,336,224,237 
607	286,183,193,378,39,759,828,980,606,443 
608	337,193,264,606,828,581,626,759,629,322 
609	766,224,140,52,455,675,231,995,777,730 
610	279,95,272,535,107,329,340,442,19,160 
611	980,606,183,337,846,608,58,828,5,443 
612	230,87,268,929,75,650,108,19,224,292 
613	336,351,369,231,168,531,78,565,220,191 
614	912,423,56,382,958,964,155,369,232,627 
615	39,264,828,956,218,418,183,58,668,980 
616	31,193,608,5,635,626,629,759,327,218 
617	151,531,160,894,277,217,925,120,890,497 
618	451,279,1021,230,155,45,371,270,191,19 
619	231,221,157,94,431,7,423,554,650,475 
620	314,862,140,30,145,14,89,217,497,355 
621	6,140,100,160,320,351,452,479,371,163 
622	193,39,264,814,1093,914,1011,498,450,734 
623	140,293,660,95,1003,369,246,242,391,736 
624	202,137,531,890,479,355,329,972,438,265 
625	202,160,953,122,442,220,797,100,14,855 
626	531,217,145,168,265,272,199,14,329,972 
627	168,660,329,202,549,145,253,497,199,972 
628	382,1046,336,89,237,627,4,224,932,233 
629	242,168,613,124,479,266,972,803,84,245 
630	1021,443,96,137,606,279,367,668,39,270 
631	264,193,337,606,846,956,581,218,626,635 
632	193,337,39,606,828,956,581,218,327,629 
633	45,204,94,100,52,89,270,255,21,789 
634	45,336,150,145,128,280,351,249,894,163 
635	314,303,797,531,89,168,145,122,163,277 
636	972,442,531,580,216,155,424,659,79,220 
637	286,337,193,606,264,608,418,581,626,15 
638	329,862,4,163,438,140,14,479,175,217 
639	78,378,266,539,45,55,438,320,442,151 
640	31,635,193,378,626,342,367,426,104,1116 
641	7,157,155,137,31,94,270,191,204,382 
642	234,336,589,279,665,131,204,438,170,242 
643	7,45,97,94,220,31,233,183,613,216 
644	231,157,270,282,369,280,19,186,75,395 
645	231,157,282,279,94,270,627,650,96,108 
646	262,1151,733,1093,313,978,99,598,367,608 
647	230,94,369,280,279,80,443,639,520,674 
648	27,193,157,218,96,639,39,443,377,718 
649	314,237,268,155,233,224,201,277,87,932 
650	55,992,753,403,1151,1034,427,690,612,262 
651	765,543,799,774,101,36,745,893,77,260 
652	181,797,539,38,349,131,1025,117,293,584 
653	31,157,980,183,137,369,204,55,159,688 
654	342,183,1021,427,731,893,978,690,1034,944 
655	193,418,264,608,635,626,581,759,629,849 
656	231,221,282,137,94,280,201,19,264,464 
657	351,168,137,442,531,479,151,234,217,100 
658	774,783,893,648,1132,341,1035,740,1180,1172 
659	391,265,163,613,137,563,160,797,921,807 
660	216,21,157,220,265,145,19,424,97,199 
661	797,72,294,355,927,349,405,531,360,86 
662	264,337,828,608,5,218,581,27,327,626 
663	221,157,282,270,634,627,464,378,650,614 
664	791,708,595,376,757,543,970,783,247,235 
665	286,39,606,608,635,5,581,759,629,58 
666	100,480,316,242,681,762,129,128,911,452 
667	221,650,255,220,233,890,100,282,461,613 
668	193,846,27,668,718,377,854,58,962,828 
669	193,606,39,828,183,58,668,834,608,581 
670	606,183,193,1021,39,956,337,639,828,751 
671	31,286,608,635,629,5,264,626,195,581 
672	45,336,122,613,864,807,253,181,452,281 
673	45,265,249,890,220,14,107,277,21,199 
674	852,531,565,280,4,137,748,747,361,457 
675	980,606,193,218,668,231,956,378,926,471 
676	802,16,78,106,774,446,777,1180,124,740 
677	231,282,155,201,183,108,165,371,634,578 
678	852,234,166,9,275,310,273,362,336,351 
679	7,580,202,369,549,277,138,145,14,107 
680	797,282,789,150,131,124,303,766,266,175 
681	766,7,802,282,78,106,16,799,52,191 
682	766,16,742,20,72,469,451,783,228,745 
683	138,391,797,355,163,140,14,666,202,438 
684	286,606,39,956,668,58,828,337,377,471 
685	193,635,31,828,626,39,1093,629,195,104 
686	38,280,67,137,862,953,650,265,497,199 
687	314,802,72,16,224,694,675,659,371,128 
688	7,282,155,221,230,627,96,674,367,159 
689	293,303,336,280,249,151,100,438,894,855 
690	890,613,329,894,216,277,279,921,1003,563 
691	465,567,904,791,1132,376,528,196,757,958 
692	140,279,293,272,19,157,277,4,145,687 
693	55,378,731,250,342,286,639,86,1151,172 
694	451,314,140,342,1021,255,639,186,893,124 
695	438,230,371,145,277,224,253,580,150,972 
696	303,953,336,862,217,137,272,351,391,100 
697	202,797,14,442,160,890,30,21,107,285 
698	742,196,247,1135,979,386,648,339,1108,299 
699	797,293,766,106,320,285,16,112,131,160 
700	78,570,320,487,349,1127,480,927,995,160 
701	286,606,193,39,218,183,377,1171,962,980 
702	41,96,1021,183,512,481,742,543,878,8 
703	378,342,1021,41,427,639,978,7,543,893 
704	280,100,279,580,369,231,90,249,659,285 
705	7,155,280,221,94,87,371,674,52,431 
706	264,606,956,5,581,629,759,322,814,109 
707	591,250,513,612,690,472,598,176,1151,262 
708	753,86,980,690,1151,367,172,183,176,262 
709	337,264,828,608,5,635,626,327,759,629 
710	230,279,233,165,108,767,627,336,423,237 
711	231,216,277,249,220,265,242,160,168,972 
712	31,753,690,1151,367,183,403,612,176,286 
713	67,480,168,89,613,163,280,140,253,72 
714	798,950,665,452,531,145,659,280,154,128 
715	140,230,89,197,650,94,255,151,168,797 
716	293,52,777,112,481,995,320,259,285,45 
717	84,124,100,494,452,351,242,90,539,950 
718	279,151,1003,145,613,220,736,897,97,168 
719	591,86,612,262,598,189,472,690,1034,944 
720	250,513,472,690,172,262,133,176,805,378 
721	299,451,740,34,431,634,269,1052,230,792 
722	231,157,369,270,280,282,94,279,165,603 
723	193,606,39,218,828,58,668,608,834,581 
724	731,1151,690,598,472,189,1034,133,176,31 
725	231,157,221,137,431,38,186,87,224,613 
726	285,660,316,650,160,580,972,351,659,79 
727	418,828,39,759,608,195,264,849,322,642 
728	665,469,150,491,7,285,154,161,777,310 
729	7,589,303,131,242,531,681,78,452,154 
730	369,7,279,94,87,201,423,224,674,45 
731	270,7,38,201,586,268,137,108,806,89 
732	78,175,131,531,681,494,128,6,336,170 
733	221,157,155,627,282,662,393,252,680,1176 
734	337,193,39,418,606,608,635,626,759,322 
735	980,591,250,690,992,598,176,472,172,944 
736	369,230,140,279,451,314,224,52,108,648 
737	797,539,198,911,242,170,1025,447,584,84 
738	193,635,820,264,606,882,1093,581,399,869 
739	451,89,181,255,480,38,354,151,378,774 
740	87,627,270,634,431,614,191,520,767,475 
741	89,151,168,972,371,97,438,555,480,217 
742	7,45,78,303,481,204,613,151,128,798 
743	100,613,245,163,181,894,140,855,807,145 
744	181,38,198,442,78,175,843,216,681,762 
745	7,314,279,280,140,303,78,14,234,497 
746	4,890,265,531,497,14,217,797,424,138 
747	980,94,97,96,155,639,19,193,668,846 
748	7,242,451,183,137,355,234,231,266,128 
749	7,38,279,140,216,438,277,89,424,204 
750	183,606,137,157,96,639,230,55,854,58 
751	145,862,480,807,216,351,452,316,925,22 
752	286,626,39,629,426,195,264,606,956,914 
753	980,157,378,639,27,80,280,230,201,1066 
754	217,100,479,168,150,266,72,67,807,371 
755	371,234,253,316,438,4,294,14,479,842 
756	41,567,101,8,595,528,427,708,36,1021 
757	39,828,606,608,626,759,629,956,5,814 
758	766,78,106,59,259,282,314,140,369,777 
759	221,157,634,155,282,382,230,149,543,554 
760	140,613,231,216,660,249,272,14,120,972 
761	314,480,151,589,131,1042,772,316,1004,911 
762	320,170,7,589,413,911,175,1028,78,491 
763	181,613,78,128,659,316,141,855,253,266 
764	21,650,265,660,220,369,242,497,246,199 
765	31,418,264,626,759,846,956,1116,183,27 
766	992,250,472,598,1151,172,1034,715,183,313 
767	193,828,264,635,956,629,846,581,5,1116 
768	286,27,980,39,834,1066,639,7,615,1178 
769	231,280,369,155,137,650,613,165,1043,199 
770	766,802,106,799,78,155,694,730,689,137 
771	282,157,627,7,201,382,259,19,689,186 
772	89,45,237,632,349,154,160,224,94,589 
773	369,270,94,431,382,650,191,224,75,929 
774	369,155,270,279,382,137,224,108,618,165 
775	7,4,140,351,160,613,89,220,151,90 
776	269,231,41,774,155,561,465,359,431,481 
777	78,216,253,894,128,141,452,351,807,480 
778	193,337,218,5,418,27,58,327,668,751 
779	264,337,39,606,828,626,581,218,327,759 
780	846,1021,639,980,953,137,862,853,580,218 
781	340,531,265,613,272,280,355,216,145,107 
782	606,828,5,218,27,608,418,58,183,1057 
783	193,39,606,956,581,635,626,759,629,327 
784	234,160,293,354,175,154,1042,100,432,927 
785	124,181,797,355,128,204,512,160,150,659 
786	7,151,480,89,170,84,803,231,263,589 
787	31,286,39,668,55,846,58,956,828,690 
788	946,1132,36,196,260,757,1135,920,1108,1155 
789	451,4,38,273,131,665,129,303,78,479 
790	650,953,220,122,230,145,535,265,272,972 
791	280,137,423,87,627,191,554,603,1021,165 
792	38,336,293,137,369,613,157,220,972,249 
793	100,650,137,972,438,497,151,890,22,747 
794	67,249,89,972,122,438,100,14,202,480 
795	78,766,802,155,204,7,259,334,9,797 
796	193,606,337,39,846,5,581,626,635,759 
797	378,1021,7,231,183,639,893,8,286,742 
798	286,39,606,956,5,608,626,635,581,58 
799	286,39,834,615,668,734,718,828,1171,776 
800	418,828,39,626,629,608,264,399,1103,490 
801	953,175,479,168,862,122,659,279,807,81 
802	231,221,280,279,270,627,382,520,204,21 
803	183,157,286,639,27,193,80,94,155,201 
804	314,38,45,336,316,14,168,442,452,894 
805	279,14,4,531,277,497,89,199,555,97 
806	31,378,231,443,80,741,367,451,27,137 
807	627,369,766,157,280,799,16,191,689,675 
808	157,431,94,87,230,149,618,299,75,279 
809	31,250,731,183,86,193,176,337,612,39 
810	293,451,45,336,766,224,216,438,789,825 
811	1021,231,342,451,282,741,157,193,264,94 
812	549,265,442,531,145,391,231,220,797,35 
813	137,230,280,270,369,201,155,87,186,627 
814	950,432,911,927,354,365,1004,100,681,770 
815	216,442,329,4,202,163,391,925,265,272 
816	157,7,280,431,369,423,634,149,382,443 
817	314,279,797,234,100,151,168,531,972,266 
818	282,94,7,87,423,186,554,520,75,149 
819	231,157,221,230,270,87,650,276,165,578 
820	224,168,308,160,452,52,231,638,353,175 
821	731,250,591,367,598,980,513,172,690,133 
822	157,282,94,31,279,270,201,191,224,382 
823	233,95,231,120,650,97,265,719,277,982 
824	27,286,846,668,956,980,854,54,1171,723 
825	39,264,606,608,626,635,581,759,629,58 
826	55,591,250,86,513,690,403,172,598,189 
827	997,217,242,650,855,145,202,972,424,19 
828	157,369,87,431,270,279,554,224,395,650 
829	21,220,221,855,371,199,186,204,122,224 
830	221,282,369,94,280,137,554,650,65,149 
831	231,157,7,221,155,431,451,276,108,21 
832	282,137,94,264,606,230,218,19,834,140 
833	337,193,264,846,956,5,635,626,322,1011 
834	221,382,230,627,270,56,65,224,740,41 
835	231,157,221,94,87,97,554,224,618,929 
836	337,418,635,626,828,882,31,820,195,608 
837	591,731,86,513,612,472,176,335,1021,1088 
838	378,970,341,342,765,8,427,440,528,708 
839	193,418,606,956,581,626,635,759,629,322 
840	279,157,19,613,265,535,1003,497,120,736 
841	7,38,45,303,336,4,202,369,249,160 
842	39,846,956,1021,5,608,581,635,626,759 
843	613,157,233,277,660,535,107,120,199,687 
844	145,613,168,277,351,481,266,452,894,30 
845	168,580,160,479,438,855,217,67,452,231 
846	231,230,7,369,137,155,276,520,31,527 
847	242,168,124,452,245,438,497,170,128,266 
848	862,890,265,97,245,107,216,199,687,497 
849	479,280,245,279,613,140,452,163,128,253 
850	382,634,423,280,767,279,618,252,603,258 
851	1028,203,355,303,911,442,494,584,168,145 
852	567,708,946,36,34,451,465,528,1132,1172 
853	253,613,972,22,481,438,803,953,494,122 
854	286,418,828,626,378,96,55,1093,342,367 
855	193,606,218,608,58,27,418,668,183,212 
856	221,230,94,137,423,464,87,186,520,530 
857	489,542,1135,1035,740,765,446,1155,1052,1180 
858	230,351,65,155,880,237,932,586,282,662 
859	286,193,980,956,1021,1066,377,80,1178,1171 
860	157,221,230,282,382,7,423,224,554,464 
861	1021,96,606,80,741,443,193,157,5,367 
862	659,531,81,175,84,150,494,539,253,360 
863	27,137,183,606,193,834,639,54,956,201 
864	280,369,89,351,277,221,216,197,890,452 
865	286,635,264,31,820,1093,606,426,814,882 
866	72,224,681,155,316,371,303,659,277,349 
867	282,183,137,94,378,369,286,264,193,87 
868	216,277,145,151,369,233,157,138,972,391 
869	31,418,193,846,635,626,956,5,759,581 
870	567,489,1172,595,260,1135,1108,740,765,446 
871	543,244,36,196,958,376,904,742,1172,269 
872	481,4,797,354,762,911,100,160,320,681 
873	193,39,635,956,820,5,629,626,264,1116 
874	279,45,31,230,97,197,855,191,199,220 
875	7,38,280,140,293,580,234,438,282,168 
876	282,1021,230,155,423,96,97,193,39,80 
877	31,7,96,231,286,282,367,157,159,197 
878	38,216,369,797,168,160,202,89,220,100 
879	249,531,355,479,100,231,137,890,894,369 
880	264,193,846,608,5,27,418,668,327,626 
881	231,157,230,280,279,137,201,224,276,237 
882	157,221,94,140,650,674,108,520,268,614 
883	539,100,665,349,6,294,128,162,452,154 
884	314,122,953,336,242,216,442,894,355,497 
885	55,86,753,403,980,516,378,31,82,1088 
886	314,140,72,100,369,613,438,230,175,151 
887	843,78,480,100,303,154,129,911,6,494 
888	7,231,342,282,1021,183,731,279,86,157 
889	279,369,230,201,855,351,31,155,204,100 
890	183,1021,980,378,155,80,639,94,87,97 
891	231,279,140,369,371,221,16,351,41,336 
892	369,282,431,382,280,97,395,650,618,929 
893	175,351,137,242,253,369,316,6,659,862 
894	337,286,828,626,629,1093,608,1103,195,264 
895	193,606,39,27,218,834,58,183,668,608 
896	168,145,862,253,163,479,438,807,6,35 
897	14,221,67,862,201,107,245,216,890,565 
898	231,157,282,31,155,270,627,27,606,286 
899	7,234,151,451,160,349,303,336,798,279 
900	137,221,282,606,980,718,230,19,431,741 
901	7,31,157,183,96,221,280,367,60,186 
902	280,181,140,253,452,145,277,894,81,803 
903	193,195,828,426,525,606,992,1116,1093,980 
904	802,20,481,995,98,336,175,694,150,181 
905	30,280,336,137,21,265,220,145,19,107 
906	314,279,204,371,100,613,481,14,96,128 
907	802,742,9,681,198,155,852,334,369,950 
908	591,86,472,598,1151,172,133,980,1034,378 
909	418,828,626,264,608,629,956,846,5,1093 
910	480,131,100,170,150,303,911,531,354,432 
911	36,542,757,595,742,543,1035,1108,269,386 
912	157,451,627,282,140,765,78,929,149,186 
913	150,798,479,141,953,316,280,22,613,665 
914	7,96,367,204,1021,639,282,279,78,787 
915	843,681,320,659,154,803,442,129,198,150 
916	314,7,4,45,336,355,168,277,855,84 
917	191,438,249,201,277,855,580,638,424,497 
918	531,217,145,160,894,202,497,35,199,231 
919	369,282,94,431,201,650,268,108,75,618 
920	151,45,665,950,145,843,351,953,162,279 
921	279,230,16,137,77,378,59,268,96,342 
922	14,216,249,220,797,424,265,497,660,122 
923	606,39,828,418,218,27,58,581,327,734 
924	451,314,198,927,151,447,480,38,355,342 
925	7,282,280,155,980,19,270,342,276,165 
926	618,268,201,336,292,237,224,19,165,372 
927	7,231,1021,280,639,157,893,970,97,11 
928	791,543,595,465,489,196,904,757,1172,376 
929	286,418,193,828,820,629,195,399,525,1169 
930	45,97,87,220,186,191,627,767,14,520 
931	472,598,1151,189,980,401,183,496,96,427 
932	314,45,280,230,303,89,98,371,972,253 
933	7,314,282,94,201,87,106,237,382,112 
934	753,513,992,690,172,1151,176,262,96,688 
935	591,250,86,1151,262,598,472,189,1034,176 
936	16,72,20,797,161,259,316,155,47,748 
937	249,145,217,89,277,438,497,14,128,150 
938	580,231,438,953,122,277,160,217,253,266 
939	438,452,480,151,481,100,150,14,35,894 
940	264,27,282,1021,7,157,668,137,718,54 
941	72,100,168,150,580,894,253,6,481,277 
942	157,1021,183,639,264,378,193,218,87,741 
943	231,157,221,31,230,1021,201,639,520,224 
944	369,87,423,252,618,97,186,45,1043,358 
945	231,230,766,78,799,157,259,268,695,98 
946	231,282,369,279,94,423,634,603,165,108 
947	124,181,78,293,349,589,117,665,216,279 
948	320,98,285,280,995,825,249,140,852,777 
949	286,846,834,854,58,39,5,962,734,639 
950	94,183,230,280,264,606,639,378,193,834 
951	451,96,1021,639,280,282,731,78,688,789 
952	89,242,1028,911,81,203,154,175,129,84 
953	231,45,157,137,351,613,221,293,199,145 
954	31,231,7,282,1021,378,606,155,19,60 
955	157,282,378,221,137,280,27,264,846,1066 
956	38,314,303,280,277,442,202,217,497,199 
957	216,245,242,100,89,479,22,890,481,438 
958	6,122,855,78,479,438,253,864,371,862 
959	253,14,231,452,128,145,371,155,224,497 
960	286,606,193,27,956,834,58,980,734,723 
961	168,145,160,140,253,277,855,351,100,137 
962	157,137,230,270,578,554,38,634,580,108 
963	280,140,183,204,1021,639,342,217,497,199 
964	183,280,96,1021,369,45,197,19,52,221 
965	140,314,279,282,52,351,191,802,893,186 
966	231,451,45,369,183,797,14,100,97,650 
967	124,539,797,160,1025,584,10,432,128,531 
968	591,250,86,1151,262,172,598,189,1034,133 
969	168,797,480,216,613,279,231,89,563,497 
970	72,145,452,137,329,580,122,6,424,30 
971	543,232,512,765,244,359,324,196,221,791 
972	231,27,606,286,846,1021,218,157,80,97 
973	293,589,170,681,442,447,129,432,81,84 
974	157,94,137,431,280,270,155,423,634,650 
975	286,193,183,956,639,5,221,718,962,1178 
976	27,1021,846,39,639,96,282,5,54,137 
977	481,7,41,964,543,765,369,792,263,283 
978	442,890,140,480,81,613,202,35,329,563 
979	7,231,279,282,96,191,342,741,293,80 
980	89,798,442,263,22,203,452,320,659,762 
981	286,846,218,668,58,1021,5,1066,615,337 
982	7,231,481,970,78,1155,45,341,72,269 
983	157,282,155,140,270,97,191,96,674,21 
984	231,157,369,137,224,94,38,431,87,78 
985	369,155,279,201,19,45,276,423,520,314 
986	100,145,589,442,950,1028,120,580,497,91 
987	279,186,220,255,21,89,19,100,972,191 
988	7,314,451,96,137,14,481,72,217,242 
989	181,4,531,129,303,665,316,160,162,1121 
990	442,371,72,580,855,175,242,14,245,972 
991	1021,96,639,282,443,80,741,193,27,58 
992	337,193,39,31,635,606,846,581,956,820 
993	128,613,160,131,798,204,141,294,625,242 
994	145,277,442,890,217,497,438,220,479,391 
995	7,512,124,198,72,589,38,273,405,45 
996	7,280,155,230,224,191,157,303,52,245 
997	231,7,230,369,282,280,270,140,431,165 
998	157,282,155,423,634,201,276,395,603,165 
999	204,481,38,224,355,438,342,351,766,117 
1000	862,145,580,163,100,67,351,175,452,128 
1001	7,231,980,97,19,122,265,201,855,997 
1002	4,549,138,231,442,160,151,265,479,972 
1003	481,160,354,911,1028,355,1025,129,491,452 
1004	369,438,224,14,124,151,266,497,168,230 
1005	38,953,30,140,4,137,160,855,329,199 
1006	613,660,151,997,234,272,630,175,864,340 
1007	7,140,431,45,97,204,351,276,423,371 
1008	591,731,86,403,992,612,472,172,176,335 
1009	183,264,231,7,846,80,96,58,5,718 
1010	45,157,369,580,613,220,233,277,199,4 
1011	606,193,27,218,956,834,1021,377,1066,723 
1012	157,314,282,155,201,336,31,1021,14,220 
1013	137,280,369,31,431,279,96,520,980,1021 
1014	55,591,731,86,992,1151,172,189,262,367 
1015	314,38,45,293,140,4,438,855,122,175 
1016	279,650,97,613,246,497,687,230,736,95 
1017	451,204,96,282,766,231,802,980,1151,799 
1018	451,342,41,286,543,31,55,337,183,893 
1019	280,293,855,242,89,217,497,137,224,141 
1020	263,589,293,432,100,7,491,452,362,659 
1021	277,580,438,145,4,797,89,52,78,497 
1022	4,266,242,442,438,855,378,953,72,342 
1023	367,86,612,1151,766,516,513,451,802,183 
1024	803,736,122,234,280,719,900,442,563,89 
1025	181,442,803,843,170,216,84,479,22,659 
1026	7,41,157,342,512,369,1021,279,765,96 
1027	766,20,259,155,282,280,675,543,230,469 
1028	481,7,234,539,170,665,803,22,351,447 
1029	766,799,77,259,57,367,745,446,250,774 
1030	31,451,96,639,193,286,314,39,337,204 
1031	151,279,234,613,253,747,481,494,564,154 
1032	100,589,84,22,242,81,432,494,168,681 
1033	591,31,980,378,690,513,753,403,342,978 
1034	7,279,87,140,204,224,96,191,97,675 
1035	38,4,481,124,181,140,175,659,170,320 
1036	231,157,140,137,627,191,674,165,730,199 
1037	280,204,140,279,89,369,438,198,336,893 
1038	38,862,953,122,137,890,242,249,650,391 
1039	367,591,86,1151,403,427,1034,82,262,451 
1040	45,277,145,282,30,855,972,202,997,122 
1041	193,39,828,264,606,629,759,5,195,450 
1042	231,7,369,279,282,140,224,204,634,14 
1043	55,980,731,591,250,513,183,176,1151,193 
1044	193,606,337,828,418,27,581,58,327,1057 
1045	314,7,78,72,181,659,798,452,131,145 
1046	231,7,221,279,137,270,627,224,520,395 
1047	231,221,369,155,282,280,87,650,186,48 
1048	94,237,186,431,578,862,168,204,627,78 
1049	231,31,157,137,980,280,94,155,96,443 
1050	155,9,789,336,59,455,231,308,17,150 
1051	145,140,479,122,351,803,249,128,150,22 
1052	469,789,1031,783,57,451,198,937,47,319 
1053	378,55,7,96,427,86,183,639,753,189 
1054	140,231,789,351,137,100,216,627,201,855 
1055	580,145,163,175,150,438,253,329,128,277 
1056	418,31,39,828,759,606,629,581,956,5 
1057	27,193,1021,846,218,282,956,378,854,54 
1058	7,231,157,31,230,183,201,378,270,224 
1059	38,160,681,78,442,175,128,117,150,84 
1060	446,783,1132,1135,260,196,517,979,542,595 
1061	231,7,157,282,980,155,221,140,19,650 
1062	355,442,168,479,894,35,890,202,272,972 
1063	286,193,39,846,218,581,327,626,635,58 
1064	355,277,862,894,35,972,78,199,67,659 
1065	234,273,175,112,413,852,539,154,442,166 
1066	231,369,155,279,137,94,201,186,674,268 
1067	140,843,452,531,175,154,150,277,145,285 
1068	145,242,438,151,452,953,100,128,277,6 
1069	4,45,480,89,277,124,803,253,438,659 
1070	580,145,224,371,220,191,972,19,531,78 
1071	231,157,7,221,230,94,87,97,520,48 
1072	369,282,7,87,382,201,554,276,603,618 
1073	803,316,154,589,491,442,432,452,175,365 
1074	7,279,140,45,96,201,197,100,580,21 
1075	378,41,231,742,970,648,367,31,204,159 
1076	286,1021,282,639,218,846,80,741,377,828 
1077	286,218,80,668,741,846,96,27,264,1088 
1078	337,31,264,608,846,327,1116,621,642,915 
1079	469,253,480,112,852,452,249,613,625,491 
1080	145,220,890,30,282,202,233,424,191,797 
1081	438,234,100,253,137,151,78,72,659,371 
1082	193,39,606,418,608,759,183,626,581,58 
1083	221,137,280,264,27,639,193,279,668,21 
1084	193,828,606,608,759,956,629,5,814,849 
1085	286,193,759,828,1093,820,629,39,525,399 
1086	264,193,606,39,608,27,581,1057,834,751 
1087	369,282,279,137,224,276,108,520,395,464 
1088	336,78,613,480,659,162,452,438,855,217 
1089	31,980,183,231,96,282,443,157,80,688 
1090	231,221,157,282,369,155,7,423,31,520 
1091	7,94,423,186,31,464,554,767,1021,674 
1092	230,442,204,371,855,160,497,224,452,316 
1093	39,418,846,956,5,626,759,581,629,218 
1094	7,314,862,613,217,953,650,497,168,442 
1095	480,170,843,72,360,84,22,45,273,277 
1096	797,216,336,242,442,145,128,479,183,197 
1097	337,828,418,608,218,581,327,58,27,635 
1098	369,270,94,431,627,186,276,767,520,268 
1099	293,266,862,371,175,145,438,452,117,589 
1100	193,378,183,39,96,451,635,626,418,849 
1101	45,21,627,38,554,220,108,233,618,603 
1102	731,612,1151,262,172,980,944,805,37,343 
1103	140,279,280,175,277,100,145,972,798,310 
1104	31,55,183,1021,86,690,1151,342,513,753 
1105	469,140,7,481,128,4,802,310,442,112 
1106	157,221,7,280,94,201,554,578,1043,48 
1107	342,124,893,96,427,367,561,1025,513,117 
1108	337,820,1093,1103,608,814,956,322,846,1086 
1109	231,7,221,280,431,96,378,23,220,527 
1110	55,96,183,731,7,591,31,639,86,612 
1111	27,606,157,286,221,137,94,956,718,741 
1112	264,7,221,183,286,1021,230,668,201,718 
1113	606,193,27,846,218,668,58,231,1066,741 
1114	231,279,280,201,382,270,191,52,204,1043 
1115	157,280,31,423,137,1021,96,382,650,19 
1116	279,45,266,96,128,342,855,862,145,798 
1117	221,155,87,423,279,443,606,286,1066,204 
1118	157,270,280,201,19,767,45,520,233,1043 
1119	542,376,1052,1035,440,774,247,269,299,912 
1120	31,337,96,193,55,427,828,759,39,418 
1121	369,155,270,279,140,224,395,650,149,603 
1122	378,7,742,561,543,247,341,970,231,904 
1123	7,38,191,220,351,14,216,580,371,303 
1124	193,606,39,337,218,58,27,668,615,418 
1125	7,78,150,181,316,798,659,131,266,497 
1126	580,100,168,480,280,481,351,81,452,35 
1127	286,606,39,27,828,337,183,377,608,663 
1128	378,55,183,367,639,731,591,980,690,741 
1129	7,155,94,137,980,378,140,741,19,451 
