0	178,23,320,280,505,442,265,272,489,84 
1	5,4,445,208,84,268,180,675,146,156 
2	201,29,64,58,178,233,439,320,323,0 
3	29,119,445,341,225,329,80,180,606,88 
4	29,60,75,505,33,45,541,280,455,403 
5	43,11,56,101,119,45,194,95,179,208 
6	249,341,505,60,34,113,84,165,537,128 
7	11,158,119,141,250,485,117,462,249,521 
8	29,638,341,833,498,302,33,337,77,485 
9	4,128,74,233,455,505,657,77,350,219 
10	338,86,550,633,272,535,704,34,395,494 
11	341,104,214,180,125,77,268,267,657,438 
12	341,5,75,157,215,70,541,429,88,537 
13	249,174,80,101,165,183,56,329,445,138 
14	268,400,151,240,351,95,365,66,179,72 
15	174,154,438,104,158,190,151,184,365,329 
16	241,108,498,97,11,204,560,80,351,83 
17	323,208,510,352,95,420,174,70,280,484 
18	183,224,70,215,510,84,34,603,267,537 
19	268,128,214,104,205,302,84,137,89,489 
20	119,11,60,45,197,33,278,88,450,89 
21	205,74,455,4,215,146,547,33,230,181 
22	183,119,60,29,505,233,215,619,402,606 
23	224,450,603,280,88,75,43,70,174,178 
24	119,249,80,629,280,560,510,34,395,267 
25	233,341,108,4,128,97,75,302,98,33 
26	811,769,490,23,258,410,583,48,831,868 
27	341,205,119,429,619,137,202,418,259,833 
28	498,268,43,638,101,241,438,190,135,351 
29	80,341,28,445,619,75,629,505,84,56 
30	97,113,75,197,278,241,183,215,74,60 
31	241,400,204,375,147,277,899,257,249,630 
32	233,341,70,224,201,541,108,282,214,430 
33	233,5,119,268,70,280,84,215,541,208 
34	98,43,56,199,92,510,603,161,70,184 
35	233,108,4,98,60,75,445,226,365,84 
36	400,204,10,96,470,158,147,130,31,159 
37	268,75,180,225,197,174,128,215,113,541 
38	43,174,45,98,365,151,56,184,95,267 
39	29,341,119,445,278,268,74,267,403,537 
40	119,4,208,70,108,280,603,489,180,98 
41	233,158,47,151,365,184,174,138,55,130 
42	214,418,278,455,119,104,337,180,183,110 
43	29,108,268,201,113,184,165,98,161,56 
44	430,119,197,537,29,5,57,267,23,280 
45	450,29,268,84,98,88,156,489,178,22 
46	201,43,233,498,151,165,80,365,55,512 
47	43,197,430,215,174,268,34,267,45,208 
48	5,233,278,33,268,74,418,833,267,77 
49	341,329,215,128,429,88,84,18,219,337 
50	4,119,225,450,84,180,34,174,88,80 
51	341,29,225,215,75,60,489,510,157,108 
52	158,630,141,31,456,37,422,49,840,83 
53	141,147,66,62,414,470,37,521,134,667 
54	47,161,201,37,95,29,101,151,11,615 
55	268,201,29,174,560,603,280,282,84,199 
56	299,450,686,98,991,60,28,108,370,34 
57	106,4,619,429,273,180,70,510,350,278 
58	341,205,278,225,547,119,254,321,259,155 
59	97,483,241,154,14,184,521,59,37,400 
60	430,197,432,320,259,53,74,181,603,349 
61	165,268,178,58,23,505,445,75,156,84 
62	233,108,341,174,183,128,75,180,365,60 
63	249,83,414,152,10,31,16,62,375,399 
64	241,233,43,141,151,498,95,55,400,240 
65	29,268,180,183,329,157,249,215,205,241 
66	98,28,92,56,161,226,352,143,292,241 
67	45,119,214,483,75,445,645,137,403,302 
68	165,43,174,430,34,58,75,329,23,370 
69	268,510,603,43,450,5,484,178,199,341 
70	341,119,5,70,4,365,165,329,33,483 
71	29,455,11,418,445,4,233,77,645,259 
72	233,226,483,70,151,154,101,184,418,241 
73	108,56,695,161,80,101,95,240,292,589 
74	33,117,833,205,74,445,157,645,226,80 
75	11,75,445,197,180,60,88,541,84,278 
76	11,302,4,70,180,329,278,205,89,455 
77	45,180,157,33,201,214,74,137,455,6 
78	29,510,34,70,445,489,603,418,629,675 
79	268,119,224,395,194,34,282,430,92,101 
80	11,226,141,249,233,80,161,302,154,512 
81	11,29,141,233,268,365,158,101,154,14 
82	11,514,226,62,257,462,249,99,135,31 
83	445,180,106,450,430,208,629,128,219,201 
84	226,108,241,201,365,80,98,161,483,140 
85	341,5,254,33,645,541,230,8,155,215 
86	833,455,337,104,5,429,75,623,538,197 
87	201,56,92,11,323,365,184,119,123,249 
88	29,45,125,498,268,174,108,135,329,180 
89	66,130,239,158,14,108,151,10,154,147 
90	97,29,45,341,104,462,245,249,33,8 
91	141,368,14,9,47,11,638,840,404,204 
92	430,629,58,484,879,5,86,442,439,349 
93	239,83,514,249,470,806,37,277,14,413 
94	833,360,205,202,120,5,329,88,393,8 
95	341,214,75,833,429,547,403,418,128,18 
96	233,11,268,119,104,174,278,498,137,151 
97	29,329,11,45,657,157,77,197,19,259 
98	226,498,29,47,43,194,80,240,95,28 
99	239,130,1044,670,972,950,680,16,1064,521 
100	643,74,254,483,27,33,73,75,197,267 
101	510,402,22,58,320,5,489,442,395,265 
102	224,450,60,225,459,84,75,88,606,70 
103	5,278,455,11,657,180,403,833,337,84 
104	147,14,257,277,413,31,400,16,204,66 
105	214,74,403,505,278,156,215,106,29,84 
106	83,37,130,29,268,514,43,45,96,201 
107	510,119,208,299,43,58,174,505,199,0 
108	400,268,66,204,201,174,101,365,130,158 
109	47,14,152,257,130,54,10,413,45,268 
110	45,483,43,33,4,180,638,329,278,151 
111	113,83,37,43,152,174,56,351,80,95 
112	108,498,55,365,98,204,165,239,37,185 
113	5,450,445,75,341,43,329,299,88,106 
114	11,45,97,119,33,455,158,117,214,75 
115	97,521,147,322,257,113,483,241,462,588 
116	214,33,233,117,547,137,225,267,18,19 
117	445,233,128,205,543,214,541,403,201,19 
118	4,205,455,60,119,403,541,128,321,337 
119	278,11,485,73,250,361,202,125,329,8 
120	11,108,80,97,101,184,113,128,141,638 
121	201,4,56,603,226,194,70,199,184,153 
122	174,113,151,249,101,184,70,154,180,55 
123	108,141,249,174,154,56,47,194,28,37 
124	638,158,104,117,190,77,18,33,302,120 
125	11,249,43,101,55,165,56,302,154,138 
126	833,496,728,286,275,911,748,522,469,613 
127	233,5,445,108,174,80,128,84,418,629 
128	43,45,174,241,302,4,128,183,56,89 
129	329,183,33,157,104,197,74,455,137,88 
130	29,337,33,205,233,4,18,418,403,202 
131	29,341,104,619,455,33,70,137,117,350 
132	510,629,119,178,98,347,156,341,596,489 
133	183,445,341,329,98,11,215,282,88,603 
134	47,11,514,83,29,45,31,160,108,594 
135	249,514,66,152,9,413,368,470,414,59 
136	341,430,4,329,510,34,98,23,675,320 
137	165,28,184,695,72,153,11,241,249,15 
138	11,483,214,329,833,70,205,498,638,197 
139	4,183,619,214,205,505,429,11,33,489 
140	249,323,991,194,56,114,66,484,347,704 
141	66,204,10,152,630,521,16,31,14,667 
142	402,596,34,22,338,475,86,98,675,5 
143	201,215,197,108,60,80,43,84,180,537 
144	510,60,58,402,233,98,459,70,267,619 
145	483,302,158,201,128,438,108,151,241,190 
146	295,459,272,208,0,550,58,394,782,442 
147	414,10,470,899,257,16,130,672,727,339 
148	241,29,5,233,201,34,106,268,215,97 
149	141,498,514,37,152,43,31,268,147,174 
150	43,249,11,113,101,351,141,194,55,498 
151	400,158,66,514,37,257,96,54,470,806 
152	158,483,521,324,27,14,147,250,833,226 
153	60,108,75,267,619,299,58,395,489,541 
154	119,75,445,329,60,201,33,157,505,19 
155	233,43,45,5,4,70,184,302,180,141 
156	201,43,165,510,84,629,197,180,156,215 
157	201,183,98,11,43,225,280,197,430,56 
158	11,45,125,498,190,438,239,147,99,31 
159	341,233,97,4,180,70,267,197,205,88 
160	29,233,629,43,299,88,84,75,489,370 
161	98,174,86,199,450,299,596,338,58,178 
162	268,184,29,233,43,28,194,80,95,37 
163	879,475,415,58,272,131,34,81,561,482 
164	268,239,119,151,183,55,88,141,323,185 
165	5,45,180,214,157,183,267,225,215,89 
166	241,201,184,66,161,151,560,55,194,95 
167	158,400,257,147,10,521,277,16,54,59 
168	165,108,161,323,208,430,179,28,183,209 
169	205,278,74,157,418,119,541,361,18,8 
170	141,226,108,45,174,101,98,80,56,154 
171	233,43,341,60,98,249,619,33,365,489 
172	158,485,286,117,51,728,766,87,214,469 
173	141,158,47,147,14,368,400,204,83,138 
174	11,108,174,119,365,4,165,97,113,141 
175	445,5,619,402,489,267,58,382,22,233 
176	341,180,205,543,128,146,259,403,382,606 
177	174,66,594,204,194,153,47,487,800,11 
178	45,125,80,201,141,190,101,184,245,278 
179	119,629,225,34,70,560,299,156,402,329 
180	226,268,233,141,184,498,101,161,560,194 
181	183,445,197,341,450,34,282,215,606,22 
182	75,268,215,619,267,280,430,33,137,80 
183	183,201,224,505,23,215,370,675,541,174 
184	241,88,268,450,4,430,489,505,75,208 
185	113,400,11,47,226,514,152,138,31,56 
186	214,329,547,657,202,8,361,233,110,623 
187	29,241,45,101,165,161,55,154,97,302 
188	154,101,80,151,125,158,638,245,438,351 
189	278,341,29,45,286,657,418,18,119,643 
190	97,514,521,159,9,257,31,47,404,667 
191	56,141,43,151,351,95,240,11,55,143 
192	5,88,450,11,84,537,259,489,214,254 
193	204,114,54,594,684,808,257,14,11,672 
194	5,75,183,215,267,84,450,259,156,19 
195	29,128,75,4,225,455,33,180,254,89 
196	278,117,645,361,202,485,119,11,155,429 
197	541,403,197,230,884,60,639,406,377,119 
198	224,108,225,603,445,197,106,98,180,174 
199	249,98,510,80,113,86,430,484,365,101 
200	430,445,75,84,341,58,349,395,606,370 
201	249,184,161,11,101,174,47,97,66,239 
202	226,11,56,400,161,130,151,95,92,594 
203	455,214,104,128,657,18,403,155,483,215 
204	249,233,101,174,151,165,80,365,560,154 
205	119,341,4,183,75,226,445,225,84,184 
206	400,66,14,37,521,277,130,16,413,473 
207	204,83,158,414,14,257,31,54,16,899 
208	5,75,445,197,157,619,74,278,215,89 
209	341,197,104,429,541,128,77,259,70,230 
210	29,638,226,302,174,141,135,462,184,205 
211	29,5,214,180,547,250,205,197,254,623 
212	360,337,623,766,125,18,547,87,393,621 
213	37,152,498,54,194,184,514,151,55,512 
214	141,113,201,161,151,66,45,240,351,512 
215	97,113,11,241,158,226,239,498,514,174 
216	119,75,33,214,619,183,157,267,455,137 
217	341,29,45,657,833,547,418,225,619,8 
218	329,205,75,74,146,403,619,104,418,321 
219	225,329,224,267,180,80,606,128,57,33 
220	268,165,80,151,560,365,45,28,498,138 
221	278,33,117,638,125,268,80,70,645,4 
222	47,204,83,9,96,14,16,31,806,530 
223	4,119,329,70,128,215,267,214,74,219 
224	329,33,157,180,547,155,267,645,254,543 
225	29,226,268,201,97,365,161,55,165,158 
226	5,233,329,183,225,104,268,267,137,657 
227	119,157,455,205,233,619,197,225,11,833 
228	98,233,299,450,282,395,370,596,179,402 
229	11,226,268,108,365,151,257,37,80,5 
230	201,184,233,101,560,204,194,138,83,292 
231	37,414,10,147,54,9,31,413,404,339 
232	514,47,66,414,10,31,62,134,368,399 
233	233,29,183,108,98,88,489,603,180,215 
234	43,174,98,101,5,560,161,341,498,302 
235	241,249,66,56,98,95,151,55,351,204 
236	60,4,119,224,70,23,208,180,34,206 
237	224,268,108,178,402,28,34,505,991,675 
238	141,201,233,151,161,101,66,365,56,80 
239	29,4,60,619,214,104,74,543,267,19 
240	233,119,267,174,104,98,88,113,84,543 
241	29,268,113,249,97,302,55,400,239,37 
242	11,278,97,485,158,547,74,18,268,267 
243	47,14,37,96,277,521,413,16,134,473 
244	97,113,239,83,400,14,277,470,521,684 
245	450,225,106,505,603,4,280,489,402,180 
246	29,341,278,74,33,104,225,205,137,254 
247	226,29,174,98,151,55,45,97,47,512 
248	400,130,108,37,11,151,55,257,174,414 
249	97,125,241,245,80,184,462,514,47,400 
250	141,204,249,158,152,414,37,470,404,159 
251	5,11,104,201,157,267,455,80,418,174 
252	299,347,98,233,395,174,86,475,280,80 
253	445,75,329,70,505,450,278,137,224,108 
254	521,14,147,9,152,400,134,31,66,404 
255	60,75,197,450,84,267,201,429,543,418 
256	445,224,280,201,267,629,108,489,43,157 
257	4,5,450,505,84,70,156,541,268,429 
258	66,204,83,249,530,16,375,134,159,667 
259	514,66,9,10,400,630,521,899,368,727 
260	98,80,28,249,5,194,113,95,4,179 
261	214,70,33,4,75,201,455,174,267,60 
262	11,29,833,278,190,59,14,521,147,239 
263	141,47,249,29,400,154,83,233,147,638 
264	29,119,141,241,33,14,75,214,135,833 
265	329,84,34,197,156,619,541,206,459,215 
266	233,450,43,180,225,128,45,418,224,98 
267	5,341,214,33,117,445,833,70,547,88 
268	4,60,450,201,505,197,282,541,165,402 
269	97,130,37,160,134,114,684,808,108,147 
270	241,351,240,498,292,55,80,281,143,72 
271	239,241,249,113,197,521,47,14,180,365 
272	233,201,4,80,174,180,98,215,505,89 
273	224,445,329,23,267,34,88,156,606,484 
274	29,45,14,483,226,152,498,365,128,147 
275	47,14,83,521,37,368,96,530,16,10 
276	5,341,70,208,43,505,180,165,510,606 
277	29,249,108,11,101,365,80,165,154,204 
278	158,239,83,130,257,10,96,134,45,55 
279	233,224,505,208,156,215,606,174,146,80 
280	45,29,455,119,128,485,250,4,18,623 
281	11,98,560,141,498,365,55,351,194,390 
282	233,11,165,101,341,498,56,4,154,33 
283	29,113,455,197,268,70,214,537,249,89 
284	119,341,88,450,445,84,128,34,137,181 
285	29,489,180,329,34,273,74,280,254,320 
286	14,257,147,37,530,83,400,134,322,483 
287	117,337,77,361,33,286,485,403,230,137 
288	268,165,184,101,66,240,47,233,498,239 
289	11,45,5,43,341,141,498,158,70,329 
290	11,119,278,455,4,77,445,337,547,403 
291	341,77,45,202,254,18,329,75,429,155 
292	119,201,629,23,282,84,395,370,484,215 
293	141,113,45,154,101,151,184,400,483,140 
294	11,165,45,450,249,184,56,329,84,215 
295	11,108,341,302,249,141,241,184,128,214 
296	226,43,174,184,161,80,498,560,28,351 
297	5,341,119,249,128,241,70,75,267,60 
298	399,130,204,134,83,174,152,201,165,64 
299	11,158,125,5,135,104,128,190,462,498 
300	29,45,113,43,141,201,108,154,365,104 
301	233,268,174,505,249,619,225,151,184,113 
302	5,11,4,33,278,455,267,302,97,657 
303	483,643,337,485,547,65,125,657,128,452 
305	165,201,629,29,178,43,60,22,70,370 
306	43,101,174,165,98,365,154,97,400,239 
307	201,45,98,165,5,119,56,161,4,329 
308	158,104,278,135,833,268,455,128,117,365 
309	268,98,560,141,151,55,28,365,194,92 
310	11,226,249,43,233,498,55,154,483,130 
311	329,5,341,505,429,215,543,254,450,280 
312	23,225,402,445,505,459,489,301,347,442 
313	98,174,226,101,184,119,151,11,185,5 
314	5,430,259,510,450,657,214,280,403,34 
315	400,56,204,240,29,95,151,43,292,80 
316	165,560,5,4,505,88,596,341,249,156 
317	4,74,180,197,157,833,418,225,254,18 
318	430,23,879,22,494,329,382,674,603,40 
319	88,541,219,181,675,265,137,23,205,529 
320	45,104,337,74,547,4,638,18,329,403 
321	47,62,9,414,10,470,249,31,16,667 
322	97,226,239,37,152,43,233,31,151,54 
323	201,268,43,70,45,505,267,84,280,208 
324	165,28,208,450,4,80,299,70,84,352 
325	4,88,183,84,157,537,259,108,89,181 
326	445,429,104,128,657,146,505,19,254,155 
327	233,108,45,201,249,174,98,55,341,95 
328	119,4,225,60,84,505,224,89,108,174 
329	29,341,450,11,629,280,430,418,128,106 
330	224,119,58,225,88,619,341,267,489,106 
331	29,11,104,4,117,418,547,645,18,403 
332	5,233,180,104,267,205,155,77,657,8 
333	226,29,108,204,43,55,239,130,158,302 
334	233,60,183,29,450,84,619,603,43,180 
335	280,180,156,215,543,88,34,606,214,259 
336	92,56,80,72,143,759,420,242,185,471 
337	268,113,184,43,174,151,98,560,97,37 
338	498,302,43,154,341,135,245,249,365,37 
339	119,214,505,543,146,156,418,19,280,450 
340	5,45,233,329,833,75,268,180,547,645 
341	11,341,249,119,141,180,75,183,33,267 
342	268,43,233,47,101,365,66,138,204,80 
343	29,45,833,117,337,214,77,645,190,254 
344	11,45,278,117,267,645,77,205,75,537 
345	268,119,239,56,88,629,194,70,619,395 
346	5,108,450,341,75,629,174,156,34,157 
347	141,66,514,83,9,147,10,14,806,667 
348	47,83,37,514,11,226,10,108,54,134 
349	341,455,119,128,157,202,418,254,485,537 
350	241,400,201,174,97,365,28,5,430,603 
351	205,117,547,254,445,119,197,155,225,452 
352	225,197,183,75,70,505,215,74,224,450 
353	83,414,141,806,66,413,152,616,49,130 
354	225,445,75,84,29,629,34,282,201,219 
355	119,619,224,450,219,510,418,34,629,489 
356	341,119,128,43,80,70,174,445,157,8 
357	278,337,117,341,361,104,657,418,51,393 
358	5,4,445,329,128,45,197,104,205,215 
359	226,184,56,95,130,204,165,98,194,92 
360	202,337,157,429,225,110,104,75,18,8 
361	241,11,183,197,34,70,489,225,60,344 
362	5,341,205,128,547,77,645,445,180,225 
363	201,98,11,45,56,560,629,224,225,34 
364	445,146,214,5,70,156,418,468,84,350 
365	268,11,249,113,5,498,141,95,183,512 
366	23,224,208,282,58,60,596,84,146,395 
367	141,147,83,66,400,37,413,530,134,667 
368	498,514,400,14,37,147,66,108,31,368 
369	5,183,201,341,280,43,197,180,510,541 
370	147,277,204,37,368,530,16,96,630,159 
371	29,233,180,45,537,201,418,19,89,77 
372	233,98,45,450,180,84,225,365,489,101 
373	141,62,96,113,470,630,16,899,667,339 
374	268,11,45,165,98,97,365,560,28,302 
375	141,29,201,233,184,45,161,165,365,80 
376	11,483,455,341,337,645,214,128,73,522 
377	241,47,29,108,161,151,152,514,233,351 
378	141,113,239,66,400,414,96,257,470,31 
379	445,233,75,225,197,543,429,224,489,219 
380	4,165,365,241,60,450,56,619,225,88 
381	108,249,43,233,101,97,56,560,154,292 
382	341,45,337,119,286,254,65,403,452,638 
383	202,329,157,254,418,45,75,128,4,321 
384	29,45,302,154,141,365,249,438,55,161 
385	183,268,208,510,445,603,619,34,88,606 
386	28,60,178,299,58,484,402,22,505,70 
387	29,113,911,286,65,190,117,135,59,87 
388	113,239,31,257,470,249,16,37,414,59 
389	11,483,226,14,638,174,37,47,108,151 
390	541,329,538,197,403,675,259,146,85,18 
391	241,113,141,184,98,80,97,55,560,400 
392	249,43,56,498,113,55,28,351,194,130 
393	201,510,629,445,402,619,75,70,23,489 
394	5,119,201,268,280,70,197,489,541,510 
395	161,29,233,43,151,194,498,55,240,400 
396	226,184,43,165,101,98,560,80,55,28 
397	165,183,208,510,28,80,505,282,58,430 
398	205,214,5,418,278,157,74,117,645,137 
399	510,208,23,178,445,402,88,70,197,606 
400	268,97,128,4,180,214,158,60,135,225 
401	224,280,268,329,619,402,395,489,43,215 
402	158,204,96,249,899,630,257,14,413,256 
403	400,47,130,560,83,201,226,152,11,80 
404	29,141,174,151,113,351,194,95,45,204 
405	224,430,34,84,341,58,402,619,174,267 
406	510,108,415,1005,603,131,494,482,689,82 
407	29,11,97,498,5,80,119,365,33,329 
408	226,201,165,161,95,80,11,66,292,365 
409	268,29,98,174,505,88,75,156,23,560 
410	5,11,45,619,197,43,225,215,205,450 
411	268,108,201,249,43,141,174,165,101,351 
412	97,113,241,45,43,108,239,514,204,66 
413	165,75,208,84,267,225,226,184,34,282 
414	43,174,402,596,60,505,56,323,4,686 
415	29,108,233,43,201,45,400,560,28,66 
416	70,183,329,197,4,108,268,34,43,208 
417	165,98,174,184,151,241,161,113,95,323 
418	225,341,505,543,541,29,215,382,537,202 
419	11,226,400,66,151,184,37,130,55,138 
420	11,97,233,141,268,174,128,158,267,14 
421	141,249,47,233,400,37,239,151,138,201 
422	29,128,157,74,180,11,619,117,137,215 
423	241,400,47,226,11,83,43,514,174,161 
424	241,98,56,233,11,351,95,194,113,179 
425	158,638,645,33,4,74,547,27,267,190 
426	141,29,498,239,204,257,268,66,83,151 
427	56,695,226,395,101,95,241,282,280,484 
428	510,224,23,282,60,459,395,320,268,349 
429	29,183,225,70,505,280,45,108,88,137 
430	104,119,33,337,4,97,645,418,657,174 
431	183,5,341,75,70,541,280,267,418,74 
432	158,11,483,29,59,302,47,31,413,462 
433	204,83,152,498,226,31,134,54,414,108 
434	29,514,59,62,99,368,233,521,245,31 
435	29,833,483,267,547,645,113,75,657,70 
436	45,268,128,4,33,180,201,43,498,108 
437	226,560,174,28,249,95,194,141,240,400 
438	4,183,45,505,267,214,543,104,429,80 
439	183,5,58,88,268,505,165,484,675,606 
440	29,233,108,5,341,98,70,183,33,154 
441	119,215,510,84,233,201,445,11,249,57 
442	214,205,337,157,645,429,18,75,225,485 
443	249,83,158,96,899,530,14,277,630,667 
444	302,483,113,241,249,158,638,245,438,47 
445	158,514,37,414,54,521,31,134,277,594 
446	98,43,280,70,267,619,174,11,606,146 
447	74,180,233,833,657,77,418,60,202,268 
448	97,204,514,414,10,31,899,413,521,130 
449	201,113,101,80,400,498,365,97,55,138 
450	104,214,638,233,547,74,4,657,202,180 
451	183,299,280,75,505,484,341,606,347,206 
452	141,113,241,400,204,83,152,31,11,899 
453	224,268,208,445,505,84,402,23,174,267 
454	249,83,147,9,10,16,413,521,899,159 
455	97,498,141,483,151,101,158,98,138,438 
456	226,174,249,241,101,97,302,56,55,267 
457	510,603,178,88,225,370,686,675,75,0 
458	158,249,83,152,147,10,31,16,530,521 
459	268,29,208,280,603,299,70,282,619,402 
460	302,80,154,151,113,184,638,33,70,245 
461	27,250,286,112,87,11,728,645,104,708 
462	113,233,498,97,45,56,80,55,66,185 
463	204,514,257,96,10,147,226,498,470,151 
464	208,43,70,510,225,619,430,489,11,58 
465	29,233,4,60,70,197,157,215,489,205 
466	329,4,75,833,157,180,547,268,110,543 
467	28,239,695,226,615,194,83,573,589,487 
468	249,43,233,204,47,226,56,152,194,101 
469	29,5,128,75,215,45,180,225,429,645 
470	119,233,75,280,267,180,329,629,3,265 
471	204,514,147,96,9,257,31,413,134,473 
472	233,141,113,165,151,80,365,55,400,240 
473	141,47,277,66,249,470,257,400,630,375 
474	97,400,83,152,10,14,375,630,399,667 
475	29,233,97,5,483,141,158,70,365,455 
476	5,4,29,201,108,267,11,541,88,205 
477	5,329,70,619,157,197,267,215,543,174 
478	341,445,205,33,117,225,619,137,645,350 
479	29,141,108,158,365,80,37,70,521,130 
480	233,56,80,151,194,95,55,498,240,45 
481	119,225,505,197,329,84,603,489,174,606 
482	29,341,158,278,190,117,174,43,135,75 
483	113,249,29,43,233,365,37,257,130,140 
484	29,5,268,341,43,108,329,60,197,489 
485	11,483,128,43,104,4,438,278,205,445 
486	233,183,70,180,267,225,249,197,619,302 
487	29,201,233,560,130,66,194,151,134,292 
488	47,158,514,414,147,37,16,521,54,727 
489	108,241,174,249,101,141,98,161,55,560 
490	225,329,201,268,84,157,98,429,205,33 
491	75,70,329,84,174,543,541,45,510,146 
492	268,113,560,101,204,28,194,351,154,302 
493	119,278,33,180,117,137,45,19,183,11 
494	430,5,60,34,505,629,84,484,70,215 
495	521,530,241,630,37,10,470,152,159,160 
496	113,97,11,29,45,66,14,151,83,184 
497	141,174,400,101,113,194,240,95,365,92 
498	29,455,33,445,11,833,180,197,137,268 
499	83,514,158,10,899,375,806,147,16,808 
500	249,11,201,400,98,151,365,56,498,28 
501	83,152,10,249,375,257,37,16,277,521 
502	45,119,268,4,214,117,70,74,418,183 
503	113,14,400,257,83,413,96,9,277,256 
504	29,45,11,445,833,180,547,197,137,543 
505	5,341,233,117,445,157,833,418,657,19 
506	98,58,178,28,88,505,23,445,84,156 
507	201,165,5,208,60,75,282,505,184,156 
508	108,130,204,399,113,268,161,226,292,56 
509	113,97,400,514,37,29,130,96,233,365 
510	205,104,418,329,33,18,485,360,538,139 
511	11,249,45,161,56,365,140,204,95,512 
512	418,450,88,214,205,157,406,657,538,21 
513	45,455,11,128,418,18,445,155,137,180 
514	341,483,302,226,70,117,75,329,43,157 
515	11,833,278,337,135,250,514,438,462,27 
516	4,29,84,180,156,201,34,282,43,128 
517	268,400,184,498,233,47,97,28,240,80 
518	445,75,157,214,202,119,543,259,230,106 
519	233,119,108,329,45,84,267,224,619,151 
520	60,119,445,225,329,70,208,43,146,603 
521	241,66,268,226,83,161,240,151,98,365 
522	201,98,80,45,95,194,351,5,179,615 
523	29,108,268,43,498,97,151,184,80,302 
524	808,414,54,899,134,96,560,152,28,589 
525	98,56,119,194,153,603,484,282,991,475 
526	201,5,108,174,249,70,226,180,224,156 
527	249,43,45,151,101,400,56,80,365,560 
528	97,43,101,638,174,190,80,249,184,245 
529	5,233,117,4,74,180,547,418,18,403 
530	165,161,56,28,151,498,351,80,11,66 
531	29,45,180,70,249,329,104,278,619,101 
532	29,141,45,174,365,158,151,98,184,4 
533	141,66,9,414,96,37,413,16,806,667 
534	5,119,75,43,450,224,197,11,208,429 
535	233,70,108,505,157,128,174,84,104,89 
536	29,498,141,302,174,184,80,138,98,462 
537	450,280,23,22,165,619,156,675,606,489 
538	29,11,119,128,97,214,445,455,267,205 
539	239,341,268,128,37,226,400,638,135,75 
540	241,400,239,226,37,14,514,43,151,184 
541	483,226,33,201,174,70,141,80,638,77 
542	11,5,119,56,101,70,560,351,128,84 
543	97,117,180,302,75,77,158,267,645,135 
544	183,603,299,75,341,268,156,395,606,22 
545	341,445,278,197,33,619,225,137,429,88 
546	97,158,83,9,10,16,530,899,134,159 
547	97,302,638,43,174,154,33,455,151,135 
548	141,226,29,47,302,190,37,257,368,43 
549	62,59,431,125,591,638,733,887,277,455 
550	97,241,239,29,521,483,83,268,204,154 
551	147,152,470,16,277,899,257,521,31,134 
552	113,97,514,31,96,10,54,43,470,184 
553	833,158,45,104,286,911,438,77,5,119 
554	239,400,413,277,147,96,66,368,16,594 
555	5,225,74,183,104,70,429,233,543,45 
556	141,11,204,130,83,233,43,37,161,80 
557	233,445,201,60,619,180,108,128,215,629 
558	204,66,514,14,257,414,54,368,160,473 
559	483,128,268,455,638,180,75,77,337,190 
560	5,119,75,619,157,197,215,450,418,224 
561	278,5,254,485,643,157,73,75,27,445 
562	141,152,10,277,31,806,530,899,159,727 
563	249,158,83,414,9,10,521,530,899,31 
564	11,43,165,174,56,97,66,140,204,292 
565	233,108,341,241,151,97,329,104,89,619 
566	239,66,152,96,470,37,257,375,399,159 
567	225,4,157,259,219,418,106,505,382,156 
568	45,341,119,128,43,445,483,183,60,197 
569	141,113,97,241,239,400,37,414,16,594 
570	113,152,83,10,514,147,16,257,521,130 
571	113,514,239,66,37,16,413,530,368,59 
572	204,29,130,240,28,498,194,43,151,45 
573	43,498,161,151,165,98,400,365,154,97 
574	119,224,75,174,489,430,84,280,629,157 
575	224,183,5,445,34,88,178,174,156,70 
576	88,60,560,484,402,4,370,225,265,23 
577	29,400,113,11,233,80,47,66,351,390 
578	29,11,249,108,268,233,400,80,47,351 
579	603,450,675,347,301,395,370,0,686,272 
580	226,80,341,365,151,498,483,70,55,450 
581	249,514,400,414,9,10,31,16,521,413 
582	97,239,47,147,31,16,54,413,899,130 
583	5,445,341,450,75,603,282,146,156,181 
584	268,233,201,184,302,138,365,158,174,80 
585	514,414,96,277,16,521,54,899,375,59 
586	643,623,77,547,104,522,341,51,638,607 
587	29,233,5,201,75,128,180,33,225,543 
588	47,83,37,152,514,226,257,96,43,54 
589	45,226,128,43,33,278,190,455,135,214 
590	141,101,151,498,28,400,113,240,365,281 
591	233,5,184,119,4,56,28,70,183,267 
592	226,498,239,83,37,108,257,152,151,138 
593	456,159,630,470,761,368,533,667,277,158 
594	97,239,514,37,16,31,899,413,630,667 
595	141,239,66,152,96,413,521,16,62,630 
596	97,47,514,400,9,10,31,413,899,130 
597	108,201,174,97,55,560,365,47,66,37 
598	141,47,239,37,45,130,268,233,152,151 
599	225,106,60,224,4,541,603,402,157,273 
600	5,128,445,104,197,225,137,77,19,110 
601	11,233,43,201,113,365,80,165,400,28 
602	341,104,645,547,254,485,45,75,4,643 
604	158,83,37,257,414,31,54,134,16,277 
605	414,47,470,727,899,368,404,667,1051,672 
606	249,9,10,31,16,413,521,530,134,667 
607	204,147,37,96,521,277,16,413,130,473 
608	174,43,141,56,151,400,55,351,194,390 
609	204,158,83,14,130,11,10,226,147,498 
610	455,278,645,657,65,286,403,73,110,766 
611	97,249,47,158,414,147,470,899,521,399 
612	98,80,445,45,505,224,249,184,56,156 
613	45,108,498,80,365,101,154,5,119,135 
614	158,66,400,152,10,31,16,521,530,667 
615	214,157,11,180,233,547,197,77,70,202 
616	141,113,241,249,204,66,47,83,96,808 
617	108,5,113,183,70,75,101,445,241,505 
618	11,45,4,97,483,70,445,197,157,89 
619	141,113,249,239,158,47,14,10,59,594 
620	184,233,43,141,498,95,28,113,45,72 
621	29,233,113,184,165,400,56,158,28,245 
622	97,249,96,10,470,277,413,54,806,473 
623	5,75,445,157,74,70,117,418,60,19 
624	141,368,521,59,9,277,10,66,16,45 
625	233,201,498,101,400,365,98,165,56,95 
626	97,130,83,399,257,158,10,899,521,29 
627	66,83,152,96,147,806,16,54,899,667 
628	11,14,233,125,128,268,462,278,368,31 
629	108,98,183,11,445,70,505,225,489,184 
630	241,400,11,201,184,161,37,83,55,257 
631	4,128,104,183,278,418,197,157,60,155 
632	241,498,161,239,154,98,14,194,185,257 
633	119,225,23,88,619,329,106,341,197,489 
634	141,147,9,14,257,10,470,414,530,667 
635	239,29,130,498,14,55,365,45,514,233 
636	119,224,88,75,208,70,489,619,23,249 
637	141,113,241,239,83,96,277,54,130,159 
638	141,249,268,108,154,14,239,47,201,66 
639	11,233,108,174,483,113,365,184,101,89 
640	521,125,530,290,563,14,31,37,275,483 
641	29,233,108,98,5,119,97,70,560,267 
642	249,268,302,201,365,184,80,400,55,204 
643	239,152,147,10,37,31,413,521,62,667 
644	141,204,29,83,174,45,158,14,151,365 
645	60,268,445,75,341,510,70,267,197,11 
646	11,45,113,365,165,400,341,5,140,47 
647	498,184,151,45,55,98,365,239,165,302 
648	29,11,226,43,45,174,184,151,161,56 
649	92,201,56,420,428,143,72,29,471,1061 
650	341,29,4,278,45,547,180,833,418,215 
651	108,174,183,5,101,224,34,215,505,45 
652	141,226,47,14,233,154,43,147,268,368 
653	268,29,201,43,97,400,165,98,240,185 
654	11,214,455,75,205,157,418,267,833,183 
655	226,201,141,184,43,165,151,98,560,37 
656	400,204,14,147,37,368,96,9,62,413 
657	226,113,184,5,101,560,341,161,141,400 
658	204,514,249,10,31,16,375,54,159,399 
659	97,806,10,96,530,470,16,521,277,158 
660	233,5,4,128,183,60,619,104,197,84 
661	66,514,14,147,130,521,277,54,134,473 
662	239,83,9,152,277,413,16,521,54,399 
663	108,268,113,233,498,365,154,185,158,14 
664	249,29,108,11,165,66,204,194,302,185 
665	141,29,161,47,56,98,233,97,204,80 
666	11,341,97,119,70,75,267,329,60,619 
668	268,161,233,174,113,400,45,28,351,130 
669	183,98,165,70,11,619,629,282,249,606 
670	29,11,233,119,97,4,33,249,278,60 
671	141,113,241,239,158,47,83,257,413,256 
672	226,239,204,158,498,201,174,365,130,514 
673	113,239,514,257,96,10,521,414,9,630 
674	226,151,141,154,302,249,55,161,483,56 
675	113,43,498,56,45,55,97,28,351,37 
676	226,201,241,151,365,55,98,161,56,138 
677	113,400,29,233,498,151,56,97,101,152 
678	66,201,174,239,695,43,194,323,179,589 
679	141,29,268,108,201,55,56,66,130,512 
680	97,204,47,514,152,96,806,530,399,667 
681	11,125,29,141,302,233,462,62,257,184 
682	158,66,514,37,130,226,134,29,521,54 
683	29,483,302,125,141,341,245,5,128,239 
684	165,98,56,174,28,141,498,292,140,544 
685	233,113,45,241,174,5,151,239,128,75 
686	204,66,277,152,14,470,37,16,134,667 
687	233,119,174,98,70,75,113,241,267,225 
688	47,83,152,10,249,37,257,16,521,277 
689	629,225,445,88,28,70,402,329,197,23 
690	29,233,43,249,5,113,119,183,450,197 
691	125,141,59,45,190,47,52,239,413,29 
692	430,224,22,146,88,505,341,349,459,382 
693	158,113,14,257,413,31,530,241,16,840 
694	141,11,204,37,152,257,96,108,31,268 
695	341,119,657,547,45,197,137,619,60,19 
696	226,11,130,83,43,174,152,233,560,55 
697	249,83,514,152,96,147,806,16,375,530 
698	233,119,329,43,619,267,80,278,215,89 
699	514,83,249,10,31,16,530,375,134,667 
700	98,184,174,29,351,194,80,695,141,153 
701	4,75,60,619,183,128,29,541,543,321 
702	11,341,241,638,514,104,33,43,226,89 
703	241,66,97,37,184,43,240,151,233,281 
704	268,113,43,233,165,98,45,55,97,365 
705	60,341,619,197,450,157,128,208,418,108 
706	5,329,88,450,267,128,214,11,181,430 
707	141,249,161,174,113,351,233,43,292,55 
708	341,214,104,337,202,361,418,286,8,230 
709	29,226,268,233,45,151,56,560,194,37 
710	98,43,450,208,28,60,629,280,224,156 
711	97,141,113,158,414,37,368,375,684,473 
712	226,249,233,174,101,165,45,80,365,154 
713	97,239,47,400,9,10,16,413,530,130 
714	113,66,47,470,257,277,16,54,130,134 
715	11,365,151,101,56,498,141,119,55,487 
716	119,225,201,450,197,267,43,282,510,214 
717	204,66,147,9,277,14,37,16,530,413 
718	29,5,45,4,33,117,205,833,619,657 
719	341,29,33,833,547,657,77,233,137,19 
720	47,204,158,184,151,101,365,161,14,185 
721	141,113,239,147,257,470,16,521,672,473 
722	113,268,29,400,11,498,47,365,80,152 
723	11,119,128,278,75,158,445,201,60,537 
724	141,83,249,9,14,470,413,414,368,667 
725	11,45,268,226,278,214,80,75,455,151 
726	341,205,657,418,286,643,73,250,8,155 
727	97,226,43,108,365,184,483,37,514,101 
728	4,445,450,106,510,280,29,205,259,219 
729	29,119,4,128,180,445,214,201,278,137 
730	233,5,268,4,341,183,165,267,619,489 
731	29,5,4,445,75,128,214,505,543,429 
732	45,268,201,302,97,108,151,445,418,157 
733	241,498,560,174,351,47,240,281,390,239 
734	205,657,403,337,157,445,429,321,119,645 
735	204,249,514,96,37,16,375,899,530,667 
736	5,45,214,329,97,75,18,155,250,8 
737	141,113,241,514,83,147,14,31,160,473 
738	97,113,204,47,147,10,413,521,530,399 
739	5,119,4,268,128,60,43,108,505,450 
740	233,43,98,80,329,505,180,249,280,57 
741	268,201,174,151,165,80,154,194,281,179 
742	60,225,450,280,505,510,430,156,197,34 
743	329,180,197,278,429,259,201,88,6,541 
744	204,47,514,152,10,31,899,530,130,667 
745	29,45,483,302,154,113,80,201,190,140 
746	108,119,341,70,75,226,208,267,84,215 
747	147,400,257,37,413,62,277,96,16,339 
748	11,45,174,108,141,241,249,158,4,278 
749	141,47,10,159,59,414,14,322,66,204 
750	341,4,113,174,70,108,33,329,214,89 
751	4,60,280,197,208,267,629,156,429,606 
752	11,119,14,514,257,180,37,638,267,135 
753	233,5,119,365,183,75,101,128,180,89 
754	29,233,141,268,249,365,483,37,514,257 
755	204,66,470,31,37,413,806,59,667,399 
756	97,158,152,257,37,160,130,399,684,504 
757	268,108,151,365,101,638,184,245,98,37 
758	108,268,11,43,233,165,55,56,400,365 
759	226,108,249,43,233,165,161,101,365,140 
760	97,241,204,400,37,9,414,368,404,806 
761	341,483,128,302,455,329,75,77,418,157 
762	29,141,201,233,45,80,560,140,37,281 
763	204,400,514,158,147,257,16,37,899,667 
764	241,47,83,268,14,43,54,174,96,194 
765	47,400,14,257,10,521,413,277,134,473 
766	47,249,158,96,470,277,14,530,16,667 
767	165,113,101,240,351,95,66,204,615,323 
768	113,204,158,514,96,147,134,277,375,339 
769	11,128,75,33,214,60,278,205,225,226 
770	141,66,83,414,14,257,31,16,806,159 
771	233,201,11,70,505,174,267,215,34,106 
772	183,484,98,43,415,450,22,241,323,272 
773	113,147,400,14,83,10,130,9,134,470 
774	11,268,498,43,201,151,55,98,302,240 
775	113,400,29,498,83,37,201,45,365,560 
776	141,239,96,257,806,368,256,667,727,399 
777	29,128,11,60,197,205,543,259,537,6 
778	47,43,108,257,399,268,114,174,158,684 
779	201,43,249,141,11,323,281,390,179,45 
780	83,400,204,158,10,62,16,257,899,521 
781	514,147,414,152,31,62,16,521,530,667 
782	158,62,147,521,11,413,37,52,45,422 
783	239,204,152,514,96,470,257,147,16,130 
784	113,11,268,201,151,184,239,302,165,483 
785	249,96,414,257,9,31,521,16,54,130 
786	514,400,66,257,152,368,277,470,130,134 
787	108,201,498,233,174,98,165,45,66,560 
788	29,226,268,201,233,241,165,98,80,161 
789	29,11,241,233,201,45,80,154,185,14 
790	113,141,108,249,268,43,233,365,240,185 
791	11,233,128,97,43,104,329,267,498,205 
792	141,113,97,108,43,514,138,101,154,165 
793	29,233,268,226,201,174,365,101,55,483 
794	108,341,45,75,70,249,226,113,101,241 
795	83,241,530,204,413,414,37,96,159,160 
796	204,66,37,152,31,10,134,9,413,45 
797	141,47,147,257,204,83,530,16,96,134 
798	108,249,11,151,80,45,194,240,47,130 
799	514,10,375,96,667,413,563,554,49,152 
800	29,233,5,341,119,70,180,505,84,489 
801	226,233,161,151,98,56,55,365,28,390 
802	29,4,201,505,128,267,156,137,80,629 
803	141,113,241,239,66,130,134,521,256,339 
804	400,83,414,96,14,54,16,899,806,339 
805	11,141,521,249,278,119,368,135,233,498 
806	11,108,233,45,184,365,56,302,138,560 
807	97,66,400,96,14,277,54,413,130,59 
808	241,98,34,560,208,484,60,629,58,141 
809	66,249,83,10,16,413,521,899,375,59 
810	66,400,514,96,147,806,16,375,530,473 
811	5,233,75,128,11,60,225,74,205,543 
812	11,233,201,80,119,249,101,483,128,194 
813	108,249,268,45,400,174,161,138,80,83 
814	29,5,233,4,183,180,43,33,429,489 
815	514,158,96,470,806,375,899,16,54,667 
816	5,4,233,119,183,70,128,505,267,84 
817	241,249,268,638,190,365,184,55,514,66 
818	29,43,108,80,365,184,5,638,119,33 
819	400,152,9,147,806,16,375,899,530,473 
820	224,450,201,505,197,282,445,84,98,370 
821	233,108,174,249,98,183,365,70,75,450 
822	97,204,514,83,152,96,16,899,375,134 
823	97,141,239,158,204,147,37,521,59,399 
824	29,113,184,165,161,101,45,55,154,204 
825	97,239,11,204,37,498,521,368,483,138 
826	62,322,368,422,588,496,616,52,277,49 
827	226,400,560,498,98,43,174,66,95,28 
828	249,498,184,101,161,55,98,56,47,165 
829	5,74,119,117,128,657,77,45,225,18 
830	47,241,630,257,16,470,37,66,899,667 
831	66,514,414,96,37,31,16,521,413,59 
832	278,455,117,485,5,77,128,74,18,202 
833	97,233,5,43,514,174,257,37,201,365 
834	141,239,204,83,66,521,9,413,134,483 
835	233,119,183,445,180,60,225,205,113,249 
836	5,128,33,157,267,74,455,201,225,418 
837	83,66,9,62,470,257,31,37,413,256 
838	113,204,83,152,96,134,470,521,9,16 
839	141,239,257,147,152,483,204,125,59,302 
840	226,241,233,158,483,101,47,14,638,257 
841	45,268,33,329,214,70,267,157,418,205 
842	806,10,400,241,470,204,16,158,521,257 
843	47,277,66,10,31,368,152,16,375,667 
844	141,113,97,158,514,400,257,413,134,899 
845	113,204,514,47,83,31,16,375,159,727 
846	368,239,59,257,530,9,249,152,10,470 
847	268,151,161,55,56,560,66,240,130,95 
848	113,239,37,414,10,54,134,16,521,339 
849	113,158,83,37,257,130,470,134,521,16 
850	66,158,83,130,11,521,29,498,54,134 
851	233,5,4,119,183,249,180,267,157,89 
852	204,9,10,470,257,899,16,277,521,667 
853	113,204,83,11,152,31,10,54,134,268 
854	83,514,249,96,147,277,530,14,899,159 
855	108,249,43,101,174,400,165,56,80,154 
856	204,130,47,594,160,899,10,108,257,9 
857	11,268,233,498,400,365,98,47,165,302 
858	97,233,241,514,151,108,365,14,80,400 
859	141,241,158,400,37,147,31,899,59,498 
860	113,141,11,400,43,233,108,66,138,147 
861	29,158,43,119,128,245,104,462,241,180 
862	161,174,43,80,351,240,55,141,92,512 
863	29,201,249,174,45,165,98,365,28,560 
864	257,239,413,47,16,83,249,159,10,152 
865	5,341,329,157,268,117,70,60,77,543 
866	414,204,83,152,249,375,257,277,521,667 
867	29,233,4,174,226,97,70,75,180,151 
868	204,83,400,152,277,37,31,16,530,667 
869	341,329,268,70,183,278,197,225,455,302 
870	101,98,174,241,119,179,154,302,249,351 
871	113,239,204,514,83,147,521,413,130,368 
872	241,226,108,239,152,161,14,174,158,54 
873	241,66,204,11,158,257,201,161,54,134 
874	204,66,83,152,277,62,521,413,16,399 
875	249,66,400,152,257,9,277,470,62,16 
876	239,158,514,37,257,10,521,134,16,594 
877	108,241,80,101,56,161,239,400,55,138 
878	11,43,233,45,201,249,98,161,140,245 
879	833,360,250,51,158,125,728,766,87,547 
880	66,400,514,152,10,37,521,31,899,473 
881	141,249,204,400,66,47,83,257,96,160 
882	97,45,400,226,365,498,257,37,151,204 
883	11,5,75,201,267,60,97,197,619,113 
884	29,45,113,249,5,483,4,70,33,267 
885	125,45,59,521,257,52,37,438,462,239 
886	11,45,33,180,302,418,268,645,267,225 
887	514,66,9,14,257,470,413,16,54,399 
888	29,233,45,201,183,174,197,278,88,113 
889	400,66,14,257,96,414,470,413,16,473 
890	108,241,233,249,161,56,55,365,154,560 
891	233,75,214,267,80,302,174,619,108,498 
892	98,29,161,141,101,194,151,95,11,55 
893	158,11,29,514,455,135,462,521,257,645 
894	249,400,514,414,96,9,277,31,530,899 
895	11,119,104,180,113,226,75,498,70,438 
896	4,119,60,183,128,33,45,137,19,84 
897	158,147,47,204,530,630,521,249,37,375 
898	141,113,241,158,514,83,96,9,899,684 
899	514,14,400,29,152,83,147,498,66,62 
900	141,514,66,9,14,470,521,16,806,399 
901	204,400,514,414,147,31,16,521,54,727 
902	29,45,268,5,302,498,141,278,418,117 
903	141,226,47,498,204,14,268,151,257,130 
904	249,83,514,414,9,147,16,806,375,530 
905	113,47,201,56,97,239,194,95,151,83 
906	141,241,204,249,14,31,368,530,806,667 
907	249,14,31,16,54,134,806,62,399,667 
908	158,483,514,302,239,190,47,268,147,368 
909	521,277,14,413,31,422,159,241,47,840 
910	113,241,97,47,14,233,226,134,174,594 
911	97,239,158,96,470,147,277,899,413,667 
912	97,45,141,302,108,483,128,33,104,75 
913	97,400,47,37,152,66,108,268,130,31 
914	97,113,204,400,37,9,31,470,899,54 
915	97,241,204,400,152,37,14,31,368,404 
916	23,183,484,991,265,675,415,301,395,550 
917	514,414,96,37,277,16,413,521,54,473 
918	510,60,282,58,22,459,541,70,489,146 
919	29,226,108,113,43,233,161,351,95,512 
920	141,158,204,514,11,152,521,10,498,368 
921	113,83,158,9,10,257,277,375,413,473 
922	97,268,241,341,151,119,400,14,128,33 
923	400,158,83,37,414,257,31,134,277,339 
924	249,83,514,152,10,806,899,530,134,667 
925	514,83,249,147,152,10,31,16,62,530 
926	204,158,152,147,10,31,16,806,399,667 
927	83,66,277,400,257,470,37,521,413,16 
928	113,158,514,414,96,257,31,16,899,339 
929	11,108,498,174,483,98,158,55,5,135 
930	45,268,33,4,117,180,226,75,70,445 
931	113,158,249,239,9,31,277,375,59,159 
932	204,249,152,10,31,16,530,899,806,667 
933	83,147,9,414,96,62,521,16,413,667 
934	11,226,108,268,249,43,101,80,302,138 
935	141,113,97,241,239,400,277,413,684,594 
936	141,249,47,302,233,257,147,43,108,268 
937	141,113,239,249,204,152,413,521,62,630 
938	66,83,147,10,31,16,413,521,530,667 
939	204,83,147,249,152,96,31,37,16,530 
940	141,66,83,414,14,31,413,521,16,159 
941	241,400,108,43,158,239,14,37,55,83 
942	204,239,498,152,31,147,521,10,134,470 
