0	300,36,143,1039,153,616,596,833,172,795 
1	295,4,580,521,187,53,20,542,165,56 
2	32,361,275,441,68,311,39,249,483,871 
3	1423,832,101,26,37,114,344,16,906,56 
4	610,377,35,742,716,216,577,465,420,42 
5	234,12,68,160,11,185,541,18,310,587 
6	767,492,415,695,689,563,1044,1061,897,630 
7	429,754,342,40,705,348,4,103,92,44 
8	122,97,249,124,12,311,1173,185,115,58 
9	574,1066,745,963,444,295,335,790,720,22 
10	66,72,108,103,68,32,5,365,107,11 
11	103,108,68,11,325,541,124,58,249,296 
12	441,370,130,40,289,32,5,390,186,11 
13	64,828,44,24,566,173,43,584,355,755 
14	276,410,289,260,82,894,1235,126,596,839 
15	217,4,608,109,357,317,405,377,13,651 
16	215,185,122,68,160,253,53,432,296,742 
17	542,116,267,319,197,4,608,335,57,790 
18	574,984,826,56,109,1211,233,293,217,807 
19	43,65,901,62,433,743,951,19,950,1328 
20	111,9,4,14,345,335,165,393,317,64 
21	65,422,366,87,96,813,566,378,539,507 
22	441,29,475,8,660,5,228,185,68,267 
23	458,448,335,60,31,592,138,596,914,473 
24	149,624,264,307,521,288,74,54,127,140 
25	494,896,78,630,217,784,318,159,1044,245 
26	448,82,712,462,31,157,539,519,412,616 
27	183,420,249,37,293,150,235,232,361,70 
28	42,220,180,322,415,630,206,565,57,1127 
29	4,444,165,377,357,342,127,577,494,56 
30	161,107,103,32,122,68,706,234,11,361 
31	444,773,78,896,528,206,155,495,682,906 
32	448,839,289,307,24,126,138,36,276,412 
33	107,32,351,48,18,659,234,217,374,437 
34	53,111,103,197,534,250,577,266,338,87 
35	906,217,27,633,598,62,932,568,93,704 
36	45,222,570,627,224,754,847,491,365,25 
37	448,120,43,656,143,283,712,157,205,60 
38	140,87,157,135,186,431,67,580,76,358 
39	378,712,426,67,569,1002,690,283,458,1431 
40	159,32,234,249,215,11,541,395,124,39 
41	128,577,12,44,456,491,264,627,8,215 
42	23,53,24,173,342,51,491,545,264,295 
43	342,627,429,45,366,4,754,808,790,164 
44	422,542,187,127,608,178,154,13,335,392 
45	743,539,566,422,499,1160,433,766,1451,208 
46	19,166,96,539,992,951,140,397,1328,362 
47	128,103,40,296,804,705,116,12,4,186 
48	159,614,310,250,486,660,192,48,483,429 
49	24,13,44,56,542,4,164,150,686,444 
50	135,82,222,307,24,166,462,402,64,569 
51	9,96,985,187,60,563,90,76,354,378 
52	142,808,627,82,135,342,120,128,358,60 
53	930,147,219,120,289,570,583,40,1235,955 
54	234,48,103,40,108,12,296,804,847,382 
55	103,72,441,249,325,58,541,125,182,151 
56	1153,494,563,400,565,93,56,65,695,651 
57	317,580,56,140,444,244,1085,154,37,127 
58	103,161,107,215,249,325,11,58,124,395 
59	48,103,213,185,891,138,128,847,68,359 
60	494,78,959,630,1127,217,206,155,935,526 
61	249,407,706,389,361,253,160,275,234,125 
62	563,520,335,896,180,6,245,357,187,96 
63	18,111,108,42,164,113,186,361,415,78 
64	66,847,627,957,276,120,729,1235,839,519 
65	223,173,1423,527,1204,826,853,1107,202,19 
66	132,767,173,220,895,457,76,896,931,225 
67	542,264,42,422,65,197,90,56,828,96 
68	78,433,358,566,462,24,766,91,96,380 
69	10,930,596,44,384,149,222,60,135,126 
70	164,9,580,24,187,380,135,723,336,431 
71	213,72,68,85,382,125,541,522,917,296 
72	307,53,60,82,135,67,157,429,951,565 
73	264,108,393,4,777,720,465,131,984,266 
74	539,426,951,521,712,1010,315,330,36,1148 
75	234,296,29,891,8,359,186,224,159,487 
76	828,116,24,178,264,150,53,565,392,307 
77	135,307,67,521,448,62,126,402,87,321 
78	473,154,633,377,21,368,745,184,116,894 
79	777,13,187,335,357,78,74,681,528,150 
80	108,8,577,23,267,3,444,610,815,806 
81	24,60,96,106,566,335,723,288,277,264 
82	930,839,334,205,289,147,957,627,149,1305 
83	345,184,3,150,49,284,777,790,494,681 
84	370,161,12,587,581,215,432,742,68,797 
85	307,378,164,743,173,569,580,539,13,462 
86	441,103,804,111,847,338,213,891,29,45 
87	184,1167,745,197,1430,49,698,116,53,295 
88	108,338,161,48,29,8,215,68,92,751 
89	72,213,441,48,66,5,122,58,228,85 
90	695,415,492,959,173,547,580,107,850,179 
91	66,45,25,583,957,147,605,622,169,601 
92	398,228,444,392,56,244,217,393,108,815 
93	264,357,295,335,27,528,745,116,906,88 
94	222,215,45,228,804,456,570,317,24,9 
95	426,951,569,521,799,712,950,78,36,690 
96	103,213,441,234,66,5,185,186,541,475 
97	580,575,9,65,400,1127,24,217,289,186 
98	370,103,917,538,338,311,97,125,395,650 
99	777,217,319,633,187,421,53,542,749,452 
100	580,164,397,768,337,967,426,76,146,451 
101	420,488,253,662,441,619,35,389,293,48 
102	164,345,189,82,651,225,431,421,494,197 
103	475,107,250,40,5,234,215,32,310,660 
104	264,985,444,565,954,651,267,56,60,400 
105	222,743,521,19,723,433,146,380,499,1328 
106	114,111,256,574,159,984,8,35,777,267 
107	720,345,199,393,335,49,777,351,480,984 
108	161,5,122,429,289,660,253,411,432,395 
109	850,898,1478,640,895,673,925,1107,217,181 
110	103,108,441,5,160,85,249,124,382,891 
111	563,78,42,335,220,318,689,526,1078,789 
112	165,217,221,790,33,319,651,422,1040,57 
113	896,444,42,206,173,222,509,1044,335,1127 
114	475,42,130,87,808,24,12,472,518,467 
115	161,107,68,58,185,660,40,85,8,522 
116	103,441,130,160,5,185,382,58,253,289 
117	20,9,480,90,422,96,345,828,178,197 
118	896,509,322,1127,789,318,666,1044,1498,400 
119	103,161,130,107,160,185,11,325,8,125 
120	72,5,107,48,234,97,151,110,590,411 
121	954,494,1153,353,53,6,526,220,132,18 
122	82,458,143,60,126,43,334,87,477,195 
123	289,24,140,67,157,431,366,580,457,378 
124	140,154,20,244,9,127,565,828,96,44 
125	245,322,509,56,747,630,784,415,935,850 
126	389,716,32,115,5,742,122,53,183,110 
127	660,18,706,39,48,311,234,310,215,432 
128	745,491,534,244,225,70,577,42,293,393 
129	149,43,4,839,53,448,142,78,288,264 
130	154,1204,357,826,421,37,850,437,199,398 
131	1223,782,1309,202,217,703,335,910,245,1494 
132	138,147,456,656,448,215,53,583,705,40 
133	366,754,892,656,120,348,222,82,116,164 
134	441,161,338,8,185,122,249,58,18,186 
135	48,441,108,103,234,370,296,224,68,751 
136	107,389,407,97,250,660,524,18,587,590 
137	103,72,250,11,325,124,253,58,66,486 
138	345,34,293,452,78,199,154,374,651,197 
139	342,4,429,790,120,10,384,25,601,72 
140	66,289,150,108,4,128,149,351,456,295 
141	660,486,68,969,29,1067,124,338,860,1331 
142	43,222,335,36,142,334,66,1,596,173 
143	217,253,742,437,389,338,797,115,468,1020 
144	398,165,610,409,806,716,374,225,420,465 
145	954,65,494,400,217,630,24,57,563,307 
146	421,13,673,9,494,49,850,199,422,284 
147	289,82,458,283,111,941,87,143,307,727 
148	777,528,245,704,621,1478,83,181,404,580 
149	370,441,107,160,122,85,432,40,97,224 
150	26,56,528,217,777,421,698,1204,184,975 
151	111,228,87,351,224,29,186,58,251,18 
152	62,9,608,67,90,565,357,53,307,24 
153	213,108,72,234,48,29,68,215,185,917 
154	138,570,120,147,429,222,4,9,44,365 
155	120,289,142,219,334,448,48,955,570,10 
156	120,276,334,143,519,627,205,955,847,204 
157	448,219,839,82,143,656,43,205,138,189 
158	429,48,53,37,249,310,29,217,660,432 
159	587,679,293,264,344,106,1280,130,161,151 
160	183,116,18,266,581,420,377,72,35,42 
161	992,173,337,1058,1367,376,850,426,1463,187 
162	108,441,370,185,40,107,365,18,432,122 
163	981,631,1122,217,1013,76,349,37,415,908 
164	65,575,422,217,651,492,56,4,1020,542 
165	12,295,197,342,491,398,250,441,420,370 
166	138,45,656,441,601,296,596,212,804,108 
168	68,122,660,522,12,185,85,310,411,429 
169	114,1204,26,832,1280,574,568,1102,628,421 
170	580,6,689,457,34,180,1044,1486,935,630 
171	147,930,289,25,45,847,48,128,519,391 
172	122,160,185,85,66,253,97,541,151,182 
173	24,44,542,127,78,244,421,77,64,56 
174	159,58,66,310,429,361,185,325,215,502 
175	289,366,24,149,930,808,82,111,892,471 
176	213,72,159,325,160,97,110,124,389,311 
177	103,108,161,441,325,185,382,8,390,296 
178	150,4,130,266,420,317,128,35,87,716 
179	161,8,228,234,115,58,432,581,716,522 
180	157,82,221,140,87,78,492,431,457,366 
181	179,335,113,189,289,475,57,42,338,498 
182	43,712,941,448,1002,521,307,60,31,302 
183	72,48,213,429,142,186,32,53,18,541 
184	140,197,228,27,18,116,107,345,295,335 
185	521,135,9,64,24,433,173,686,13,499 
186	116,165,164,422,357,65,49,790,154,14 
187	930,219,66,276,957,1191,839,1181,955,605 
188	317,23,370,289,742,197,441,24,215,18 
189	173,19,321,569,172,9,14,451,334,283 
190	458,43,142,276,9,596,656,157,219,335 
191	826,184,494,975,368,199,376,154,527,1478 
192	342,393,3,542,444,56,351,70,377,580 
193	87,53,24,18,164,521,477,138,10,808 
194	234,441,72,103,213,891,804,487,382,493 
195	82,140,67,362,458,1367,426,967,850,793 
196	295,53,24,392,23,164,37,534,244,577 
197	148,981,1112,115,1013,275,32,1223,107,39 
198	164,217,563,784,222,57,18,492,444,318 
199	64,288,521,37,116,127,828,43,20,790 
200	12,4,150,249,253,151,465,293,662,18 
201	154,422,199,264,526,357,494,1261,749,1481 
202	108,159,5,68,97,151,311,541,124,185 
203	534,165,8,108,154,74,44,745,77,244 
204	103,213,215,891,11,123,541,182,52,748 
205	103,441,48,159,11,382,325,97,8,125 
206	87,142,10,307,627,164,108,72,150,18 
207	87,370,128,186,130,215,40,213,228,161 
208	743,222,19,146,91,433,967,813,766,64 
209	165,790,264,116,35,480,1430,56,111,295 
210	27,353,565,6,173,217,563,630,651,76 
211	345,74,37,90,542,109,116,4,65,267 
212	896,220,985,180,779,34,747,104,318,140 
213	103,72,130,68,11,249,125,541,395,660 
214	103,161,159,250,48,12,325,432,429,395 
215	494,655,563,27,520,376,269,222,404,155 
216	627,334,456,289,23,87,195,701,448,44 
217	1009,596,219,334,458,283,82,43,519,204 
218	111,23,565,608,33,54,405,37,13,534 
219	267,140,24,42,458,429,66,14,448,217 
220	1085,745,54,534,480,608,20,393,577,33 
221	289,14,267,458,521,64,139,431,321,19 
222	441,804,296,87,365,186,150,224,891,351 
223	103,441,213,5,185,325,11,8,411,487 
224	150,225,480,565,184,78,20,33,984,393 
225	163,965,148,981,159,871,217,275,37,1110 
226	159,107,185,891,249,58,40,804,224,365 
227	72,234,108,370,40,185,8,390,122,142 
228	569,462,335,19,795,397,1367,967,451,402 
229	462,766,402,330,222,499,366,64,950,397 
230	142,429,72,108,10,754,120,296,82,291 
231	66,103,441,150,370,8,142,228,213,107 
232	173,404,321,458,473,276,172,688,31,786 
233	82,135,422,695,985,575,157,954,289,277 
234	525,992,269,1328,166,397,426,307,433,164 
235	799,569,426,901,566,164,813,727,1010,743 
236	26,984,284,344,975,1423,88,57,154,101 
237	103,215,370,128,53,111,365,570,705,10 
238	24,491,64,20,96,317,1085,140,164,444 
239	147,142,87,296,456,45,120,359,487,1121 
240	159,249,18,58,160,66,429,310,395,660 
241	82,157,335,76,569,214,402,64,18,62 
242	85,48,213,72,917,123,382,125,748,211 
243	342,87,12,365,128,421,24,409,159,149 
244	140,673,494,43,362,458,786,357,1100,606 
245	43,289,135,166,930,808,60,429,31,36 
246	48,40,108,678,12,751,754,390,456,338 
247	580,542,20,140,13,444,23,264,288,197 
248	187,173,42,64,723,288,111,82,56,20 
249	266,534,107,377,716,745,216,577,465,581 
250	160,11,891,917,125,538,382,107,182,123 
251	234,12,5,40,382,107,58,296,541,325 
252	225,197,184,574,295,131,807,264,345,577 
253	1054,853,394,1309,981,494,578,673,225,655 
254	103,370,441,66,213,130,429,224,382,541 
255	264,351,534,77,228,9,409,267,1085,924 
256	53,140,217,186,345,225,676,157,1,34 
257	264,393,35,444,480,815,577,8,777,56 
258	149,577,72,215,12,9,570,24,627,409 
259	111,66,116,138,410,601,577,44,142,1248 
260	276,31,143,448,596,219,616,500,135,337 
261	5,18,533,234,420,742,659,58,216,389 
262	48,40,103,847,570,370,85,12,338,68 
263	457,113,264,575,180,307,18,494,159,563 
264	166,881,90,96,288,380,766,214,462,426 
265	45,120,25,142,128,754,656,1073,143,605 
266	150,107,264,111,42,232,130,581,35,370 
267	444,23,335,14,580,197,56,491,377,398 
268	103,161,441,130,234,325,522,266,182,660 
269	267,351,534,42,345,745,70,24,8,542 
270	116,217,197,662,35,317,66,215,365,659 
271	116,24,173,48,627,51,317,601,295,72 
272	87,186,72,4,18,448,157,10,545,342 
273	76,337,283,786,616,569,448,321,189,126 
274	213,72,250,130,5,107,215,18,110,917 
275	19,444,598,49,480,187,421,912,568,37 
276	365,87,142,234,222,116,128,804,296,577 
277	36,60,335,283,157,426,1439,166,62,189 
278	563,56,6,850,1498,180,444,1044,935,1127 
279	3,608,745,244,199,491,20,37,33,392 
280	264,60,808,140,150,106,4,242,48,228 
281	317,393,127,577,894,74,197,398,128,545 
282	528,113,608,13,526,49,6,850,935,749 
283	896,985,850,322,457,689,666,42,1498,630 
284	173,24,458,37,14,448,321,45,361,42 
285	398,345,70,351,8,165,77,251,491,263 
286	111,338,429,113,370,1020,161,808,217,472 
287	444,217,6,896,53,520,422,93,357,720 
288	138,342,790,264,108,317,627,570,545,14 
289	128,53,392,66,577,142,892,534,178,140 
290	370,159,161,250,361,249,58,660,614,432 
291	465,70,619,533,213,659,35,488,161,610 
292	1153,422,565,65,896,93,53,57,318,935 
293	66,276,839,334,25,519,729,605,448,1305 
294	66,87,250,264,12,24,441,189,4,217 
295	441,29,5,228,249,40,53,186,266,142 
296	160,370,85,72,224,250,502,382,32,538 
297	111,494,1127,6,53,492,217,132,767,651 
298	53,400,494,565,57,6,1020,353,264,897 
299	66,429,18,72,159,103,242,12,157,250 
300	587,97,581,234,325,488,716,389,432,742 
301	378,813,43,19,62,755,433,167,951,164 
302	68,8,522,12,115,706,660,11,389,228 
303	116,77,65,342,164,20,321,289,422,580 
304	614,250,37,242,48,115,518,492,441,189 
305	361,486,215,103,161,289,484,411,213,68 
306	48,441,40,29,160,53,186,224,68,149 
307	166,378,433,799,78,521,65,315,566,36 
308	159,130,409,420,222,662,365,742,790,338 
309	743,164,566,96,111,521,64,146,362,269 
310	1167,199,574,906,494,1204,681,101,791,184 
311	377,256,150,488,533,130,659,114,4,213 
312	43,723,358,426,330,164,566,766,901,36 
313	13,90,67,43,9,140,828,881,1261,461 
314	103,441,160,311,706,11,660,125,182,753 
315	491,580,78,542,228,64,345,431,56,267 
316	9,78,82,60,433,951,166,342,330,66 
317	448,289,142,596,519,321,195,173,128,205 
318	165,393,140,720,681,368,303,404,111,34 
319	656,448,334,142,25,276,605,957,36,601 
320	494,164,896,217,322,789,245,1044,1061,935 
321	681,494,56,293,1167,745,398,267,109,452 
322	448,458,60,135,839,87,222,66,283,477 
323	160,382,58,253,8,541,66,432,891,1173 
324	225,357,150,161,587,57,42,651,213,183 
325	234,40,12,130,804,186,147,484,541,502 
326	283,1009,300,1439,616,337,143,913,219,1039 
327	985,1127,217,415,42,779,666,206,159,318 
328	24,60,87,42,157,402,288,462,64,386 
329	220,159,563,630,959,415,1065,492,18,318 
330	433,214,164,448,87,288,78,808,289,402 
331	370,213,159,249,66,58,151,11,660,395 
332	1009,283,143,592,500,300,31,82,1269,60 
333	307,82,951,566,9,140,19,91,96,397 
334	26,222,217,898,394,140,37,633,223,421 
335	110,39,29,587,581,97,374,310,311,68 
336	10,9,44,930,519,82,570,1125,596,348 
337	596,592,579,729,833,276,153,205,273,1439 
338	166,67,402,214,448,1010,458,289,91,31 
339	183,267,161,264,4,266,235,1020,533,151 
340	580,527,598,140,673,368,3,826,154,187 
341	111,374,351,415,494,293,4,197,832,57 
342	264,70,742,409,103,107,420,610,806,72 
343	656,45,276,143,82,31,605,111,384,147 
344	370,48,441,234,159,68,85,382,804,289 
345	135,813,222,90,1058,499,187,19,936,426 
346	18,185,58,429,68,160,289,475,310,97 
347	587,706,266,432,115,53,97,234,467,185 
348	249,58,382,325,541,253,97,390,125,266 
349	128,289,147,25,456,296,234,804,1121,384 
350	4,422,264,244,96,77,65,480,317,686 
351	542,9,140,444,244,56,745,351,20,78 
352	570,847,596,72,583,44,53,705,40,334 
353	342,43,56,288,521,380,401,335,565,150 
354	377,197,777,574,49,681,815,74,542,4 
355	65,164,766,422,813,330,9,366,426,881 
356	720,357,78,245,374,563,896,832,565,630 
357	36,596,43,839,283,143,120,334,60,1039 
358	222,132,111,520,492,217,1153,57,93,65 
359	283,36,219,1039,729,31,579,1269,913,448 
360	72,159,441,130,250,8,68,122,253,541 
361	122,213,311,68,130,250,407,660,151,123 
362	462,358,78,91,366,566,950,60,448,24 
363	189,142,24,808,267,140,78,361,48,431 
364	37,173,580,217,422,742,494,335,431,64 
365	130,107,441,8,228,160,58,97,541,382 
366	87,433,656,808,288,142,60,10,64,120 
367	217,161,180,518,897,575,222,111,57,253 
368	225,267,534,745,377,577,345,42,8,3 
369	122,215,253,185,18,97,11,266,541,1173 
370	78,358,422,91,766,402,90,87,808,380 
371	165,528,421,345,127,9,65,217,284,295 
372	18,215,107,53,87,40,228,365,249,742 
373	370,213,441,48,8,58,160,382,85,40 
374	43,111,24,44,65,53,458,45,839,1 
375	494,1204,256,574,791,314,374,114,109,1070 
376	97,250,660,72,253,29,969,275,338,124 
377	370,213,441,29,66,11,382,325,97,53 
378	3,1158,421,984,906,374,357,628,832,782 
379	36,43,596,402,219,458,143,276,120,933 
380	334,120,31,205,592,605,519,583,43,1235 
381	78,116,64,24,20,380,295,56,608,264 
382	78,358,164,422,566,881,64,82,1058,901 
383	264,65,187,565,64,828,164,244,33,37 
384	187,53,197,264,33,90,3,49,23,491 
385	441,48,103,213,40,11,123,487,718,224 
386	66,111,234,29,185,87,5,58,32,1020 
387	108,60,48,173,37,103,150,370,140,448 
388	569,19,566,539,521,426,1058,362,967,337 
389	72,48,250,11,185,382,97,66,124,917 
390	985,53,220,6,57,494,353,65,132,897 
391	166,462,78,164,358,60,941,330,222,566 
392	729,276,143,334,120,592,205,25,1305,955 
393	103,122,325,160,253,11,541,432,429,124 
394	225,65,563,93,49,569,1078,376,362,528 
395	400,289,338,103,228,217,213,161,370,130 
396	127,146,222,135,433,521,1117,1328,539,62 
397	289,106,429,307,695,140,112,135,113,492 
398	12,160,8,253,382,429,325,11,125,296 
399	534,9,8,345,398,154,77,393,70,140 
400	21,807,745,1066,826,335,293,56,303,70 
401	113,850,757,791,1204,679,693,389,57,777 
402	354,951,723,743,19,96,1058,402,146,90 
403	1054,1223,181,1204,1124,1032,225,768,1107,720 
404	103,160,108,72,522,891,382,182,538,486 
405	140,984,217,293,49,633,109,70,357,815 
406	82,164,91,78,426,1010,712,566,157,960 
407	135,166,433,36,214,723,354,157,330,412 
408	87,9,365,12,103,264,317,491,545,421 
409	264,60,150,45,458,225,4,448,217,18 
410	354,64,20,521,24,44,584,723,42,790 
411	45,142,149,147,519,656,429,14,44,222 
412	422,269,1328,19,397,166,499,91,874,766 
413	150,116,66,24,577,173,317,429,44,14 
414	370,441,160,32,382,185,522,66,123,718 
415	234,103,441,68,11,382,125,541,107,798 
416	402,569,539,951,214,941,354,458,433,743 
417	853,278,1267,181,1100,910,494,776,578,1188 
418	655,146,743,269,187,337,140,43,580,225 
419	116,4,42,20,127,96,178,828,154,23 
420	97,325,234,488,389,659,18,115,351,215 
421	608,42,23,20,565,3,745,33,187,13 
422	48,276,72,108,219,251,234,224,169,111 
423	9,808,18,140,214,242,67,264,64,66 
424	250,351,4,149,87,213,130,545,456,317 
425	542,565,74,154,49,197,790,178,526,720 
426	115,110,266,234,68,58,522,533,581,310 
427	568,293,698,1211,1204,256,681,184,832,37 
428	608,318,13,206,985,720,34,526,954,935 
429	48,108,103,130,213,296,186,128,5,382 
430	161,32,522,5,338,124,115,407,538,411 
431	78,566,539,187,127,499,469,44,269,401 
432	66,215,160,186,68,296,85,87,228,742 
433	166,881,90,951,566,24,766,499,214,19 
434	138,142,149,45,429,4,72,570,754,847 
435	72,103,48,441,234,250,68,40,804,541 
436	103,32,742,5,389,467,1020,518,217,258 
437	376,222,56,49,303,404,1211,21,745,264 
438	111,120,53,656,386,448,384,307,4,366 
439	56,985,509,318,457,850,789,193,1078,528 
440	48,103,108,160,365,570,487,147,751,111 
441	354,90,43,164,525,64,686,539,355,13 
442	42,289,288,951,64,342,539,422,44,37 
443	8,70,293,491,610,542,444,806,393,56 
444	161,338,5,160,122,58,325,8,18,522 
445	32,18,58,429,249,8,160,382,85,891 
446	580,206,155,850,318,42,217,78,335,666 
447	87,458,545,120,429,264,44,334,150,25 
448	565,651,159,24,1153,295,353,267,18,563 
449	441,159,122,185,8,66,58,125,124,429 
450	120,596,276,519,25,583,87,205,149,601 
451	72,103,108,40,185,891,390,487,107,138 
452	32,29,108,122,325,250,275,160,965,52 
453	108,45,189,138,60,4,128,149,157,441 
454	723,951,566,462,64,881,96,426,402,111 
455	74,164,295,111,127,336,53,27,49,221 
456	441,742,161,264,351,142,24,342,804,295 
457	78,111,9,37,828,96,127,288,44,1150 
458	36,402,462,616,43,337,569,458,166,1002 
459	234,48,215,160,40,487,289,68,142,8 
460	566,135,164,9,269,20,608,64,686,24 
461	307,378,521,187,1058,127,166,9,336,1328 
462	159,12,8,249,58,160,289,382,310,296 
463	186,1080,370,148,275,636,179,32,159,654 
464	108,213,441,66,249,11,58,891,296,432 
465	187,14,65,165,116,295,37,164,96,790 
466	53,187,580,64,140,96,56,421,178,154 
467	525,288,566,9,64,401,336,584,146,269 
468	633,545,45,377,1066,577,321,26,14,131 
469	9,577,154,54,44,140,351,42,580,444 
470	444,9,542,491,345,228,267,78,392,77 
471	754,627,705,53,386,359,365,12,250,4 
472	370,103,161,215,186,289,142,660,390,310 
473	354,1041,422,397,96,462,1111,426,1411,335 
474	37,154,608,27,319,317,90,1085,491,64 
475	65,422,766,358,813,569,426,82,277,881 
476	40,72,103,289,161,251,80,484,250,429 
477	150,790,839,429,577,754,384,120,173,392 
478	186,76,164,157,87,429,106,345,66,580 
479	161,234,249,185,11,97,18,85,110,411 
480	276,143,729,289,205,169,596,1009,31,410 
481	78,245,111,404,267,3,598,93,421,264 
482	109,225,49,542,53,42,528,295,342,357 
483	219,143,500,592,276,616,31,833,579,153 
484	441,159,370,40,215,186,111,138,107,742 
485	37,295,127,65,64,90,422,431,74,289 
486	150,116,264,23,8,142,365,12,429,103 
487	930,138,40,276,754,596,1073,1235,487,1121 
488	370,441,48,160,8,122,249,253,751,602 
489	656,288,358,67,10,214,723,64,45,66 
490	178,421,580,140,534,9,398,20,480,225 
491	575,580,897,103,695,494,249,161,415,264 
492	72,103,370,441,130,8,185,85,58,111 
493	197,111,264,565,405,13,187,534,64,1150 
494	225,491,70,293,542,480,815,228,217,580 
495	128,149,87,596,519,601,1073,429,955,678 
496	429,111,475,189,808,12,742,157,24,60 
497	768,78,76,925,181,102,655,26,640,444 
498	253,53,151,742,797,619,232,197,293,32 
499	108,213,161,234,12,122,228,186,125,395 
500	400,289,472,547,370,249,695,180,242,57 
501	103,12,5,185,382,107,541,58,917,124 
502	161,32,338,160,311,110,215,11,395,310 
503	43,378,723,214,91,426,65,358,960,566 
504	234,108,213,296,8,751,128,359,92,5 
505	370,441,234,250,159,85,58,390,151,182 
506	566,1466,41,1041,376,569,1015,942,608,1451 
507	40,224,45,103,804,85,359,25,108,1345 
508	48,234,103,108,289,68,390,138,186,147 
509	138,23,147,839,51,930,14,44,519,292 
510	164,74,90,828,491,892,128,138,96,149 
511	345,745,49,295,357,568,140,217,20,1167 
512	140,127,828,380,881,4,150,67,790,56 
513	839,448,82,656,142,65,222,723,539,78 
514	159,289,29,5,249,189,185,660,40,142 
515	1439,397,727,901,378,616,1432,999,172,1182 
516	103,72,48,215,325,249,66,124,395,432 
517	24,42,542,534,44,577,444,244,228,65 
518	56,444,673,528,480,422,217,264,65,284 
519	23,140,42,54,1085,534,608,745,351,228 
520	213,108,48,325,97,215,541,706,389,590 
521	534,491,178,577,37,44,444,345,267,64 
522	72,311,587,361,660,338,488,590,460,374 
523	127,146,813,135,19,967,828,167,20,539 
524	4,173,534,577,197,103,42,365,370,429 
525	197,140,345,87,37,8,159,18,77,409 
526	351,370,790,409,48,266,217,662,267,421 
527	107,111,289,234,29,150,215,351,253,151 
528	213,68,250,486,311,85,891,310,18,52 
529	276,66,729,930,596,205,289,334,25,36 
530	839,120,448,334,930,627,142,458,9,126 
531	116,111,790,173,23,342,534,24,140,14 
532	433,164,448,839,87,402,78,566,1010,60 
533	103,72,130,250,107,122,185,310,390,182 
534	288,150,392,542,380,164,401,23,521,336 
535	1158,494,480,704,49,963,681,357,393,807 
536	32,5,429,122,249,660,185,310,8,40 
537	37,534,351,23,42,225,8,289,545,70 
538	374,317,398,720,42,790,415,745,35,806 
539	289,66,276,592,157,142,729,205,82,458 
540	370,160,213,215,390,325,97,522,718,310 
541	18,37,142,429,78,217,43,335,48,458 
542	441,108,296,429,804,159,487,224,382,365 
543	87,222,365,42,307,18,317,173,808,441 
544	1009,283,143,276,219,500,592,300,402,157 
545	173,165,14,127,78,225,142,289,545,392 
546	72,4,8,365,429,296,351,228,847,291 
547	108,161,72,159,107,253,58,541,1173,66 
548	43,142,839,429,66,78,448,723,433,60 
549	48,215,103,441,10,23,804,120,545,342 
550	370,965,161,32,18,159,213,522,871,115 
551	370,18,29,5,122,310,432,151,160,706 
552	35,295,581,222,720,745,216,225,420,574 
553	325,103,250,486,389,706,900,275,798,58 
554	164,65,78,580,307,542,87,828,56,401 
555	723,462,358,566,499,799,90,426,82,960 
556	138,45,596,25,754,957,334,87,570,456 
557	122,215,266,97,151,541,382,1173,522,182 
558	370,103,213,107,130,48,5,475,411,53 
559	494,78,720,608,199,404,13,421,357,165 
560	103,159,250,53,150,253,420,160,475,224 
561	264,790,317,116,222,480,1211,131,444,183 
562	103,66,215,40,29,185,32,751,365,11 
563	165,568,140,109,264,1167,906,83,267,1211 
564	429,111,8,66,87,42,222,185,29,92 
565	228,342,138,409,264,289,173,45,35,250 
566	580,421,54,534,20,398,24,3,77,225 
567	264,45,393,534,74,244,745,149,351,225 
568	32,68,338,159,660,917,11,798,125,52 
569	228,150,221,217,173,342,429,651,808,475 
570	959,520,580,415,784,57,695,222,1061,789 
571	441,222,456,8,9,51,234,545,186,228 
572	143,334,930,839,729,592,205,1269,833,204 
573	370,213,215,160,66,85,382,659,533,891 
574	103,29,250,48,522,124,541,660,917,798 
575	213,441,68,122,249,253,541,432,804,186 
576	40,891,147,68,123,718,161,338,429,678 
577	107,720,357,679,57,106,832,103,295,370 
578	103,108,85,311,125,541,486,660,538,798 
579	116,165,264,178,491,127,745,33,345,187 
580	53,108,48,342,128,103,365,228,138,149 
581	66,120,519,458,930,276,10,627,384,48 
582	48,66,161,250,185,85,361,310,8,242 
583	398,244,77,444,70,542,178,293,574,1085 
584	26,222,140,1158,393,984,826,368,217,807 
585	222,754,601,14,116,334,521,429,456,43 
586	370,161,103,72,253,706,110,660,39,541 
587	441,72,213,160,522,325,411,538,40,502 
588	422,378,967,354,140,451,655,580,96,187 
589	361,186,111,289,592,66,142,545,300,76 
590	686,444,62,336,881,480,24,1058,288,264 
591	43,521,24,67,429,166,10,18,433,288 
592	60,214,222,157,164,951,358,24,839,366 
593	1261,3,633,154,184,377,777,264,568,404 
594	90,187,64,4,542,221,20,985,44,27 
595	250,488,72,70,398,35,610,232,797,662 
596	941,91,433,397,799,723,214,960,239,315 
597	108,186,386,72,157,839,338,40,103,865 
598	720,267,108,199,806,35,183,357,56,577 
599	250,742,8,222,87,1020,432,189,29,253 
600	150,437,197,12,465,293,742,249,70,610 
601	48,289,296,804,705,45,627,12,678,487 
602	155,985,580,1498,747,1127,217,193,1065,104 
603	66,656,930,25,276,754,31,128,205,43 
604	101,83,1204,437,287,1423,850,1065,37,806 
605	213,234,130,338,12,85,522,125,182,58 
606	103,8,4,213,161,266,420,662,317,35 
607	213,161,108,441,68,97,249,541,124,310 
608	72,108,441,338,97,11,249,12,541,85 
609	166,82,36,569,214,951,433,901,337,1002 
610	85,215,130,891,338,917,311,538,97,52 
611	289,140,361,688,362,24,242,135,477,514 
612	40,804,296,891,107,5,382,751,224,541 
613	103,160,48,325,97,124,382,125,891,917 
614	74,65,790,64,90,165,23,534,20,187 
615	160,85,215,72,124,66,522,382,325,125 
616	159,965,370,103,1080,338,72,222,415,242 
617	441,48,429,185,249,68,58,382,122,92 
618	839,307,87,43,386,66,135,334,596,725 
619	526,49,542,90,828,335,74,164,24,749 
620	48,122,53,742,533,58,716,97,488,68 
621	166,448,433,839,334,712,692,813,566,412 
622	122,215,249,58,151,85,541,382,18,266 
623	108,213,161,12,215,266,185,151,85,659 
624	70,222,264,777,23,577,217,815,1066,444 
625	307,53,42,366,295,392,491,82,723,534 
626	138,9,596,754,24,14,222,570,652,10 
627	441,32,5,85,58,289,249,382,18,751 
628	264,165,45,154,790,681,368,673,23,377 
629	370,103,72,66,390,11,8,487,182,493 
630	221,108,78,107,494,157,1020,24,242,429 
631	108,72,5,48,325,253,97,11,395,432 
632	492,1020,180,140,985,679,6,220,228,565 
633	444,985,528,109,457,155,49,180,630,682 
634	850,34,1261,575,187,422,193,1486,225,322 
635	9,656,25,601,519,150,847,116,82,40 
636	140,26,574,114,1158,1430,963,906,293,368 
637	48,72,215,213,161,29,8,138,228,32 
638	266,325,97,234,432,742,488,533,716,475 
639	340,225,494,633,118,906,568,181,640,1032 
640	404,673,225,981,655,640,78,676,821,19 
641	20,53,127,345,184,42,828,686,27,319 
642	1280,26,83,581,16,984,335,698,88,113 
643	103,72,159,107,11,891,541,124,917,1173 
644	72,103,441,85,429,186,891,58,390,310 
645	393,26,53,293,184,37,83,568,27,745 
646	289,804,161,487,138,8,128,847,147,751 
647	521,342,808,43,53,892,116,4,60,723 
648	441,533,351,97,659,234,389,216,797,217 
649	441,250,29,249,660,122,53,215,12,142 
650	215,103,804,705,390,754,61,456,12,45 
651	138,596,448,48,570,44,82,847,456,24 
652	108,103,72,48,234,161,250,12,122,390 
653	520,222,319,49,318,749,1481,221,563,132 
654	422,319,150,74,985,49,90,575,178,109 
655	393,377,178,184,574,70,293,23,984,77 
656	222,164,42,580,422,53,264,127,431,985 
657	377,444,698,975,853,404,181,528,704,931 
658	9,173,44,456,51,545,72,14,351,228 
659	45,4,82,790,321,894,393,577,78,51 
660	790,114,420,159,619,745,111,409,222,225 
661	60,267,126,321,37,140,135,688,18,19 
662	60,378,539,65,569,36,433,941,24,358 
663	140,264,56,491,164,444,44,127,288,317 
664	213,108,311,124,338,718,798,12,390,650 
665	706,441,488,8,18,407,581,48,395,460 
666	219,592,276,300,31,334,458,833,448,43 
667	103,72,234,48,130,122,85,522,253,151 
668	72,289,429,804,296,130,213,161,29,602 
669	108,72,250,441,338,122,249,325,310,475 
670	72,441,250,160,215,66,58,541,18,660 
671	103,35,420,267,806,154,437,465,534,745 
672	213,161,108,72,338,97,382,311,395,486 
673	370,72,215,68,487,122,382,159,58,224 
674	494,1478,404,1204,109,895,223,184,394,528 
675	839,808,386,656,366,45,60,149,384,754 
676	103,72,85,58,382,107,487,8,541,411 
677	351,398,8,108,745,393,267,66,87,14 
678	140,457,789,56,1498,682,42,935,341,1065 
679	161,130,234,18,186,660,97,310,486,361 
680	4,13,565,33,49,184,405,199,42,491 
681	108,213,441,32,160,185,58,85,228,186 
682	220,374,492,1127,985,580,57,403,675,789 
683	394,163,782,179,256,826,1032,115,102,267 
684	173,106,221,96,53,264,288,342,723,565 
685	154,293,534,70,377,342,267,225,392,345 
686	108,97,48,110,660,11,311,215,407,185 
687	264,342,894,149,292,74,128,20,142,225 
688	12,164,92,8,475,234,222,185,29,37 
689	422,187,317,64,44,244,828,140,608,53 
690	72,103,48,66,250,68,296,85,891,53 
691	43,14,656,53,120,126,135,149,64,157 
692	1009,31,43,82,276,448,616,592,402,712 
693	138,627,570,386,359,212,751,808,839,602 
694	804,142,29,365,87,138,224,891,111,751 
695	37,222,164,111,580,457,494,60,82,289 
696	111,985,1153,767,53,180,93,651,720,49 
697	325,234,660,486,338,538,541,706,389,443 
698	267,164,422,57,563,415,109,62,565,113 
699	325,115,370,275,1067,660,1080,798,882,872 
700	743,140,335,56,451,608,1111,135,1360,20 
701	48,72,390,11,541,8,123,125,124,522 
702	178,422,790,165,65,20,187,491,106,288 
703	67,426,569,901,330,960,727,766,499,1002 
704	444,773,353,651,1153,57,220,767,526,335 
705	222,12,351,534,429,742,441,138,42,51 
706	56,64,566,354,686,521,608,62,335,1058 
707	180,959,808,472,57,985,108,76,220,78 
708	151,48,110,215,124,311,389,395,660,185 
709	398,159,35,23,610,267,183,178,266,74 
710	189,87,42,67,53,186,429,106,358,448 
711	456,103,40,10,296,224,804,234,705,839 
712	66,4,456,317,14,120,25,51,624,384 
713	48,92,242,53,12,475,742,602,189,432 
714	23,534,159,66,409,35,662,365,491,161 
715	173,1153,773,563,767,335,526,57,90,96 
716	161,325,382,249,522,97,125,891,395,151 
717	72,9,429,491,108,12,264,570,51,351 
718	566,723,539,433,525,766,358,366,62,44 
719	429,296,142,382,390,186,224,32,602,122 
720	43,106,563,565,608,64,828,19,53,135 
721	173,580,422,67,18,90,808,342,157,288 
722	491,24,87,142,77,289,51,197,456,345 
723	462,111,166,426,189,289,283,307,727,362 
724	53,448,458,335,164,126,429,307,431,321 
725	420,415,389,72,53,253,293,232,216,797 
726	569,402,337,36,1439,239,727,458,999,60 
727	43,267,87,321,186,45,345,66,477,19 
728	5,58,68,185,432,186,475,310,160,266 
729	147,627,138,276,754,289,1235,601,729,914 
730	8,151,215,68,228,185,660,97,266,395 
731	317,377,74,3,293,70,199,345,577,491 
732	103,213,441,12,85,249,382,891,432,18 
733	184,199,140,368,580,34,19,3,681,608 
734	9,444,24,422,65,187,127,20,64,828 
735	569,60,378,426,321,354,337,362,164,451 
736	213,441,325,8,115,266,522,228,215,361 
737	631,1320,148,898,1013,1423,115,349,340,636 
738	23,154,70,35,409,745,165,377,266,345 
739	111,790,24,165,392,565,828,288,23,491 
740	444,62,67,135,985,90,19,457,27,977 
741	53,157,264,45,242,159,361,215,126,458 
742	1020,954,107,808,9,57,1127,742,651,6 
743	138,627,25,147,847,384,705,72,583,212 
744	608,245,528,132,49,1261,773,96,565,155 
745	103,107,253,18,58,110,11,395,8,432 
746	19,458,60,362,225,673,422,451,264,850 
747	65,78,462,566,64,881,24,426,569,692 
748	87,48,149,108,72,342,267,51,839,365 
749	178,4,90,9,96,526,154,33,401,23 
750	34,331,981,910,1124,598,88,870,578,1359 
751	161,108,159,72,522,115,660,541,395,407 
752	222,723,378,342,330,951,566,828,111,839 
753	120,448,138,43,627,458,754,9,31,955 
754	448,120,289,143,142,583,166,1193,126,402 
755	138,12,224,160,891,365,8,185,359,705 
756	164,140,954,180,53,494,959,264,173,784 
757	111,74,534,577,165,197,542,386,431,345 
758	480,293,70,217,574,580,49,491,984,244 
759	444,20,542,608,317,24,197,244,345,184 
760	213,441,48,97,325,215,587,488,581,182 
761	1478,340,931,415,598,202,344,1168,1315,1309 
762	108,72,48,370,338,213,161,264,164,234 
763	912,633,613,1478,720,698,368,394,444,223 
764	159,122,5,151,18,115,186,361,185,541 
765	444,422,267,217,90,108,542,189,87,74 
766	8,97,68,18,58,11,115,215,389,533 
767	128,429,624,149,366,491,295,808,64,392 
768	441,66,234,804,85,891,751,142,5,58 
769	494,767,773,457,53,520,9,96,319,180 
770	197,140,111,264,187,422,24,78,319,20 
771	4,370,215,338,804,296,18,24,742,9 
772	72,40,185,130,250,502,289,52,484,211 
773	526,542,985,187,74,575,113,13,109,457 
774	267,151,53,32,344,179,803,76,547,954 
775	42,24,264,335,565,521,189,56,82,345 
776	293,1167,1430,264,26,975,184,568,1102,256 
777	8,429,289,186,58,160,804,122,742,310 
778	1167,26,217,681,111,698,264,975,1158,114 
779	284,37,26,376,217,377,777,199,154,932 
780	103,72,48,159,11,97,522,1173,182,266 
781	48,234,40,289,891,185,224,570,487,147 
782	103,161,130,215,249,97,253,541,296,917 
783	806,183,610,225,534,465,716,574,420,393 
784	8,11,325,541,58,151,228,1173,125,891 
785	103,48,441,8,107,382,11,804,429,224 
786	745,720,574,806,421,984,74,178,35,267 
787	378,402,164,78,91,9,799,422,1010,950 
788	462,426,214,569,78,712,960,727,9,157 
789	234,215,930,804,705,456,429,390,185,251 
790	178,49,377,109,608,342,574,777,815,33 
791	839,448,289,66,149,111,142,135,65,25 
792	689,206,155,140,850,34,56,1065,784,104 
793	698,931,777,118,223,340,1032,1478,598,1158 
794	96,569,221,494,768,967,155,608,42,380 
795	161,122,488,441,742,97,432,53,58,420 
796	596,448,1009,120,334,289,519,169,300,605 
797	107,234,266,429,222,742,409,264,29,128 
798	43,222,111,173,36,9,276,283,45,289 
799	24,65,76,345,521,422,157,64,494,444 
800	393,114,70,351,49,720,633,580,140,491 
801	441,370,215,12,5,8,107,487,429,917 
802	90,20,295,96,225,608,165,357,139,288 
803	56,101,480,165,1167,415,53,26,745,70 
804	930,276,839,25,627,583,142,754,448,601 
805	169,276,147,596,143,592,839,1305,656,1181 
806	596,120,138,839,957,143,149,519,205,1345 
807	161,289,111,5,8,68,185,142,228,614 
808	161,130,48,160,249,185,85,97,58,151 
809	128,77,14,142,127,534,289,894,197,393 
810	311,389,706,660,441,361,395,541,124,587 
811	108,338,11,97,891,917,311,541,151,182 
812	108,429,185,68,891,8,5,142,107,58 
813	745,4,681,545,70,267,473,815,574,263 
814	140,767,1127,563,93,78,630,492,415,1065 
815	222,14,138,23,142,126,914,264,839,116 
816	108,325,215,522,660,151,411,475,541,115 
817	295,74,24,27,150,221,4,335,127,357 
818	930,120,839,138,656,143,957,31,955,847 
819	48,147,754,10,224,804,186,601,839,12 
820	159,103,267,189,8,186,42,164,128,138 
821	250,29,58,361,12,122,660,215,189,518 
822	67,712,569,521,901,60,950,315,273,214 
823	12,488,325,48,581,389,351,110,58,215 
824	633,806,111,284,480,222,131,101,1211,444 
825	213,234,250,289,5,32,68,85,92,365 
826	180,27,985,1127,6,76,264,189,132,547 
827	9,76,164,62,139,24,88,34,651,189 
828	492,289,614,32,106,189,115,42,310,253 
829	147,627,25,120,45,289,957,839,678,334 
830	48,72,103,108,234,804,12,130,891,161 
831	159,82,42,116,44,140,431,103,228,742 
832	370,215,85,250,161,185,68,751,359,211 
833	116,745,681,150,357,398,293,197,335,568 
834	3,70,444,23,574,491,228,480,610,114 
835	1100,404,62,895,245,19,357,1267,1204,1012 
836	8,72,107,161,48,716,587,659,581,409 
837	317,24,187,580,244,54,140,77,13,96 
838	142,345,116,473,149,267,128,195,138,260 
839	569,221,56,42,743,563,768,93,9,935 
840	587,222,264,420,374,37,235,253,267,216 
841	67,82,362,376,64,127,264,60,354,357 
842	103,441,72,68,338,660,186,361,107,58 
843	140,173,651,1020,400,107,1065,264,353,742 
844	386,24,64,656,1075,627,214,384,330,60 
845	790,222,197,444,377,8,580,815,108,114 
846	43,426,743,402,566,91,337,951,727,451 
847	370,441,130,159,8,122,382,541,125,224 
848	108,103,441,370,213,40,185,149,58,570 
849	24,87,82,60,64,44,448,386,402,90 
850	335,283,569,1009,172,82,337,448,795,688 
851	108,103,72,213,159,441,12,215,249,432 
852	150,116,53,74,491,90,828,127,317,289 
853	108,159,213,107,72,338,253,8,228,125 
854	566,64,187,41,813,433,166,1058,766,580 
855	234,160,108,29,85,338,12,891,107,502 
856	161,108,48,11,541,706,215,8,18,310 
857	790,74,90,96,20,23,165,187,542,77 
858	213,130,159,68,48,253,8,110,39,389 
859	103,108,48,160,325,11,522,541,8,110 
860	151,250,742,619,72,150,70,249,37,806 
861	108,159,804,296,213,185,186,222,570,29 
862	18,221,107,27,575,467,897,580,6,103 
863	357,76,88,720,9,415,42,62,139,786 
864	77,421,491,317,64,187,14,345,65,225 
865	142,186,219,120,429,111,143,215,729,25 
866	44,380,67,140,111,354,41,366,264,813 
867	370,213,250,8,249,382,429,228,97,186 
868	415,180,959,57,472,695,353,518,1127,773 
869	912,26,613,895,704,1087,181,1242,368,1204 
870	48,108,891,186,847,338,161,130,570,251 
871	60,43,289,492,808,575,400,431,267,1020 
872	777,101,108,232,287,267,53,1065,444,679 
873	377,975,217,421,199,480,527,184,222,1423 
874	113,93,132,457,565,65,319,322,111,935 
875	374,72,217,325,361,1020,581,742,518,310 
876	276,729,169,205,930,839,120,36,147,45 
877	441,185,804,296,58,18,85,249,891,475 
878	213,108,72,32,253,11,266,1173,432,311 
879	111,103,222,42,370,213,66,441,492,249 
880	444,199,745,127,178,1085,9,815,184,345 
881	307,53,521,60,695,985,565,214,630,173 
882	77,392,78,20,44,24,398,56,393,199 
883	159,12,217,420,587,533,253,659,293,467 
884	521,402,354,9,433,358,366,64,330,448 
885	103,48,12,159,185,382,11,891,125,18 
886	1009,36,300,143,500,276,596,1039,579,273 
888	111,421,197,154,293,70,345,35,263,574 
889	24,307,289,53,44,366,10,64,82,624 
890	32,160,228,186,151,432,266,11,660,97 
891	398,777,984,542,140,293,720,114,244,284 
892	1335,981,340,223,1494,179,1168,331,278,782 
893	393,480,745,1167,101,1430,681,264,56,53 
894	173,264,65,494,651,27,267,695,422,43 
895	72,441,103,296,213,8,149,10,359,751 
896	720,377,357,568,494,26,376,1167,27,20 
897	289,37,87,135,186,951,142,431,358,723 
898	491,393,398,244,345,24,351,542,199,444 
899	342,222,790,577,317,534,624,48,45,307 
900	107,216,130,790,295,213,662,742,222,533 
901	161,108,122,234,97,660,11,39,18,185 
902	164,743,566,127,269,20,354,64,146,686 
903	342,111,4,108,790,742,197,542,565,1018 
904	342,9,111,42,521,288,386,317,828,542 
905	745,267,217,77,23,70,56,815,335,542 
906	13,199,284,528,494,633,53,19,452,26 
907	723,214,358,799,426,82,164,960,366,302 
908	82,307,458,142,808,24,477,53,462,126 
909	213,106,581,42,57,679,742,832,253,720 
910	72,103,441,370,296,224,338,40,4,160 
911	234,160,213,72,29,124,917,97,538,395 
912	66,128,120,14,839,260,222,448,44,1248 
913	161,48,32,429,228,58,215,432,151,242 
914	4,116,377,103,154,295,790,370,256,409 
915	48,108,130,32,107,891,382,40,58,310 
916	159,234,266,97,215,18,160,488,659,389 
917	217,745,284,140,574,114,357,681,109,1167 
918	213,72,68,160,522,58,541,125,382,8 
919	462,378,67,315,91,82,799,354,1148,273 
920	164,467,130,457,400,475,587,472,651,151 
921	111,82,458,142,143,219,31,519,688,614 
922	160,85,103,215,213,72,122,123,487,748 
923	895,102,1267,1494,1242,181,826,1013,1100,1032 
924	1158,184,222,975,56,782,528,393,681,580 
925	66,48,103,441,142,234,111,296,150,213 
926	72,103,66,441,338,215,29,296,475,249 
927	18,160,185,122,660,40,249,475,411,11 
928	850,1100,895,598,19,640,451,1367,569,1463 
929	60,521,135,24,106,76,87,159,335,431 
930	225,264,673,377,78,21,613,20,1066,745 
931	48,234,103,161,213,12,804,847,250,138 
932	441,213,338,185,29,159,891,351,4,251 
933	66,448,82,43,219,138,334,477,10,930 
934	103,72,161,441,159,122,12,249,97,18 
935	111,264,357,13,393,295,542,1167,906,574 
936	87,577,72,51,48,790,149,361,197,82 
937	163,965,1320,631,981,179,614,271,592,144 
938	912,895,1267,673,278,1107,331,1242,62,19 
939	85,296,289,251,365,429,541,142,128,177 
940	633,77,284,56,574,293,49,807,23,74 
941	898,163,223,931,1423,102,895,782,179,1168 
942	891,128,338,161,8,570,487,149,390,705 
943	706,217,742,361,488,467,581,53,432,266 
944	53,18,173,267,335,43,448,458,150,370 
945	967,451,992,462,850,404,146,172,1103,426 
946	656,519,44,429,384,150,23,10,448,53 
947	78,9,358,566,462,96,288,881,380,111 
948	37,53,189,60,431,113,57,457,43,116 
949	220,520,1127,492,784,896,1020,630,675,1061 
950	526,109,150,49,1040,65,4,20,96,528 
951	19,146,378,173,992,336,140,813,521,1160 
952	45,448,596,627,82,458,43,126,384,205 
953	723,64,106,951,566,173,221,354,214,808 
954	160,103,161,224,250,382,917,289,804,11 
955	1020,264,457,808,217,472,103,4,651,521 
956	154,565,197,54,317,111,90,828,42,127 
957	217,421,357,42,76,20,164,1,56,404 
958	358,426,799,82,330,569,164,302,727,397 
959	161,116,420,409,365,716,234,264,216,659 
960	166,743,422,566,19,1466,664,41,1360,813 
961	773,494,528,113,335,49,565,682,34,6 
962	4,64,295,580,74,127,96,23,43,20 
963	103,72,160,12,5,891,382,11,124,917 
964	143,839,334,120,729,1009,656,45,583,1235 
965	48,441,29,8,160,40,68,228,224,32 
966	1261,225,222,514,88,357,821,1478,569,394 
967	370,103,130,249,234,151,122,53,68,660 
968	48,72,138,128,108,224,12,370,251,186 
969	1080,200,1013,910,965,1112,1122,898,636,850 
970	457,53,264,773,1153,651,57,767,159,24 
971	370,18,12,185,5,8,475,804,53,85 
972	128,53,44,521,4,45,366,892,808,577 
973	45,142,120,448,754,583,570,44,9,957 
974	187,269,380,222,539,499,881,397,813,433 
975	108,808,82,18,754,120,157,366,441,624 
976	1223,1335,1080,912,1054,782,18,223,115,1204 
977	173,44,894,321,116,195,601,260,77,473 
978	345,267,577,335,14,9,815,342,184,534 
979	244,580,13,608,54,20,33,90,3,828 
980	462,951,521,426,723,799,766,164,743,62 
981	289,250,296,12,149,159,160,847,8,475 
982	13,111,4,178,24,64,392,686,380,526 
983	64,9,354,686,173,24,164,790,1058,269 
984	140,377,27,651,492,345,293,675,1204,887 
985	283,458,337,82,276,43,448,569,135,205 
986	222,164,289,307,159,108,60,65,345,1018 
987	985,563,245,180,444,164,206,789,217,565 
988	462,426,901,521,712,950,65,36,358,330 
989	441,234,48,130,161,215,32,122,58,125 
990	127,24,42,74,53,37,542,49,109,566 
991	111,87,429,164,458,44,45,18,519,412 
992	651,154,295,57,335,565,377,159,109,116 
993	66,215,441,222,250,475,157,614,267,264 
994	488,97,29,533,266,361,228,39,522,258 
995	673,19,598,223,357,1267,606,580,37,377 
996	111,421,20,109,184,13,321,345,906,568 
997	165,49,293,633,284,480,116,832,542,574 
998	91,402,723,426,566,766,743,813,62,643 
999	448,31,205,143,592,839,321,14,142,616 
1000	462,402,397,426,727,901,239,539,1148,743 
1001	103,441,234,32,107,66,125,266,151,522 
1002	444,480,184,368,681,109,704,598,1211,984 
1003	66,186,429,48,157,222,361,458,149,18 
1004	32,441,215,253,97,660,311,124,185,411 
1005	72,32,58,68,122,185,8,361,310,142 
1006	24,82,521,580,4,96,20,790,45,19 
1007	370,103,108,122,215,249,310,411,475,289 
1008	82,421,345,9,66,448,78,225,688,195 
1009	140,444,4,295,74,221,187,526,345,591 
1010	850,76,631,335,148,37,786,1423,394,688 
1011	284,720,154,357,932,749,568,20,526,1040 
1012	103,32,5,185,159,40,107,541,125,182 
1013	228,253,289,432,58,111,122,310,151,37 
1014	370,441,72,108,160,390,125,124,502,257 
1015	839,142,334,44,957,116,652,219,605,847 
1016	782,768,1111,1204,284,640,720,377,444,528 
1017	342,366,813,723,469,42,580,433,336,111 
1018	43,539,426,941,330,164,302,727,366,1361 
1019	462,135,569,941,166,616,283,239,426,31 
1020	580,534,351,228,577,398,244,421,8,345 
1021	475,151,742,5,106,228,53,310,587,58 
1022	8,382,11,40,390,249,541,125,266,310 
1023	266,441,533,716,488,420,217,432,4,706 
1024	103,68,85,249,58,541,125,891,660,486 
1025	53,289,491,521,295,264,392,839,64,43 
1026	441,40,891,72,103,370,123,142,12,213 
1027	213,161,48,107,325,541,151,432,395,486 
1028	111,790,64,24,376,225,542,525,49,336 
1029	65,563,565,630,6,132,220,9,57,959 
1030	103,441,5,107,66,185,8,891,541,266 
1031	213,8,215,185,32,228,58,122,432,310 
1032	103,213,441,48,130,159,85,11,325,804 
1033	72,295,370,577,250,293,267,161,48,745 
1034	1223,278,1309,202,1188,1359,1261,1124,870,598 
1035	720,154,377,295,49,832,116,159,452,319 
1036	377,574,480,74,815,542,178,1085,77,114 
1037	45,66,914,147,205,142,456,596,473,1189 
1038	26,1204,906,444,568,1167,56,109,1102,357 
1039	103,213,32,249,122,18,289,186,97,125 
1040	587,97,441,228,58,361,48,581,310,258 
1041	72,32,382,11,5,124,502,522,8,538 
1042	111,222,342,4,108,44,12,72,8,521 
1043	1223,581,832,910,256,27,377,898,108,106 
1044	521,566,433,426,164,1058,358,813,901,967 
1045	108,161,5,122,253,185,325,432,395,1173 
1046	142,128,289,103,678,359,930,487,108,29 
1047	250,706,492,467,581,361,488,5,432,266 
1048	197,24,56,790,108,33,651,1150,317,1018 
1049	1320,631,971,179,1335,1122,271,486,1309,592 
1050	103,72,234,213,130,215,85,891,289,487 
1051	542,580,140,534,421,608,398,20,42,77 
1052	103,122,891,382,541,97,249,395,660,123 
1053	14,116,321,150,126,307,64,345,342,90 
1054	534,44,77,87,165,45,345,8,128,289 
1055	569,172,402,273,788,135,1332,315,913,500 
1056	18,108,111,189,1020,213,370,808,8,250 
1057	161,107,250,253,68,151,160,97,382,522 
1058	127,24,78,244,197,154,534,64,187,637 
1059	164,65,358,189,60,433,539,422,566,402 
1060	244,199,745,319,33,184,393,491,565,1085 
1061	627,25,120,1073,839,656,583,601,215,224 
1062	43,135,64,433,725,82,120,128,334,881 
1063	48,839,120,215,189,14,60,103,656,150 
1064	462,214,91,164,78,82,566,222,64,24 
1065	222,598,357,768,1111,37,568,1478,19,181 
1066	370,213,250,66,249,253,432,11,541,395 
1067	108,317,534,159,72,66,267,398,250,392 
1068	580,164,458,743,307,127,24,64,354,376 
1069	565,244,317,187,1085,54,491,78,20,422 
1070	135,189,67,458,44,839,166,539,433,53 
1071	91,521,433,941,397,723,712,358,766,499 
1072	249,42,581,533,232,183,113,253,437,675 
1073	213,108,72,250,32,522,124,382,1173,8 
1074	386,4,53,521,839,456,384,429,120,656 
1075	29,12,742,234,325,706,58,97,716,467 
1076	197,577,398,392,745,542,1085,393,44,228 
1077	264,342,745,35,393,267,662,377,9,217 
1078	65,494,444,1153,18,9,526,400,492,335 
1079	374,116,256,83,444,264,295,1430,56,465 
1080	358,164,214,330,82,569,950,64,1010,448 
1081	421,264,165,480,850,83,832,267,53,975 
1082	109,56,826,906,49,303,850,963,574,1261 
1083	120,656,930,289,25,627,149,601,147,43 
1084	317,534,23,48,365,742,267,24,421,35 
1085	161,32,122,159,325,115,311,660,310,411 
1086	289,164,42,128,45,138,228,74,307,365 
1087	568,109,26,49,114,398,1211,111,815,303 
1088	213,161,108,249,18,522,8,660,125,429 
1089	108,213,5,981,110,148,122,518,661,636 
1090	161,249,5,66,289,253,361,122,660,365 
1091	370,250,289,409,742,295,790,267,213,342 
1092	108,160,72,48,161,250,5,325,124,40 
1093	222,264,342,51,82,894,215,197,601,189 
1094	283,1009,592,36,143,276,219,1101,579,1039 
1095	135,337,43,36,166,335,239,727,283,1148 
1096	24,77,577,534,140,345,20,580,745,444 
1097	173,19,569,78,321,850,34,655,36,111 
1098	491,178,244,225,392,77,9,70,580,815 
1099	103,122,891,66,382,522,541,8,97,249 
1100	65,494,743,187,93,135,362,404,73,1111 
1101	534,745,421,342,35,610,491,444,542,815 
1102	186,82,42,335,429,103,494,142,87,695 
1103	370,108,103,130,441,5,58,66,186,660 
1104	232,150,533,659,488,317,287,154,213,370 
1105	161,32,122,250,124,798,151,411,361,310 
1106	111,135,10,433,116,892,150,448,90,78 
1107	64,44,187,67,53,20,881,566,431,295 
1108	985,264,400,173,57,1020,78,742,4,679 
1109	122,12,58,742,325,53,266,215,110,541 
1110	896,180,789,217,206,779,850,318,42,104 
1111	354,222,335,397,1328,380,451,1466,1360,1261 
1112	225,223,981,62,1100,1423,78,340,598,1315 
1113	20,88,24,165,1,150,44,43,116,45 
1114	138,289,111,930,519,596,150,583,652,10 
1115	575,57,897,494,580,1127,374,228,6,475 
1116	9,87,4,521,288,45,127,43,82,138 
1117	48,224,804,382,123,847,718,751,8,32 
1118	370,161,215,441,614,68,486,891,142,965 
1119	115,370,679,351,27,757,791,151,16,344 
1120	48,234,149,891,224,678,370,185,456,1121 
1121	984,114,74,49,633,542,681,284,720,109 
1122	462,62,36,426,1439,82,795,655,451,727 
1123	65,42,542,20,96,13,164,44,23,33 
1124	441,186,8,40,296,365,107,228,58,891 
1125	491,72,351,8,264,545,12,228,44,215 
1126	23,624,839,4,307,120,25,491,366,557 
1127	745,293,228,8,199,217,815,108,178,409 
1128	76,448,157,337,78,688,31,462,9,173 
1129	23,37,491,444,64,267,20,422,542,65 
1130	189,67,166,951,242,65,366,186,378,462 
1131	48,151,215,660,97,115,160,8,11,382 
1132	627,754,601,24,14,222,448,596,701,914 
1133	78,217,189,421,18,76,87,458,218,431 
1134	42,180,6,164,565,322,959,935,1127,789 
1135	108,72,325,97,185,382,18,706,310,590 
1136	161,441,130,159,215,249,522,541,151,66 
1137	150,45,365,24,545,8,577,342,228,291 
1138	491,351,421,87,66,165,140,345,289,154 
1139	345,24,90,608,82,165,139,88,64,43 
1140	213,161,475,53,180,695,217,222,706,242 
1141	539,723,214,82,941,78,569,566,302,727 
1142	78,361,321,217,421,126,186,62,786,404 
1143	43,164,64,336,173,521,146,378,723,355 
1144	111,284,184,199,345,633,777,20,452,88 
1145	82,448,60,402,462,1009,321,157,273,143 
1146	222,64,44,358,90,214,111,566,82,60 
1147	48,72,103,215,66,160,8,487,11,177 
1148	542,42,565,23,33,608,244,65,164,405 
1149	189,521,808,307,4,60,242,264,157,441 
1150	151,706,234,11,48,541,160,58,587,215 
1151	24,142,4,120,448,839,601,292,126,276 
1152	429,12,234,215,8,185,138,228,128,92 
1153	128,138,164,429,624,386,42,521,149,74 
1154	197,342,1020,534,374,651,130,897,679,57 
1155	65,422,173,96,307,64,380,335,566,264 
1156	222,539,422,173,402,433,111,96,146,41 
1157	103,72,161,441,5,185,97,18,432,660 
1158	43,426,521,78,951,901,91,1010,337,960 
1159	296,111,359,508,215,12,624,45,185,8 
1160	103,365,441,10,44,23,51,570,224,228 
1161	135,173,67,82,37,723,264,431,828,60 
1162	163,200,636,275,631,1320,18,39,553,660 
1163	48,103,370,40,250,161,804,224,390,382 
1164	213,32,311,124,85,151,125,58,249,798 
1165	36,402,462,135,283,616,458,712,239,1216 
1166	132,520,985,1020,1065,896,689,779,1061,675 
1167	213,72,161,68,11,97,522,182,917,110 
1168	32,533,253,706,420,53,1116,72,726,494 
1169	906,777,720,78,377,376,393,494,264,217 
1170	631,148,614,200,1320,1013,115,1423,217,676 
1171	9,264,444,580,44,140,405,422,577,828 
1172	441,68,382,58,253,325,18,541,40,395 
1173	103,72,441,5,122,215,11,541,66,1173 
1174	56,111,380,521,67,74,53,608,565,135 
1175	307,140,992,269,539,580,335,525,951,91 
1176	29,185,40,186,32,160,475,68,541,53 
1177	491,534,289,197,140,14,78,392,127,108 
1178	577,66,342,393,53,165,264,398,456,627 
1179	217,394,1188,335,344,1242,1261,278,37,88 
1180	289,656,111,433,386,358,120,138,723,539 
1181	108,222,429,107,370,12,431,130,250,1020 
1182	173,67,42,20,116,140,354,41,135,523 
1183	264,165,140,78,534,127,580,164,90,1085 
1184	264,521,42,140,23,127,580,828,431,542 
1185	87,839,847,456,930,242,224,519,804,370 
1186	103,891,678,487,456,627,10,751,1121,12 
1187	13,217,53,106,345,96,93,267,353,906 
1188	18,157,142,458,76,429,431,307,242,44 
1189	444,165,392,164,78,90,33,44,828,154 
1190	78,164,53,289,362,494,1,19,42,448 
1191	138,365,130,224,159,40,228,161,570,116 
1192	103,441,213,68,18,228,432,253,11,891 
1193	111,570,384,222,120,72,705,456,25,23 
1194	18,361,97,39,407,29,522,8,660,437 
1195	569,462,135,458,402,76,283,78,273,321 
1196	213,441,32,185,68,228,53,40,310,151 
1197	111,1167,293,140,398,790,116,580,150,568 
1198	138,234,289,160,85,1191,359,957,456,390 
1199	216,256,420,398,287,103,488,35,533,116 
1200	70,232,720,287,159,317,173,488,574,647 
1201	569,166,1439,78,19,901,539,999,795,1491 
1202	166,402,378,951,157,36,458,366,302,65 
1203	77,197,3,267,217,473,574,70,568,293 
1204	199,78,264,20,568,45,127,1261,790,62 
1205	365,4,228,742,24,186,234,128,342,185 
1206	219,592,143,300,1009,283,500,1039,448,195 
1207	234,249,58,522,151,541,18,124,706,311 
1208	36,378,901,727,539,616,273,1002,665,1021 
1209	494,1054,640,826,202,1168,331,1107,26,1315 
1210	213,108,159,250,97,11,706,382,125,115 
1211	441,103,370,108,213,130,185,390,289,602 
1212	448,289,120,66,31,36,521,276,429,627 
1213	164,8,72,365,295,338,441,370,44,351 
1214	577,534,128,307,138,288,45,197,142,64 
1215	4,74,116,90,178,526,165,197,113,608 
1216	78,380,164,723,41,951,187,44,91,342 
1217	839,596,289,82,120,519,126,283,157,592 
1218	4,74,140,392,127,491,43,431,20,187 
1219	813,222,330,214,366,881,64,82,90,743 
1220	122,29,5,250,215,486,97,538,11,798 
1221	36,458,76,616,82,1009,276,143,579,361 
1222	222,150,53,580,392,111,608,109,24,184 
1223	9,60,723,87,42,539,37,288,140,402 
1224	103,108,161,253,12,215,97,706,382,110 
1225	67,366,330,9,462,766,64,799,808,44 
1226	103,441,48,161,159,68,5,249,296,325 
1227	122,85,382,97,541,125,522,253,182,18 
1228	441,159,160,8,107,85,5,32,751,365 
1229	109,184,78,393,26,984,568,452,345,187 
1230	24,4,342,43,345,335,431,23,307,64 
1231	108,161,250,234,5,160,8,66,296,151 
1232	82,839,189,624,116,128,60,627,358,431 
1233	213,32,122,382,325,541,40,522,182,432 
1234	135,458,521,157,569,62,87,1,42,53 
1235	782,1054,181,278,102,720,377,284,870,202 
1236	42,317,491,289,37,197,18,742,365,74 
1237	67,354,65,82,91,712,566,941,766,9 
1238	706,58,29,441,151,660,48,492,110,472 
1239	122,215,85,151,382,249,395,1173,917,39 
1240	48,72,161,130,804,296,68,147,847,138 
1241	441,108,72,66,160,891,29,390,296,224 
1242	187,404,992,225,1041,422,451,37,65,1078 
1243	441,804,365,159,224,150,185,40,891,85 
1244	140,351,74,37,392,421,345,154,444,745 
1245	250,32,891,185,8,382,325,97,522,182 
1246	1041,65,43,354,378,173,664,1463,222,96 
1247	78,74,521,65,42,392,90,422,386,165 
1248	56,293,184,815,633,244,49,542,284,217 
1249	11,249,541,215,311,407,125,1173,395,486 
1250	163,898,1054,223,912,394,895,1478,217,344 
1251	214,402,330,366,82,422,64,950,569,458 
1252	563,206,78,6,180,155,789,509,109,959 
1253	985,140,222,784,897,896,520,675,444,56 
1254	76,404,56,673,422,43,527,267,977,528 
1255	250,72,253,58,53,122,111,289,48,228 
1256	370,361,614,213,965,486,311,310,160,215 
1257	111,173,321,222,43,205,31,19,337,195 
1258	161,122,159,441,115,39,124,407,395,486 
1259	213,12,390,382,522,40,917,97,486,310 
1260	441,338,107,125,382,541,917,891,486,253 
1261	103,441,68,8,185,253,18,541,228,40 
1262	160,85,108,32,250,522,40,748,66,541 
1263	111,53,695,82,429,475,338,965,161,310 
1264	596,592,169,283,334,1038,300,36,656,448 
1265	64,288,42,380,951,127,813,41,173,366 
1266	56,90,74,64,127,20,542,828,165,345 
1267	539,78,214,766,813,1010,9,901,222,690 
1268	122,48,97,151,85,12,541,253,1173,407 
1269	967,173,378,397,1058,566,269,362,82,187 
1270	640,163,494,1261,1168,1242,1335,1013,1100,606 
1271	103,72,213,130,250,161,228,215,32,122 
1272	103,161,130,12,253,8,18,541,432,395 
1273	161,72,234,160,215,97,151,1173,110,311 
1274	1430,494,256,314,756,154,574,1167,791,984 
1275	87,67,433,142,24,539,65,429,330,1075 
1276	12,4,149,228,234,116,130,804,296,161 
1277	422,566,743,82,426,19,9,941,60,950 
1278	370,18,111,107,40,8,32,68,475,5 
1279	462,9,214,91,222,566,64,288,426,90 
1280	325,159,275,72,969,389,706,1047,249,411 
1281	87,108,42,140,66,164,8,142,128,37 
1282	179,1080,148,76,1112,732,1320,1316,494,1309 
1283	213,159,108,107,5,325,68,48,660,39 
1284	111,120,307,40,508,705,72,45,570,53 
1285	828,342,20,580,140,790,566,4,686,355 
1286	633,3,777,480,527,598,217,704,698,826 
1287	441,72,370,66,338,58,257,186,493,211 
1288	951,723,60,214,111,569,64,448,189,91 
1289	108,18,370,66,234,8,185,164,10,804 
1290	527,673,62,826,78,633,568,528,1242,853 
1291	142,82,627,808,45,334,214,596,1075,149 
1292	745,23,1158,377,264,345,1066,1211,1167,815 
1293	293,393,74,70,37,984,777,574,184,345 
1294	963,568,1167,256,850,415,1204,480,27,109 
1295	295,267,317,716,18,266,154,580,35,610 
1296	107,66,130,24,534,295,342,365,338,164 
1297	444,565,78,4,57,985,342,180,679,1020 
1298	565,53,457,24,563,113,180,187,954,608 
1299	981,200,148,1112,1013,179,898,931,340,115 
1300	706,716,338,351,437,110,97,420,659,235 
1301	828,295,64,116,42,288,526,565,150,307 
1302	370,48,72,891,68,11,40,917,123,487 
1303	82,627,9,135,930,214,111,384,334,67 
1304	826,580,154,53,568,293,393,56,49,906 
1305	365,250,577,23,159,317,130,213,224,742 
1306	103,160,250,224,5,8,123,718,502,257 
1307	53,405,264,565,140,13,90,20,534,64 
1308	494,197,3,4,542,293,199,651,832,108 
1309	357,377,633,49,267,199,673,393,19,187 
1310	65,521,426,566,397,433,362,146,140,950 
1311	157,1080,115,695,492,310,429,76,518,483 
1312	87,142,138,429,128,521,72,601,108,25 
1313	398,74,580,542,77,815,574,633,244,345 
1314	103,213,159,32,107,66,122,249,432,253 
1315	65,82,397,222,307,521,60,951,433,146 
1316	458,78,402,31,157,616,521,712,307,793 
1317	215,289,251,128,365,149,804,250,545,45 
1318	14,894,87,77,149,138,307,521,126,23 
1319	18,965,310,192,29,522,130,483,441,271 
1320	441,370,85,161,487,338,382,804,257,429 
1321	135,166,214,426,951,358,334,1002,9,87 
1322	441,12,85,891,390,122,541,487,289,224 
1323	78,222,111,62,76,9,793,362,172,67 
1324	186,48,614,249,250,58,32,361,37,602 
1325	985,189,400,565,307,43,60,57,264,651 
1326	930,839,276,583,448,754,205,914,195,48 
1327	43,378,41,1360,397,56,1343,874,527,164 
1328	39,311,581,587,395,460,660,11,160,1173 
1329	113,521,431,87,180,342,173,985,1020,1018 
1330	289,142,87,128,25,9,521,44,48,955 
1331	633,963,217,1430,906,1261,314,154,756,1155 
1332	66,48,742,228,264,475,808,130,60,157 
1333	87,45,9,111,386,24,149,808,1125,25 
1334	289,338,107,351,296,742,29,224,266,432 
1335	354,566,951,62,82,9,96,397,402,799 
1336	213,37,264,12,142,441,475,164,24,432 
1337	23,66,790,25,627,24,456,276,4,448 
1338	18,66,142,87,161,361,24,808,42,5 
1339	56,114,26,574,826,963,88,975,1204,568 
1340	267,374,57,547,457,235,140,475,338,675 
1341	161,29,289,965,310,429,486,68,411,160 
1342	264,421,267,4,43,140,60,77,458,127 
1343	62,60,458,850,135,9,267,264,793,139 
1344	90,221,13,64,269,380,985,563,354,525 
1345	596,143,592,25,1038,205,1345,847,1305,1026 
1346	1041,1466,135,380,96,13,1343,1015,426,580 
1347	161,103,338,441,115,488,587,228,460,797 
1348	72,249,8,160,253,541,382,97,432,228 
1349	32,441,48,215,11,311,39,389,407,12 
1350	87,534,288,307,244,140,42,90,77,421 
1351	528,353,773,187,264,906,53,575,377,345 
1352	213,48,250,122,107,185,58,97,804,186 
1353	1009,596,300,930,66,500,283,1026,448,889 
1354	74,565,24,164,9,534,23,27,64,651 
1355	334,605,149,219,596,120,1073,656,957,142 
1356	43,19,1058,397,307,269,91,521,1466,187 
1357	36,1009,402,458,596,31,219,143,569,135 
1358	186,161,72,361,338,58,614,486,151,253 
1359	596,10,9,583,521,24,384,429,1125,652 
1360	462,402,166,569,337,901,1216,727,239,172 
1361	151,742,29,533,5,581,659,234,432,437 
1362	18,111,159,222,213,189,429,271,660,130 
1363	213,108,130,5,338,215,249,151,395,311 
1364	898,1223,1267,1188,181,1359,598,870,578,1107 
1365	587,32,53,29,48,581,742,488,122,97 
1366	197,56,23,491,534,33,78,90,244,54 
1367	164,235,361,472,400,742,467,111,310,5 
1368	370,107,249,310,522,475,234,185,486,483 
1369	42,521,288,44,380,67,37,335,401,295 
1370	462,135,166,569,1439,315,283,378,1021,665 
1371	103,48,29,215,429,68,289,85,382,390 
1372	128,24,44,570,51,264,103,12,545,224 
1373	542,108,56,392,106,422,65,1018,1150,267 
1374	189,37,267,108,335,159,242,361,126,345 
1375	96,56,566,985,569,563,521,380,565,630 
1376	111,42,335,18,773,777,1065,245,107,361 
1377	624,116,149,44,164,365,92,366,348,264 
1378	335,768,569,62,36,404,786,795,613,821 
1379	173,111,695,132,93,514,1127,415,935,1153 
1380	82,76,189,173,786,688,186,426,321,18 
1381	189,808,140,214,87,242,67,431,113,264 
1382	48,29,8,185,32,68,186,432,475,742 
1383	458,135,656,36,222,519,276,219,712,189 
1384	111,187,380,881,264,4,135,366,431,82 
1385	757,267,832,111,109,83,698,528,256,293 
1386	370,409,365,790,534,421,35,266,213,295 
1387	157,66,448,143,60,36,614,729,1009,205 
1388	522,108,389,581,130,5,103,1331,249,614 
1389	166,941,569,901,426,36,990,283,1491,1332 
1390	745,56,720,1167,222,53,83,815,49,1430 
1391	222,295,173,491,244,421,56,745,228,8 
1392	23,14,140,317,491,154,393,197,444,745 
1393	441,186,185,128,365,18,160,224,228,107 
1394	295,96,307,106,187,20,345,221,608,651 
1395	43,18,87,217,431,307,444,157,64,150 
1396	480,542,267,393,984,197,494,184,74,4 
1397	307,569,426,941,358,397,766,1010,302,813 
1398	610,806,225,534,183,409,199,444,491,216 
1399	18,441,68,660,39,361,48,590,11,234 
1400	651,444,9,565,742,295,57,56,116,180 
1401	527,93,404,932,26,62,633,184,1481,422 
1402	398,77,74,140,815,681,345,70,293,608 
1403	19,42,566,187,90,60,56,378,221,24 
1404	429,103,82,475,161,37,213,43,361,107 
1405	264,180,9,651,400,444,267,422,897,773 
1406	520,896,93,720,132,57,630,318,374,319 
1407	189,60,695,1020,521,429,24,180,9,76 
1408	103,441,72,159,325,97,124,310,502,253 
1409	931,1423,782,598,1494,703,1107,163,870,776 
1410	164,222,173,444,1127,318,789,784,1065,1044 
1411	289,42,113,494,242,492,179,9,221,429 
1412	108,213,441,12,8,18,429,186,40,266 
1413	325,706,441,228,522,716,58,374,48,541 
1414	494,1242,1158,217,1478,777,898,340,613,480 
1415	34,113,106,580,444,107,651,514,256,243 
1416	37,264,580,494,4,57,82,457,415,357 
1417	116,295,77,20,82,44,217,165,164,90 
1418	335,580,457,415,27,220,850,60,357,361 
1419	23,197,345,4,317,444,335,777,1211,368 
1420	213,5,48,53,492,518,115,29,228,706 
1421	580,269,992,525,1041,1328,41,1466,608,462 
1422	103,234,85,32,185,159,891,11,429,186 
1423	64,127,566,378,44,433,469,951,686,355 
1424	415,27,42,154,49,34,199,150,633,1204 
1425	24,20,380,686,44,521,264,790,526,165 
1426	342,264,457,90,651,575,96,150,542,43 
1427	64,164,491,138,74,45,624,43,289,42 
1428	421,491,351,74,745,178,8,70,108,267 
1429	187,64,41,127,566,525,366,20,173,584 
1430	138,111,222,808,288,930,135,342,1125,892 
1431	267,720,480,377,452,542,13,199,528,393 
1432	569,402,743,19,65,901,146,315,664,1328 
1433	65,74,56,44,542,307,288,106,96,392 
1434	166,426,214,354,448,36,1002,690,65,799 
1435	422,357,494,184,1261,828,53,527,284,421 
1436	234,370,85,185,68,804,429,107,186,432 
1437	223,906,898,768,568,720,698,704,931,1054 
1438	596,276,120,143,66,334,36,592,126,955 
1439	213,72,441,68,107,85,522,382,125,311 
1440	337,402,569,36,1216,616,315,239,43,1021 
1441	221,400,580,140,467,475,249,267,472,494 
1442	66,142,334,9,43,754,583,307,157,31 
1443	1080,148,1112,732,636,981,361,1013,271,898 
1444	140,107,1127,24,289,57,9,565,186,6 
1445	187,295,127,150,608,542,288,401,178,43 
1446	43,19,31,36,82,448,276,78,135,9 
1447	166,402,426,458,289,189,951,433,358,950 
1448	900,107,68,389,275,706,159,29,160,753 
1449	13,608,96,127,53,264,23,1085,288,164 
1450	720,223,1242,906,27,284,444,621,528,102 
1451	850,223,640,102,1309,895,1494,1168,1188,494 
1452	111,429,45,8,296,545,234,228,251,250 
1453	219,334,596,930,195,143,300,169,448,142 
1454	596,930,120,334,656,583,592,169,31,1269 
1455	160,32,5,11,382,185,66,325,40,486 
1456	24,128,289,894,545,138,51,345,127,456 
1457	35,574,806,610,444,267,534,815,777,409 
1458	245,322,180,155,173,747,959,1044,565,526 
1459	78,53,850,14,60,786,9,19,126,1261 
1460	43,67,521,712,723,60,354,569,397,458 
1461	199,20,580,335,74,127,317,197,23,398 
1462	44,808,627,111,164,82,624,448,723,67 
1463	82,126,189,37,1,448,139,580,217,494 
1464	358,65,808,164,656,44,951,288,157,45 
1465	596,839,656,276,45,147,729,448,205,1305 
1466	219,143,300,1009,283,596,500,334,839,66 
1467	325,370,969,798,110,5,108,1080,160,411 
1468	441,12,161,107,24,228,150,10,365,9 
1469	521,264,173,422,289,431,64,565,457,985 
1470	378,569,337,712,239,36,950,616,1257,433 
1471	441,12,124,382,159,107,185,917,541,151 
1472	698,49,906,83,1158,494,975,111,826,574 
1473	370,107,289,5,361,228,185,660,142,296 
1474	898,895,598,19,26,853,1242,826,102,1204 
1475	256,421,1204,574,101,906,357,1158,832,293 
1476	269,146,378,173,41,90,1466,397,13,881 
1477	23,217,745,267,491,165,377,924,72,159 
1478	743,378,1466,337,426,1463,166,1360,499,380 
1479	24,140,164,307,521,65,126,4,342,142 
1480	342,44,491,72,429,51,108,14,456,8 
1481	103,370,130,107,429,234,228,58,5,222 
1482	67,307,521,951,799,727,214,566,315,36 
1483	370,18,32,29,122,310,228,53,242,115 
1484	48,108,103,804,87,160,751,85,18,149 
1485	165,74,64,336,41,542,295,526,164,4 
1486	103,161,441,130,68,11,8,432,395,124 
1487	494,19,78,527,181,340,140,826,1107,444 
1488	107,253,18,48,97,389,39,361,215,432 
1489	337,166,397,315,378,239,67,712,1491,82 
1490	289,808,366,431,173,214,67,386,150,66 
1491	111,335,199,293,109,421,101,452,542,528 
1492	457,563,27,96,767,353,187,132,82,220 
1493	720,568,293,1158,83,49,1211,109,197,264 
1494	140,580,197,317,542,20,633,681,777,357 
1495	113,18,742,197,897,178,679,422,1020,9 
1496	217,368,574,264,698,807,49,21,295,826 
1497	64,288,580,723,566,951,44,37,366,766 
1498	66,8,742,87,29,150,432,185,365,1020 
1499	159,18,37,42,264,289,235,221,87,651 
1500	441,365,545,185,296,142,804,390,541,588 
1501	378,951,433,164,941,723,799,712,9,901 
1502	335,88,404,82,1058,127,225,673,421,65 
1503	295,64,187,53,288,307,491,421,380,542 
1504	345,57,720,164,377,832,24,113,4,452 
1505	127,13,380,67,307,686,743,354,264,881 
1506	107,27,222,235,784,53,547,140,1153,651 
1507	5,122,160,58,18,97,541,522,310,351 
1508	790,633,745,357,267,720,398,293,681,78 
1509	159,389,488,68,581,11,460,39,18,1173 
1510	219,839,334,276,45,289,458,25,82,627 
1511	370,108,213,72,441,250,12,122,125,804 
1512	161,159,250,32,160,18,522,110,1173,182 
1513	161,58,160,325,432,186,11,228,125,522 
1514	480,1167,335,368,444,109,303,393,494,1204 
1515	138,149,147,583,847,448,652,334,429,701 
1516	569,941,378,315,1216,239,999,1432,1268,1182 
1517	88,49,698,217,335,528,963,1430,826,319 
1518	370,103,108,66,123,124,522,487,182,486 
1519	569,462,337,1439,402,36,135,283,941,166 
1520	264,74,20,116,828,790,444,37,380,13 
1521	70,35,154,342,267,745,103,165,420,216 
1522	790,197,295,48,35,365,215,217,491,293 
1523	160,161,250,289,718,382,502,147,8,484 
1524	72,420,4,48,197,317,151,398,234,465 
1525	245,180,444,689,509,155,78,415,935,335 
1526	166,569,422,566,164,402,1058,330,9,146 
1527	366,111,384,754,43,656,164,348,1125,189 
1528	393,345,51,251,149,409,24,72,321,138 
1530	76,135,458,786,768,321,462,793,1261,225 
1531	111,53,492,353,773,565,1153,1127,267,65 
1532	108,213,5,160,122,429,289,432,125,395 
1533	111,154,23,244,608,54,37,90,78,20 
1534	565,13,54,264,3,109,724,42,745,20 
1535	135,378,214,422,808,64,366,566,87,462 
1536	361,965,370,1080,161,32,275,441,411,122 
1537	103,160,5,85,891,185,390,541,917,1173 
1538	592,500,729,36,1101,1039,1269,31,616,920 
1539	250,213,138,296,804,149,251,186,40,51 
1540	319,78,850,322,34,49,682,565,526,935 
1541	60,222,289,37,9,616,688,31,19,140 
1542	580,264,491,165,90,127,828,96,20,197 
1543	173,140,288,378,127,366,539,828,19,62 
1544	44,164,187,67,173,342,723,378,111,87 
1545	580,164,189,321,42,127,289,64,19,126 
1546	264,415,57,742,651,27,675,400,103,357 
1547	48,370,441,159,250,130,185,804,150,541 
1548	120,87,157,458,10,429,143,135,583,25 
1549	103,72,213,130,29,85,390,224,266,253 
1550	66,847,219,48,138,276,215,729,224,45 
1551	225,269,967,850,146,1111,49,1041,566,88 
1552	78,569,799,766,358,164,499,82,941,1058 
1553	264,415,57,651,985,565,374,832,492,1153 
1554	219,143,300,283,500,36,31,833,458,1428 
1555	116,111,342,24,456,317,72,570,839,557 
1556	67,366,358,42,429,37,378,433,330,242 
1557	912,782,527,704,368,853,394,184,1204,340 
1558	24,164,542,90,64,44,828,288,197,534 
1559	37,130,361,48,1020,58,441,53,157,113 
1560	109,42,90,9,19,376,828,53,542,1261 
1561	566,222,43,173,13,1360,90,397,335,1451 
1562	742,580,130,197,116,679,57,106,235,357 
1564	72,5,58,249,85,66,18,11,151,361 
1565	108,103,213,159,107,130,250,338,249,110 
1566	9,8,534,790,12,392,44,317,173,140 
1567	225,96,494,269,404,357,525,461,1078,9 
1568	43,67,521,901,60,951,214,799,354,1010 
1569	283,1009,36,616,219,143,592,913,596,276 
1570	743,96,462,362,42,111,563,380,76,521 
1571	74,37,87,542,422,178,90,345,392,288 
1572	398,26,393,1167,183,480,197,264,88,568 
1573	491,534,74,8,108,345,178,267,140,293 
1574	88,56,574,197,568,77,70,815,720,317 
1575	159,636,179,103,213,163,483,310,631,952 
1576	1080,965,148,179,636,186,631,1285,1013,522 
1577	222,959,520,400,492,217,563,565,65,1061 
1578	228,222,159,130,149,338,296,577,224,534 
1579	895,1054,1242,377,1100,906,404,673,278,1315 
1580	6,896,245,1065,400,784,492,509,689,789 
1581	39,32,122,361,325,213,1031,614,1122,5 
1582	103,716,409,216,48,338,293,222,790,797 
1583	111,106,164,13,520,985,245,773,935,318 
1584	173,150,492,716,72,293,1020,679,249,832 
1585	627,583,87,219,570,48,448,605,384,471 
1586	67,19,166,1041,768,65,1313,901,999,1111 
1587	266,97,338,228,29,716,361,407,351,58 
1588	91,433,164,813,62,426,19,525,90,402 
1589	113,267,457,27,9,575,954,60,82,630 
1590	393,458,376,127,44,195,126,62,448,165 
1591	159,107,110,249,72,338,144,29,68,411 
1592	14,195,204,149,25,914,31,205,82,471 
1593	565,528,526,49,422,111,225,132,264,749 
1594	36,31,1009,283,596,126,616,839,605,300 
1595	220,1020,985,57,784,580,140,235,675,53 
1596	462,941,712,82,458,273,1010,31,433,307 
1597	140,289,422,37,431,366,4,580,808,127 
1598	108,116,103,159,138,44,14,228,421,60 
1599	462,378,43,402,901,539,78,354,999,65 
1600	138,150,116,87,72,342,624,215,545,441 
1601	225,35,577,409,159,165,574,420,114,720 
1602	43,462,426,941,358,712,566,164,727,222 
1603	103,441,32,85,122,249,891,40,253,522 
1604	183,35,534,103,716,610,409,577,437,465 
1605	143,1009,276,592,283,300,205,36,656,45 
1606	111,228,161,742,264,338,365,716,577,587 
1607	72,161,130,159,12,85,185,253,432,296 
1608	108,103,161,441,361,58,40,614,390,965 
1609	164,42,111,53,159,422,457,985,56,27 
1610	6,180,400,164,985,57,689,784,850,935 
1611	378,91,307,433,951,723,712,960,358,214 
1612	120,43,149,596,307,754,386,583,601,222 
1613	67,56,828,135,881,42,521,336,1058,264 
1614	577,199,317,545,23,131,633,480,263,228 
1615	135,166,462,67,397,36,799,433,616,1010 
1616	404,698,34,1261,77,111,826,1066,22,264 
1617	91,1058,397,19,766,521,525,813,203,82 
1618	695,242,457,518,103,249,370,161,575,235 
1619	528,184,264,342,111,790,221,199,284,422 
1620	43,67,426,569,723,799,78,960,36,566 
1621	57,107,221,457,773,108,377,954,679,514 
1622	161,122,249,68,160,325,97,228,541,587 
1623	173,53,154,140,4,56,267,335,20,815 
1624	596,930,839,120,334,143,656,66,289,627 
1625	1167,720,807,140,608,580,357,745,698,984 
1626	103,213,159,32,441,253,325,151,706,432 
1627	103,48,108,213,12,40,122,390,249,257 
1628	215,138,234,570,930,601,804,251,370,487 
1629	74,577,87,140,244,127,164,78,288,421 
1630	457,954,767,53,217,132,357,57,9,935 
1631	338,389,441,39,18,234,48,541,160,215 
1632	154,225,127,398,244,197,342,345,815,545 
1633	154,53,199,74,295,3,422,345,790,65 
1634	82,60,321,410,76,31,592,9,264,965 
1635	228,492,1020,164,429,8,189,264,235,253 
1636	429,185,40,107,53,365,58,228,5,87 
1637	345,18,164,57,377,24,295,679,20,113 
1638	782,335,963,1430,154,1167,984,199,421,109 
1639	49,421,3,1204,452,199,109,906,57,984 
1640	56,217,444,630,78,322,159,400,689,747 
1641	276,289,839,45,930,448,31,458,126,627 
1642	130,151,361,832,287,213,679,619,113,1020 
1643	103,72,441,130,85,11,8,253,296,182 
1644	43,166,67,378,458,616,239,60,283,172 
1645	163,965,732,631,981,614,636,971,1013,1487 
1646	138,128,627,839,429,456,583,111,652,224 
1647	839,120,930,448,1009,45,36,458,142,1235 
1648	295,228,4,415,56,421,165,3,745,542 
1649	462,941,426,901,315,521,307,799,1148,951 
1650	465,398,533,72,659,488,12,610,317,409 
1651	389,18,488,581,110,48,659,432,351,11 
1652	596,656,458,930,82,605,138,205,9,725 
1653	122,325,185,11,97,151,541,382,395,228 
1654	361,66,14,545,4,60,78,116,45,218 
1655	122,130,110,389,311,18,407,58,590,144 
1656	325,115,213,103,160,965,1331,29,130,125 
1657	215,186,289,72,103,234,185,411,660,804 
1658	108,103,213,130,12,68,122,18,11,289 
1659	613,1111,222,480,34,368,633,345,284,171 
1660	108,97,110,160,486,706,361,395,124,538 
1661	163,1320,1122,631,179,361,732,115,271,1494 
1662	67,941,354,91,433,799,951,315,960,999 
1663	234,18,29,742,266,185,804,58,5,128 
1664	930,276,596,120,957,656,1073,138,833,204 
1665	34,895,782,102,1242,826,1204,1032,598,88 
1666	127,19,881,9,1058,20,828,24,580,1328 
1667	53,37,150,264,159,267,197,345,494,9 
1668	522,124,382,125,185,541,917,395,390,502 
1669	930,138,847,276,627,40,128,754,1235,601 
1670	213,441,68,382,249,11,541,891,429,182 
1671	8,250,420,253,115,72,467,18,53,706 
1672	376,527,1041,743,1058,140,362,1100,494,613 
1673	462,539,426,901,36,91,950,1010,337,239 
1674	62,76,140,458,82,451,606,1012,946,60 
1675	1009,36,592,1101,219,276,616,0,833,172 
1676	357,264,42,720,62,221,27,9,49,935 
1677	146,13,584,813,20,43,64,173,9,936 
1678	18,361,213,965,142,32,441,53,222,660 
1679	965,370,1080,486,161,275,103,72,441,122 
1680	981,631,200,614,1320,1122,910,1494,1423,676 
1681	32,706,850,631,1122,1223,249,271,860,832 
1682	984,295,351,745,393,480,633,35,140,256 
1683	743,462,378,451,566,1360,166,380,655,91 
1684	83,681,264,357,698,114,528,975,1430,335 
1685	138,82,429,111,128,583,521,601,219,24 
1686	289,4,267,128,345,23,545,43,126,48 
1687	109,42,565,828,269,319,985,353,64,376 
1688	62,985,56,76,82,307,96,362,353,565 
1689	111,173,421,9,745,24,267,108,444,409 
1690	14,790,82,429,295,267,77,345,307,521 
1691	965,614,161,1080,275,5,29,148,107,310 
1692	267,494,88,404,357,34,189,43,218,545 
1693	370,213,441,289,228,186,253,475,296,266 
1694	743,43,378,1328,96,499,90,539,307,91 
1695	342,18,444,189,64,159,575,431,4,542 
1696	113,140,111,108,580,679,777,492,42,16 
1697	43,111,60,222,31,569,283,289,143,477 
1698	216,293,197,4,742,183,249,409,398,488 
1699	19,569,321,337,88,43,1111,451,283,60 
1700	74,480,393,23,491,77,178,815,49,78 
1701	26,608,932,633,568,704,217,768,480,184 
1702	60,458,65,214,808,53,166,186,64,42 
1703	49,26,217,140,745,53,574,295,452,790 
1704	140,220,563,959,1127,415,565,57,747,400 
1705	575,217,492,57,400,630,773,1153,1020,526 
1706	289,150,429,656,521,386,307,48,754,25 
1707	377,704,1478,404,1204,109,480,184,1167,83 
1708	66,249,289,185,432,58,186,475,351,382 
1709	354,813,24,881,64,82,380,330,499,111 
1710	378,222,9,569,214,422,64,24,799,448 
1711	253,186,742,72,113,235,361,122,441,106 
1712	377,826,981,1188,782,26,357,631,76,1122 
1713	619,659,465,253,293,115,256,460,53,742 
1714	142,264,116,441,370,51,228,18,159,224 
1715	78,26,528,1478,895,181,906,773,377,527 
1716	178,580,392,491,140,56,8,159,9,345 
1717	1020,228,235,53,742,467,518,389,110,432 
1718	370,213,18,12,716,4,150,5,706,492 
1719	135,941,397,521,951,315,1010,337,960,214 
1720	60,580,64,723,106,53,808,288,354,87 
1721	49,422,62,357,353,1078,527,217,935,319 
1722	9,289,60,267,87,142,66,135,157,77 
1723	199,574,88,791,1204,421,1102,906,109,56 
1724	614,163,361,732,32,115,39,1320,900,538 
1725	56,67,743,444,566,13,608,269,1261,1 
1726	159,8,107,296,289,122,58,382,11,432 
1727	219,596,143,729,276,36,500,334,605,195 
1728	66,48,161,215,142,475,361,68,891,157 
1729	138,839,448,583,334,48,429,82,955,652 
1730	53,393,345,357,109,295,14,267,116,217 
1731	173,267,415,180,27,335,78,108,220,6 
1732	27,803,108,614,1188,370,832,1309,57,693 
1733	321,421,76,688,14,19,62,1261,676,37 
1734	36,402,31,569,337,111,335,222,665,67 
1735	782,102,1242,910,1261,1188,181,598,88,1013 
1736	26,633,361,613,480,826,404,267,195,217 
1737	415,1204,826,975,109,49,984,154,267,704 
1738	720,83,912,704,853,421,963,199,368,480 
1739	777,480,109,452,116,984,42,633,197,20 
1740	122,58,66,185,325,660,11,382,411,395 
1741	965,148,200,163,186,636,732,275,311,161 
1742	673,76,981,895,1107,62,37,217,1111,821 
1743	566,992,380,43,569,451,1041,378,1360,1015 
1744	66,930,219,583,25,31,955,957,729,429 
1745	1328,96,1466,43,743,19,539,813,451,433 
1746	521,64,43,288,431,189,565,96,116,60 
1747	480,222,568,321,199,111,345,777,357,782 
1748	534,197,165,87,421,228,42,244,66,398 
1749	342,577,267,409,24,72,12,42,345,662 
1750	60,76,337,569,239,189,289,362,448,273 
1751	525,187,90,164,539,462,723,127,173,140 
1752	82,189,225,415,614,57,106,164,421,370 
1753	225,745,480,392,608,491,23,184,377,565 
1754	528,62,376,221,720,404,1078,353,520,932 
1755	37,786,18,34,614,337,157,631,362,788 
1756	462,43,62,36,458,397,172,76,1367,283 
1757	163,898,179,1309,850,1080,148,1320,102,640 
1758	49,777,4,398,217,357,815,109,345,293 
1759	18,581,361,580,444,57,806,777,716,8 
1760	264,23,42,491,154,244,54,33,20,127 
1761	82,60,723,90,289,431,951,44,173,106 
1762	269,525,380,743,146,127,20,64,461,111 
1763	9,66,521,18,839,214,37,31,76,402 
1764	1080,965,148,732,614,971,275,179,349,370 
1765	345,186,88,26,444,150,82,545,78,60 
1766	782,335,181,102,720,1168,768,1100,202,1107 
1767	361,235,161,457,130,679,675,115,832,76 
1768	36,283,337,462,1009,569,135,315,795,788 
1769	458,60,14,9,78,87,37,66,786,345 
1770	967,1058,222,397,426,1328,521,451,187,580 
1771	963,806,199,628,1167,421,1204,26,197,756 
1772	984,528,88,906,53,78,452,165,832,345 
1773	898,62,676,925,337,514,821,912,458,321 
1774	65,41,187,813,566,288,20,692,828,376 
1775	850,1423,895,163,278,88,853,1107,631,181 
1776	1080,361,186,32,148,636,311,654,103,971 
1777	374,475,235,472,253,42,53,5,954,587 
1778	56,1261,569,404,217,82,164,264,135,345 
1779	370,103,72,161,441,250,32,122,432,266 
1780	757,421,109,633,452,165,528,57,42,542 
1781	581,757,693,245,1280,106,108,357,1116,1065 
1782	640,1267,826,598,1309,1107,225,1188,910,217 
1783	43,941,712,539,727,273,31,521,665,78 
1784	850,225,357,18,345,563,720,82,832,773 
1785	108,370,213,107,249,66,68,58,185,289 
1786	62,78,569,111,337,613,135,421,786,285 
1787	9,27,18,357,345,342,563,773,187,4 
1788	64,4,289,42,422,140,189,808,127,142 
1789	345,494,377,295,393,150,542,109,13,74 
1790	357,159,1423,1223,27,53,245,264,444,42 
1791	458,43,82,173,195,120,205,87,135,410 
1792	289,111,18,142,72,103,338,10,215,43 
1793	48,128,627,224,120,108,705,891,111,487 
1794	574,295,374,357,480,140,284,580,183,542 
1795	448,82,596,60,222,189,521,14,143,307 
1796	163,850,631,910,1423,1054,1223,1080,640,202 
