0	300,1039,153,616,596,833,913,172,1439,795 
1	4,828,580,53,392,401,380,881,13,608 
2	361,614,275,441,68,311,39,483,1080,798 
3	1204,1430,1423,101,26,114,344,16,568,906 
4	610,377,35,745,806,742,716,216,577,465 
5	234,68,160,11,185,541,18,395,310,587 
6	1153,767,93,689,563,1044,1061,322,897,630 
7	624,754,342,40,508,705,348,103,384,847 
8	249,124,12,311,1173,395,407,115,58,443 
9	26,1066,745,963,826,131,22,975,83,906 
10	66,108,103,32,365,107,11,847,484,257 
11	103,108,68,325,541,124,395,249,123,718 
12	370,130,40,289,32,5,390,186,11,257 
13	525,828,813,401,336,584,355,755,269,608 
14	195,914,605,1235,292,596,204,839,1248,471 
15	608,109,357,49,1040,33,405,984,745,13 
16	215,185,122,68,160,253,53,432,296,742 
17	357,116,267,319,197,49,4,608,335,790 
18	26,984,826,963,233,745,49,756,303,357 
19	402,901,743,799,951,950,239,766,1058,1328 
20	111,4,345,77,335,165,393,317,745,64 
21	881,813,692,539,725,380,828,41,358,507 
22	441,29,475,8,660,5,228,185,614,68 
23	458,195,31,592,138,596,914,605,168,1235 
24	624,264,307,392,521,288,74,54,77,127 
25	563,896,93,630,784,322,400,318,1065,1044 
26	596,539,1010,412,616,690,687,358,951,950 
27	716,437,249,37,150,488,235,232,619,287 
28	132,93,985,6,220,322,630,206,666,1127 
29	4,77,377,357,745,342,127,577,88,49 
30	161,107,103,68,706,234,11,395,407,311 
31	563,773,896,206,155,495,49,682,527,906 
32	289,307,24,596,725,276,412,1193,692,402 
33	48,18,488,716,659,216,234,797,374,437 
34	111,197,534,250,577,266,338,662,716,87 
35	906,376,357,598,932,568,93,704,1204,912 
36	45,222,570,627,224,754,847,491,365,25 
37	596,402,616,1193,665,605,687,1269,955,412 
38	87,157,214,186,431,67,580,76,951,358 
39	315,616,690,950,397,799,1431,1216,214,960 
40	159,32,234,249,215,11,541,395,124,39 
41	128,12,44,456,491,264,624,627,8,215 
42	53,24,173,51,491,264,77,295,292,557 
43	624,627,366,384,790,121,348,1000,508,392 
44	542,187,608,178,828,154,13,392,49,77 
45	743,539,91,525,499,1160,664,766,1451,208 
46	539,1058,992,967,951,397,41,1328,277,1160 
47	128,103,847,40,804,705,116,4,186,384 
48	159,614,250,486,660,48,483,429,275,1080 
49	13,401,392,686,608,525,336,41,469,355 
50	82,24,166,214,402,951,539,64,358,412 
51	985,743,60,563,977,269,380,630,277,575 
52	142,808,627,128,358,214,384,1125,399,725 
53	847,596,1235,955,1191,605,1248,61,914,169 
54	234,804,847,678,123,382,484,718,80,257 
55	103,72,441,249,325,58,541,125,395,182 
56	353,985,773,1153,959,563,1127,400,93,784 
57	392,140,54,444,1085,154,33,405,1150,608 
58	103,161,107,215,249,325,11,58,124,395 
59	48,103,213,185,891,138,128,847,68,359 
60	896,220,959,630,322,1127,206,155,1044,935 
61	311,249,407,389,160,395,275,144,798,125 
62	773,563,520,132,896,6,630,220,49,357 
63	18,111,108,42,113,361,415,235,78,547 
64	847,678,596,1345,1235,61,955,1248,1181,1305 
65	223,782,1423,527,102,1204,826,853,1107,202 
66	773,132,767,220,895,747,896,931,514,1223 
67	392,54,42,65,90,1085,637,828,405,33 
68	358,813,766,91,380,277,499,41,799,203 
69	10,930,596,384,149,60,135,1125,214,955 
70	380,401,828,881,41,336,525,951,686,813 
71	213,68,85,382,125,541,522,395,917,296 
72	53,60,214,82,135,67,157,429,951,358 
73	114,806,745,610,465,131,984,256,101,815 
74	539,941,951,727,1010,315,358,239,1148,273 
75	234,296,29,891,8,359,186,224,847,487 
76	13,608,828,150,686,380,401,336,392,945 
77	135,67,521,62,126,402,87,321,793,214 
78	88,77,21,368,745,26,22,1158,376,568 
79	49,13,357,984,681,745,1167,77,568,303 
80	745,577,23,267,3,444,610,815,806,114 
81	24,60,106,566,335,951,277,985,214,380 
82	169,955,1305,204,833,622,847,1181,889,920 
83	88,357,77,49,284,745,608,26,681,368 
84	161,587,488,581,716,432,742,216,68,797 
85	743,41,146,539,992,828,1466,13,813,499 
86	441,103,804,111,847,338,213,891,29,45 
87	114,1167,745,1430,357,49,698,568,1102,26 
88	108,338,161,29,8,215,68,92,395,751 
89	72,213,441,48,66,5,122,58,228,85 
90	959,400,220,547,353,132,6,514,179,773 
91	605,955,1073,622,169,1305,1235,204,1193,195 
92	745,228,392,244,217,393,1085,815,33,610 
93	49,984,1167,357,681,745,83,906,26,88 
94	222,215,45,228,804,570,317,24,9,624 
95	941,951,799,950,397,214,960,690,1361,1431 
96	103,213,441,234,66,5,185,186,541,475 
97	575,65,400,959,1127,985,547,220,214,6 
98	718,123,311,125,748,395,798,650,443,407 
99	608,357,13,984,906,749,757,568,1167,1040 
100	743,992,397,768,967,146,1058,451,793,977 
101	716,216,488,253,797,437,662,465,619,232 
102	164,189,82,651,225,431,357,421,494,197 
103	475,107,250,40,5,234,215,32,310,614 
104	264,985,575,444,565,954,630,563,400,357 
105	743,951,1058,146,380,499,277,525,1328,41 
106	806,114,745,256,465,984,619,101,716,1280 
107	357,199,745,393,335,49,777,351,984,815 
108	161,5,122,429,289,660,253,411,432,395 
109	898,981,1478,223,640,895,673,925,1107,181 
110	103,108,5,160,249,311,382,395,891,798 
111	563,6,155,220,318,689,935,1078,789,1044 
112	221,33,405,392,422,608,1040,357,1150,897 
113	896,206,322,220,689,959,509,630,1044,1127 
114	475,42,130,87,808,24,12,472,518,235 
115	161,107,68,58,185,660,40,85,8,522 
116	103,441,130,160,5,185,382,58,253,395 
117	608,13,9,480,90,49,96,77,828,197 
118	896,509,322,1127,789,318,666,1044,1498,400 
119	103,161,130,160,185,11,325,8,125,395 
120	72,5,48,234,97,151,395,110,590,311 
121	773,1153,353,767,6,220,520,132,357,93 
122	143,596,334,87,477,195,605,616,168,500 
123	24,214,67,951,157,366,580,358,277,539 
124	392,608,13,20,9,1085,828,54,33,405 
125	985,220,322,509,789,747,630,784,1065,935 
126	488,716,437,115,287,216,797,619,460,232 
127	660,18,706,39,48,311,234,395,215,407 
128	745,392,491,534,244,225,33,1085,815,49 
129	149,43,4,839,448,142,77,288,264,725 
130	806,83,791,1204,357,984,826,437,963,1430 
131	340,1223,782,1267,1309,202,88,703,910,1494 
132	147,656,847,596,448,384,705,652,955,471 
133	624,656,384,348,1125,82,212,1000,121,947 
134	441,161,8,185,122,249,58,18,186,395 
135	48,108,103,234,370,296,224,68,751,847 
136	144,311,407,969,860,1047,524,395,488,460 
137	103,72,250,11,325,124,253,395,66,486 
138	357,88,26,293,78,199,1204,49,256,745 
139	342,429,790,10,624,384,25,601,652,1000 
140	66,289,150,108,4,128,149,351,456,295 
141	144,407,969,1047,275,1067,860,524,1331,798 
142	222,142,402,334,477,66,596,616,412,725 
143	488,716,437,287,216,232,797,619,235,465 
144	745,165,610,409,806,716,374,216,465,815 
145	985,400,1153,630,6,220,353,1127,563,767 
146	88,527,608,13,1111,673,77,49,357,525 
147	402,616,941,214,727,665,273,99,913,239 
148	598,782,895,704,621,1478,83,181,757,853 
149	370,441,107,160,122,85,432,40,97,224 
150	26,568,49,698,704,1204,975,782,932,608 
151	111,228,87,351,224,29,186,58,251,18 
152	608,563,985,13,357,49,743,828,269,630 
153	213,72,234,48,29,68,215,185,917,395 
154	570,120,147,429,847,222,4,9,44,365 
155	596,955,1073,605,1235,204,490,195,391,701 
156	955,169,847,1181,204,391,1269,889,490,833 
157	839,596,189,605,477,195,169,955,833,384 
158	614,429,48,37,249,310,29,217,660,432 
159	256,357,679,344,437,1280,1204,757,16,716 
160	716,18,266,581,420,437,806,216,232,465 
161	1261,992,655,1058,1367,743,1328,376,673,1463 
162	108,441,370,185,40,107,365,18,432,122 
163	179,1080,981,631,1122,1112,910,200,1013,908 
164	985,575,217,630,400,773,897,6,1153,1018 
165	295,197,342,491,398,662,250,441,420,370 
166	847,384,508,596,212,348,955,360,678,652 
168	68,522,12,185,85,310,411,395,429,311 
169	791,114,1204,26,1280,568,1102,88,628,1070 
170	563,985,6,689,747,1044,1486,1127,935,630 
171	847,596,1073,678,391,955,1191,605,61,1248 
172	122,160,185,85,66,253,97,541,395,182 
173	24,392,54,127,78,421,77,1085,56,33 
174	159,58,310,429,614,361,185,325,502,395 
175	384,1125,348,212,596,624,1000,947,652,471 
176	213,72,325,160,97,110,124,395,389,311 
177	103,108,161,441,325,185,382,8,395,390 
178	150,130,266,662,420,317,128,35,87,716 
179	8,228,234,115,58,432,488,581,716,395 
180	214,87,78,492,457,400,547,472,951,575 
181	614,179,189,289,547,641,498,609,631,163 
182	941,539,727,1010,950,302,214,951,960,799 
183	72,48,213,429,142,186,32,53,18,541 
184	357,228,27,18,116,345,256,335,806,984 
185	828,401,686,584,269,146,13,355,499,755 
186	116,165,422,357,65,608,49,790,77,14 
187	847,678,1191,1181,1305,955,605,61,231,490 
188	317,23,370,289,742,197,441,24,215,662 
189	172,451,1367,285,795,692,673,376,1111,88 
190	458,43,9,596,157,219,477,725,195,605 
191	826,782,704,975,368,376,527,1478,673,1423 
192	745,393,542,444,77,1085,815,392,351,54 
193	87,24,18,521,477,138,10,808,214,99 
194	234,72,103,891,804,487,382,847,257,493 
195	768,451,743,1367,967,397,992,793,88,146 
196	392,37,534,54,33,828,1150,405,244,577 
197	148,981,1112,200,1320,1335,1013,275,1223,1110 
198	896,563,1127,400,784,630,689,1065,779,318 
199	64,116,828,43,20,790,401,380,392,608 
200	716,216,488,437,465,619,662,232,235,287 
201	49,376,906,828,357,686,1261,749,527,1481 
202	108,159,68,151,311,541,124,395,185,407 
203	534,74,44,392,745,77,244,54,815,1085 
204	103,213,11,123,718,541,182,311,395,748 
205	103,441,159,11,382,325,97,8,125,395 
206	10,627,164,624,108,72,150,348,384,18 
207	87,370,128,186,130,215,40,213,228,161 
208	743,146,91,967,41,813,766,397,1160,451 
209	984,256,101,745,1430,1167,757,1280,357,1102 
210	985,353,220,6,1153,773,563,630,767,520 
211	608,13,49,37,357,109,77,4,376,828 
212	896,220,689,985,563,779,747,1044,104,318 
213	103,72,130,68,11,249,125,541,395,660 
214	103,161,159,250,48,12,325,432,429,395 
215	655,563,520,1028,608,376,13,269,682,155 
216	596,195,701,471,1073,652,440,292,1235,597 
217	596,500,300,616,833,204,1235,579,169,168 
218	392,565,608,33,54,1085,405,13,828,1150 
219	267,140,42,458,429,66,14,448,217,477 
220	392,1085,745,54,534,77,608,33,13,815 
221	289,14,267,458,521,64,139,431,321,19 
222	441,804,296,87,365,186,150,224,891,351 
223	103,441,213,5,185,325,11,8,411,395 
224	608,13,49,1040,78,33,984,645,745,357 
225	163,614,179,148,981,732,1335,1320,275,1110 
226	159,107,185,891,249,58,40,804,224,365 
227	72,234,108,40,185,8,390,122,142,257 
228	946,1439,795,397,1367,967,451,402,616,727 
229	766,402,813,799,499,950,941,397,743,1058 
230	142,429,72,10,754,120,82,384,847,291 
231	66,103,441,150,370,8,142,228,213,107 
232	613,172,1367,285,1303,616,786,1037,867,795 
233	135,422,695,214,985,575,951,277,959,630 
234	743,525,992,269,1328,380,539,397,499,881 
235	799,358,901,214,766,813,727,1010,743,643 
236	26,984,83,344,975,1423,88,698,101,1223 
237	103,215,128,53,111,365,570,847,705,10 
238	392,54,828,1085,637,401,13,380,608,1437 
239	142,847,87,296,678,456,45,487,61,508 
240	159,249,18,58,160,66,429,310,395,660 
241	82,157,335,76,214,402,18,62,951,539 
242	85,123,382,718,125,748,395,311,257,211 
243	342,87,12,365,128,421,24,409,159,149 
244	1261,768,673,786,1367,357,1100,606,1012,946 
245	596,214,358,402,384,412,539,1125,1088,1193 
246	48,40,847,108,678,751,754,390,61,508 
247	392,13,444,828,608,1085,401,54,380,686 
248	269,743,41,828,951,539,277,336,686,13 
249	610,377,806,716,745,216,465,437,619,114 
250	11,311,125,107,395,798,718,123,650,407 
251	234,12,5,40,382,107,58,296,541,325 
252	681,88,745,26,1066,368,568,131,756,1167 
253	912,1054,853,394,1309,981,578,673,655,1032 
254	103,370,441,66,213,130,429,224,382,541 
255	264,745,77,228,9,815,409,1085,924,392 
256	786,225,673,676,925,514,357,477,418,88 
257	745,114,35,806,610,984,815,577,465,924 
258	577,72,215,12,9,570,24,627,409,847 
259	914,292,195,77,1248,532,194,439,471,597 
260	596,616,500,402,300,172,1269,273,446,605 
261	5,18,533,716,234,742,659,488,216,797 
262	48,40,847,570,370,85,12,678,508,68 
263	985,457,575,180,630,307,18,159,563,1153 
264	881,380,766,499,214,525,743,692,401,203 
265	847,1073,1235,955,678,605,1345,914,384,1248 
266	716,42,232,806,619,130,610,437,216,465 
267	77,745,335,14,580,197,56,815,608,49 
268	103,161,130,234,325,522,395,266,182,660 
269	267,42,345,745,70,24,8,542,357,815 
270	116,217,716,197,662,35,317,66,216,365 
271	24,173,48,627,51,317,601,77,295,72 
272	87,186,72,4,18,448,157,10,545,342 
273	786,616,1439,172,402,981,1367,579,821,273 
274	72,250,130,5,107,215,18,395,311,917 
275	1111,26,357,598,49,768,912,568,932,368 
276	365,87,142,234,222,116,128,804,296,577 
277	402,1439,788,786,172,273,941,1148,477,795 
278	563,155,6,747,1498,959,193,1044,935,1127 
279	608,745,244,49,491,20,33,392,13,77 
280	264,60,140,150,106,4,242,48,228,1018 
281	77,317,393,894,197,292,745,398,545,815 
282	896,773,608,13,682,49,6,935,749,512 
283	93,896,985,563,322,220,689,666,1498,630 
284	173,24,458,37,14,448,321,45,361,477 
285	745,345,70,351,8,165,77,251,924,131 
286	429,370,614,1020,161,547,808,217,472,400 
287	1153,6,896,630,520,220,93,1065,318,357 
288	138,342,790,108,317,627,570,545,624,14 
289	624,128,53,392,66,142,892,54,178,828 
290	159,161,250,361,58,660,614,432,395,311 
291	716,216,437,465,619,806,488,610,287,797 
292	1153,767,563,6,896,630,93,318,400,935 
293	605,955,847,169,1305,204,1181,195,440,1191 
294	66,87,250,264,12,24,441,189,217,235 
295	441,29,5,228,249,40,53,186,266,142 
296	85,123,718,224,748,250,382,484,80,257 
297	353,1127,6,400,1153,773,132,563,767,1061 
298	400,1127,6,353,1153,630,773,897,132,563 
299	66,429,18,72,159,103,242,12,157,250 
300	587,97,581,234,325,488,716,216,742,797 
301	525,146,813,755,743,936,336,167,951,1360 
302	68,8,522,12,115,706,660,11,395,228 
303	116,77,65,342,164,20,321,289,422,580 
304	614,250,242,48,115,492,441,189,547,472 
305	614,1285,148,179,484,271,163,200,553,631 
306	48,40,29,160,53,186,224,68,149,847 
307	402,91,799,315,960,302,214,1010,1216,499 
308	409,420,222,662,365,742,790,716,338,216 
309	743,1058,380,146,269,41,967,539,376,992 
310	568,984,1167,906,1204,681,101,1102,1423,791 
311	806,232,610,256,287,488,114,797,1280,745 
312	402,358,799,950,960,766,901,302,203,499 
313	13,967,269,167,1328,1466,828,881,1261,461 
314	441,160,311,407,706,11,660,395,182,443 
315	491,580,392,542,228,64,345,431,33,56 
316	214,82,358,60,433,951,539,166,330,402 
317	596,519,321,725,195,128,605,204,914,471 
318	49,26,1261,681,368,698,303,357,13,629 
319	596,276,955,605,384,1193,622,1125,1073,412 
320	773,896,563,322,789,747,1044,1061,630,935 
321	26,698,681,1167,745,368,963,49,1430,256 
322	448,60,596,222,402,66,283,616,477,412 
323	160,382,58,253,8,541,66,395,891,1173 
324	357,150,587,57,716,437,42,256,183,806 
325	130,804,123,147,484,718,847,80,257,748 
326	500,300,1439,616,913,1039,788,402,315,596 
327	896,985,1127,322,563,779,666,747,206,318 
328	214,951,60,358,539,402,462,64,277,950 
329	767,220,563,132,630,959,93,1065,784,318 
330	539,214,951,813,402,412,91,766,881,692 
331	370,213,159,249,66,58,151,11,660,395 
332	500,300,616,833,1039,169,1269,605,172,1428 
333	951,402,91,214,397,358,380,941,203,799 
334	26,527,1111,898,357,1204,394,376,223,1242 
335	110,29,310,311,407,395,614,524,488,258 
336	9,384,1125,596,348,624,212,1000,652,847 
337	596,579,833,153,616,1219,273,665,1439,889 
338	539,402,214,358,1010,690,91,302,766,960 
339	716,437,161,4,266,232,235,151,619,287 
340	1261,26,376,527,598,673,368,698,826,704 
341	111,374,415,494,293,4,197,716,357,57 
342	264,742,107,610,716,745,216,806,465,662 
343	596,143,31,955,605,384,1193,1073,204,622 
344	370,48,441,234,159,68,85,382,804,289 
345	813,1058,951,499,766,743,936,1328,1466,203 
346	185,58,429,68,160,289,475,310,97,395 
347	587,266,115,53,97,234,488,716,395,235 
348	58,382,325,541,253,97,390,125,266,395 
349	289,847,678,508,384,596,61,360,652,212 
350	13,608,96,77,65,828,392,1085,686,380 
351	392,140,244,56,745,1085,77,54,33,815 
352	570,847,596,384,72,53,652,955,1000,471 
353	342,828,521,380,401,565,608,13,686,336 
354	745,49,681,984,815,114,1167,77,357,608 
355	766,813,799,881,277,1010,901,1058,743,397 
356	767,1153,357,563,93,520,896,6,630,220 
357	596,665,1039,913,687,500,833,169,1269,1193 
358	220,132,520,400,1153,563,93,747,935,1061 
359	1039,579,1269,616,913,585,1377,795,446,1048 
360	72,159,441,130,250,8,68,122,253,541 
361	311,130,798,407,650,395,275,718,744,123 
362	539,402,358,91,799,950,813,960,901,690 
363	142,24,808,140,78,361,48,214,477,614 
364	173,217,422,742,494,335,357,431,64,1018 
365	130,441,8,228,160,58,97,541,382,395 
366	87,433,214,358,539,64,120,412,951,725 
367	400,235,472,180,518,897,575,547,959,653 
368	225,267,534,745,377,577,345,8,815,357 
369	122,253,185,18,97,11,266,541,395,1173 
370	358,91,766,402,881,499,277,692,380,203 
371	608,13,49,376,357,127,217,828,686,77 
372	18,215,107,53,87,40,228,365,249,742 
373	370,213,441,48,8,58,160,382,85,40 
374	43,111,24,53,458,45,725,692,1,214 
375	975,1167,1204,256,791,314,114,1102,1070,357 
376	144,407,969,1047,395,275,1067,860,524,1331 
377	370,213,441,29,66,11,382,325,97,53 
378	26,963,1158,984,256,906,357,628,782,114 
379	596,402,273,665,500,585,933,172,1039,1219 
380	596,605,1269,833,1235,616,1193,665,1073,687 
381	380,13,881,401,392,686,608,41,336,469 
382	358,214,881,203,1010,380,1058,901,41,146 
383	392,565,608,64,828,13,33,54,1085,405 
384	608,13,392,33,1085,828,1040,54,49,405 
385	441,48,103,40,123,487,718,257,395,211 
386	66,111,234,29,185,87,5,58,32,1020 
387	108,60,48,173,37,103,150,370,140,448 
388	539,951,992,1058,380,91,967,402,277,451 
389	72,48,11,185,382,97,66,124,395,917 
390	400,985,220,6,353,547,1153,132,472,897 
391	402,358,941,91,950,799,960,901,302,412 
392	1235,1305,833,1073,955,300,920,847,1039,1026 
393	103,122,325,160,253,11,395,432,429,124 
394	1261,768,563,93,49,1078,376,527,608,935 
395	400,472,235,228,217,547,161,370,575,897 
396	813,146,336,686,1117,1328,828,936,539,91 
397	106,429,214,695,140,112,113,614,547,477 
398	12,160,8,253,382,429,325,11,395,296 
399	534,8,398,154,745,77,393,70,140,815 
400	368,21,745,1066,826,975,303,906,49,1430 
401	1280,344,757,791,1116,1204,357,693,716,1223 
402	951,743,91,1058,402,397,146,214,41,269 
403	1054,1223,1267,181,1204,1124,1032,768,1107,910 
404	103,160,72,382,311,538,395,123,718,798 
405	745,984,293,49,114,357,815,681,1167,608 
406	91,799,950,1010,766,960,901,203,727,412 
407	1010,214,951,358,690,950,412,91,941,727 
408	87,9,365,12,103,264,317,491,545,624 
409	60,150,45,458,225,4,448,217,77,18 
410	380,828,525,813,584,1117,608,1058,755,523 
411	149,147,519,656,847,14,596,44,914,195 
412	269,1328,397,380,499,91,1160,874,766,768 
413	150,116,66,24,577,173,317,429,44,14 
414	370,441,160,32,382,522,66,123,395,718 
415	382,125,541,107,123,311,395,718,443,798 
416	402,539,951,214,941,397,743,727,358,91 
417	853,278,1267,102,181,1100,910,776,578,1188 
418	768,1041,1058,655,146,743,269,1328,1100,874 
419	608,20,13,178,828,154,392,686,401,49 
420	97,234,488,389,659,18,115,716,797,216 
421	608,23,392,3,745,33,49,13,77,1085 
422	48,276,108,484,234,614,169,111,80,847 
423	9,808,18,214,242,67,64,66,358,951 
424	250,351,4,149,87,213,130,545,456,317 
425	542,74,608,357,49,197,790,178,526,13 
426	110,266,234,68,58,522,488,395,310,407 
427	26,357,568,698,1158,1204,368,256,681,745 
428	896,132,608,318,49,13,206,985,935,682 
429	48,108,103,130,213,296,186,128,5,382 
430	161,32,311,124,115,407,798,395,275,650 
431	539,499,469,146,828,743,269,401,336,1160 
432	66,215,160,186,68,296,85,87,228,742 
433	881,951,766,499,214,1058,828,743,277,203 
434	138,142,45,4,72,570,754,384,624,847 
435	72,48,441,234,250,68,40,804,541,257 
436	32,488,742,5,389,467,235,217,716,258 
437	1158,26,376,49,303,1261,21,745,22,629 
438	111,120,656,448,384,4,624,596,1000,652 
439	985,509,318,689,747,789,959,193,1044,1078 
440	48,103,108,160,365,570,847,487,147,111 
441	380,525,813,469,401,1058,686,539,355,13 
442	214,42,289,358,951,539,422,37,277,402 
443	745,293,491,610,392,542,444,806,393,815 
444	161,338,5,160,122,58,325,8,18,395 
445	32,18,58,429,249,8,160,382,85,891 
446	896,563,6,206,155,509,789,318,1044,666 
447	87,458,429,264,44,334,150,195,25,596 
448	985,575,773,630,159,1153,357,353,563,6 
449	441,159,122,185,8,66,58,125,395,124 
450	596,605,955,384,1073,204,622,1235,847,195 
451	72,103,40,185,891,390,487,107,138,257 
452	32,29,614,325,275,160,965,52,311,798 
453	108,45,189,138,60,4,128,149,157,441 
454	951,358,813,881,214,402,692,41,1058,203 
455	13,608,828,686,336,27,401,945,380,49 
456	441,742,161,264,351,142,24,342,804,295 
457	392,37,828,608,13,127,33,1150,405,401 
458	402,616,913,1216,1148,727,665,788,579,397 
459	234,487,68,847,142,257,123,678,718,484 
460	525,743,1058,269,376,608,828,686,881,461 
461	1058,146,358,269,743,828,755,336,1328,1466 
462	159,12,8,249,58,160,289,382,310,296 
463	614,1080,148,275,179,1112,200,732,631,654 
464	213,441,66,249,11,58,891,296,432,395 
465	187,77,165,295,37,164,790,608,357,49 
466	53,77,140,96,56,828,608,392,13,401 
467	525,828,401,336,584,951,146,269,766,755 
468	681,77,88,745,368,292,1066,26,131,568 
469	392,54,44,1085,351,77,745,444,33,815 
470	542,491,345,228,267,78,745,392,33,77 
471	754,508,348,705,624,53,847,12,384,212 
472	370,103,161,215,186,289,142,660,390,310 
473	1058,1041,380,41,397,1360,13,1111,1411,499 
474	33,608,405,1150,1040,54,1085,13,828,724 
475	766,358,813,402,499,277,881,397,380,941 
476	123,847,718,251,80,484,748,678,61,257 
477	150,624,839,429,577,754,384,120,392,1000 
478	76,164,157,87,429,106,345,66,614,498 
479	161,249,185,11,97,18,85,395,110,411 
480	169,596,833,500,1235,1026,605,195,889,1305 
481	88,26,1204,826,568,598,93,527,704,608 
482	13,608,828,49,686,376,380,336,357,461 
483	500,616,833,1101,579,402,169,1271,153,1428 
484	441,159,370,40,215,186,111,138,107,742 
485	37,295,127,64,90,422,431,77,74,289 
486	150,116,264,23,8,142,365,429,103,392 
487	847,678,1191,596,1073,1235,61,169,1248,955 
488	370,441,48,160,8,122,249,253,751,602 
489	288,358,67,214,539,45,951,412,725,399 
490	392,1085,534,54,745,9,77,608,33,815 
491	400,235,575,472,580,897,547,103,959,985 
492	72,103,370,441,130,8,185,85,58,111 
493	54,1085,608,33,405,13,724,828,1150,1040 
494	745,491,70,542,480,815,1085,392,610,77 
495	596,1073,652,955,678,391,471,605,440,61 
496	429,111,475,189,808,12,742,157,24,60 
497	768,895,925,181,340,102,606,655,26,640 
498	716,216,437,797,619,465,287,232,662,235 
499	108,213,161,234,12,122,228,186,125,395 
500	400,472,547,235,370,249,695,57,575,897 
501	103,12,5,185,382,107,541,58,917,124 
502	338,160,311,110,215,11,395,407,310,798 
503	402,941,214,91,358,1010,727,960,203,499 
504	234,213,296,8,751,128,359,92,847,5 
505	441,234,250,159,85,58,390,395,151,182 
506	380,1466,41,167,1041,376,1015,942,608,1451 
507	40,847,678,45,103,804,61,108,1345,391 
508	48,234,103,289,68,390,138,847,257,147 
509	914,51,195,847,1248,471,292,701,596,652 
510	164,74,392,624,828,491,128,881,380,637 
511	77,681,745,49,357,26,568,368,1167,376 
512	140,828,401,380,881,4,67,790,41,56 
513	448,358,82,656,214,539,951,1125,399,384 
514	289,29,5,614,249,189,185,660,40,142 
515	1439,397,727,901,616,1432,999,172,302,1182 
516	103,72,48,215,325,249,66,124,395,432 
517	392,534,54,44,444,33,1085,1150,405,828 
518	1261,88,527,357,49,673,26,932,269,743 
519	392,33,54,1085,534,608,405,745,724,13 
520	213,108,48,97,215,541,395,706,389,590 
521	534,392,491,577,37,44,345,33,267,54 
522	407,311,144,361,488,395,460,524,258,860 
523	380,146,813,336,499,967,828,936,167,539 
524	173,534,577,197,103,42,365,392,370,662 
525	197,345,87,37,8,159,18,77,745,409 
526	370,409,48,266,217,662,267,716,216,421 
527	107,289,234,29,150,215,351,253,151,716 
528	250,311,85,891,310,18,275,395,798,650 
529	596,169,1235,605,833,195,300,1073,500,955 
530	596,195,725,384,701,471,955,1073,914,490 
531	111,790,534,24,77,745,392,140,14,815 
532	951,358,214,402,1010,91,813,766,1088,950 
533	103,72,130,107,122,185,395,310,390,182 
534	828,392,380,401,881,608,336,41,54,469 
535	698,975,1158,704,49,984,963,681,357,303 
536	32,429,122,249,660,185,310,8,614,40 
537	534,23,42,225,8,289,545,70,745,77 
538	317,720,42,790,415,357,745,35,806,716 
539	169,614,82,484,300,833,1285,596,1026,477 
540	370,213,390,325,97,522,123,718,395,311 
541	18,37,142,429,78,217,43,335,48,458 
542	296,429,804,159,487,224,382,365,257,211 
543	222,624,42,307,18,317,173,392,808,441 
544	500,616,596,300,579,402,273,1039,1269,1271 
545	77,14,127,78,225,745,142,815,545,392 
546	72,4,8,365,429,296,351,228,847,291 
547	161,72,159,107,253,58,541,395,1173,66 
548	142,839,214,78,358,448,433,60,624,539 
549	48,215,103,441,10,847,23,804,120,545 
550	370,614,1080,275,522,311,148,1285,179,271 
551	370,18,29,5,122,310,432,151,395,160 
552	806,465,610,114,256,619,745,216,437,232 
553	311,407,144,250,900,275,395,798,969,1047 
554	164,392,580,307,87,828,54,401,33,1150 
555	358,214,499,799,277,41,1058,1010,960,743 
556	596,955,605,391,652,678,204,490,1191,1345 
557	122,215,97,151,541,382,1173,395,522,182 
558	370,103,213,107,130,5,475,395,411,53 
559	49,568,26,608,376,13,932,357,704,975 
560	103,159,250,53,150,253,160,475,716,224 
561	745,114,806,984,131,101,256,1167,357,815 
562	103,66,215,29,185,32,751,365,11,257 
563	26,568,49,1167,681,368,906,83,745,1158 
564	429,8,66,87,42,222,185,29,235,653 
565	228,342,138,409,264,289,173,45,35,662 
566	392,580,1085,54,745,608,534,33,77,13 
567	77,534,74,745,392,351,1085,815,292,709 
568	32,311,159,660,798,125,395,650,275,718 
569	228,221,217,342,429,1018,475,400,235,472 
570	959,520,132,784,93,563,1061,789,897,779 
571	441,222,456,8,9,51,234,545,228,847 
572	605,1269,833,1235,169,195,204,1039,1305,1181 
573	370,213,215,160,66,85,382,659,395,891 
574	103,29,48,522,124,541,311,395,917,798 
575	213,441,68,249,253,541,432,804,186,395 
576	40,847,123,718,338,484,748,80,678,61 
577	720,357,679,57,106,832,295,370,716,235 
578	103,85,311,125,541,486,660,395,538,798 
579	178,392,745,77,608,1085,33,345,187,54 
580	53,108,48,342,128,103,365,228,138,149 
581	66,120,596,458,930,10,627,384,955,477 
582	48,66,161,250,185,85,361,310,8,242 
583	745,244,77,444,70,542,815,178,1085,392 
584	26,906,1167,1158,984,826,368,1261,357,963 
585	601,596,116,384,521,456,471,652,1000,725 
586	370,161,103,72,253,706,110,660,395,39 
587	441,72,213,522,325,311,538,40,123,718 
588	397,967,146,1058,451,655,539,402,380,941 
589	614,195,300,500,477,76,179,1285,1235,833 
590	380,686,336,881,469,1058,461,269,77,401 
591	214,67,358,951,429,166,539,18,402,865 
592	402,539,214,951,358,412,1010,950,91,692 
593	608,1261,13,357,88,376,26,568,932,527 
594	90,187,64,542,828,608,985,13,401,945 
595	465,619,488,806,610,232,797,287,662,256 
596	941,91,397,799,214,960,1010,239,315,1361 
597	108,386,72,157,338,103,384,348,624,865 
598	745,108,199,114,806,35,984,357,815,610 
599	250,742,8,222,87,1020,432,189,29,253 
600	216,437,488,465,619,797,662,232,610,806 
601	289,847,296,804,705,45,627,12,678,487 
602	155,985,1498,747,1127,341,193,1044,1065,104 
603	596,605,384,1073,1193,204,701,490,195,652 
604	101,83,1204,437,287,1423,1065,1476,984,806 
605	213,234,338,12,85,522,125,395,58,311 
606	8,4,213,161,266,420,662,317,35,716 
607	213,161,108,441,97,249,541,124,395,311 
608	72,108,338,11,12,541,85,395,311,443 
609	539,214,951,616,397,901,1010,799,302,91 
610	338,311,538,718,123,97,395,798,650,748 
611	361,688,786,362,614,418,477,498,676,514 
612	40,804,296,891,107,5,382,751,224,541 
613	103,160,97,124,382,891,311,395,798,443 
614	74,392,64,90,165,23,828,534,33,1150 
615	123,718,124,66,382,748,311,395,650,257 
616	614,179,163,1080,631,148,271,981,1112,676 
617	441,48,429,185,249,68,58,382,122,92 
618	66,334,596,384,1125,725,214,358,412,399 
619	608,13,49,828,335,686,1040,357,985,749 
620	122,53,742,533,58,716,97,488,216,68 
621	539,402,692,813,412,1010,951,91,616,214 
622	249,58,151,85,541,382,395,18,266,311 
623	213,161,12,215,266,185,151,85,395,659 
624	745,681,114,815,1167,1066,924,131,806,984 
625	42,366,295,828,392,491,624,401,881,723 
626	596,754,24,384,471,652,701,1000,725,914 
627	441,32,5,85,58,289,249,382,18,751 
628	88,77,376,292,681,368,22,673,608,26 
629	370,72,66,390,11,8,487,182,123,257 
630	78,107,547,494,157,1020,400,575,614,472 
631	108,72,48,325,253,97,11,395,432,311 
632	575,400,897,985,6,220,235,784,630,1153 
633	132,563,985,322,155,935,49,689,630,682 
634	132,896,1261,575,13,318,49,193,1486,322 
635	9,384,519,150,847,116,624,596,652,1000 
636	49,88,26,698,114,1158,1430,963,906,368 
637	48,72,215,213,8,138,228,32,847,257 
638	266,97,234,432,742,488,533,716,475,395 
639	826,340,598,26,118,906,568,181,640,1032 
640	898,88,673,223,981,655,640,676,821,514 
641	608,13,49,376,357,53,345,828,686,461 
642	357,1223,1280,26,83,101,16,984,698,88 
643	103,72,159,107,11,891,541,917,395,1173 
644	72,103,441,85,429,186,58,390,310,257 
645	357,88,26,83,568,757,698,745,114,963 
646	289,161,487,138,8,128,847,147,751,257 
647	808,43,53,624,892,4,384,214,358,723 
648	441,351,488,97,659,716,234,389,216,797 
649	614,441,29,249,660,122,53,215,12,142 
650	215,847,678,804,705,61,456,1345,484,508 
651	596,384,847,955,1000,1125,471,212,1073,701 
652	108,103,72,48,234,161,250,122,390,395 
653	93,520,49,318,357,749,1481,563,132,206 
654	608,985,13,49,575,357,178,1040,773,828 
655	745,49,815,984,1085,608,77,114,33,392 
656	164,42,580,53,828,431,401,985,591,380 
657	26,1204,1223,1478,698,975,853,181,704,931 
658	9,173,456,51,545,72,14,228,77,624 
659	4,77,82,790,894,393,577,78,51,292 
660	806,610,716,216,114,619,437,256,745,232 
661	60,267,126,321,135,688,18,19,477,786 
662	402,214,539,951,941,358,412,950,1010,616 
663	392,56,164,44,828,54,33,608,1085,405 
664	213,108,311,338,718,798,123,650,395,407 
665	706,441,488,8,18,407,581,395,460,258 
666	300,833,616,579,605,1101,169,1428,153,446 
667	103,72,234,48,130,122,85,522,253,395 
668	72,289,429,804,130,213,161,29,847,602 
669	108,72,250,441,122,249,325,310,395,475 
670	72,441,250,215,66,58,541,18,395,660 
671	716,420,806,154,216,610,437,465,745,619 
672	213,97,382,311,395,443,123,718,798,407 
673	370,72,215,487,382,159,58,224,484,123 
674	912,1242,704,1478,1204,895,223,394,527,673 
675	808,386,45,60,384,754,214,596,1125,358 
676	103,72,85,58,382,107,487,8,541,411 
677	351,745,393,77,267,66,87,14,392,815 
678	563,985,959,789,318,1498,682,935,341,1065 
679	161,234,186,660,97,310,395,486,311,361 
680	608,13,392,33,49,1040,1085,405,745,724 
681	213,441,32,160,185,58,85,228,186,395 
682	220,400,1127,985,767,1065,93,403,235,789 
683	394,163,981,782,179,256,826,1032,102,1242 
684	173,106,53,985,288,723,277,951,214,380 
685	70,745,377,267,610,806,815,924,216,392 
686	97,48,110,660,11,311,215,395,407,185 
687	77,264,342,894,149,292,74,128,142,745 
688	12,164,92,8,475,234,222,185,29,37 
689	392,1085,13,828,637,608,401,405,1437,380 
690	72,103,48,66,250,296,85,891,53,257 
691	43,14,656,53,135,725,149,64,596,692 
692	616,596,402,795,273,285,195,1269,788,239 
693	508,348,386,624,847,359,212,384,808,360 
694	804,142,29,365,87,138,224,891,111,751 
695	111,457,494,60,82,985,575,400,630,289 
696	985,1153,563,767,93,630,132,6,896,49 
697	311,407,660,338,395,798,144,275,443,650 
698	357,267,49,164,422,57,563,608,109,773 
699	311,275,1067,1080,798,882,650,872,654,395 
700	146,743,1328,1041,451,608,167,41,1111,1360 
701	72,11,541,8,123,125,718,522,395,257 
702	178,790,65,392,33,828,608,20,1150,405 
703	214,901,950,960,727,766,499,690,1361,239 
704	773,353,1153,630,220,357,563,400,767,897 
705	222,12,351,534,429,742,441,138,662,51 
706	13,828,525,41,686,608,401,269,743,1058 
707	959,547,472,985,6,220,699,353,132,897 
708	151,48,110,215,124,311,407,395,185,443 
709	745,23,610,267,806,183,216,392,716,815 
710	87,214,42,429,951,106,358,448,539,402 
711	456,103,847,40,296,224,804,234,705,384 
712	317,14,120,25,624,557,77,384,652,471 
713	48,92,242,53,12,475,742,602,189,432 
714	23,534,66,409,35,662,365,491,161,716 
715	1153,773,563,353,630,767,520,132,1127,896 
716	161,325,382,249,522,97,125,891,395,151 
717	72,9,429,108,12,264,570,51,624,351 
718	539,41,525,766,91,499,358,743,469,1160 
719	429,296,142,382,390,186,224,32,602,847 
720	985,563,608,13,828,575,630,49,767,357 
721	173,580,422,67,18,808,342,157,214,288 
722	491,24,87,77,289,51,456,345,745,292 
723	402,616,239,941,727,477,273,539,214,397 
724	53,458,335,164,126,429,307,431,321,477 
725	716,437,488,619,287,232,216,465,797,256 
726	402,941,1439,397,239,727,1216,901,539,999 
727	43,267,87,321,186,45,345,66,477,19 
728	5,58,68,185,432,186,475,310,395,266 
729	1073,1235,1191,955,678,914,204,1305,169,652 
730	8,151,215,68,228,185,660,97,266,395 
731	745,74,3,293,70,357,199,49,33,815 
732	103,441,12,85,249,382,891,432,18,395 
733	88,1261,26,357,368,77,49,681,608,906 
734	392,422,187,20,608,828,13,54,33,1085 
735	321,743,402,539,451,793,692,146,1058,397 
736	213,441,325,8,115,266,522,395,361,488 
737	1080,631,1320,148,898,1013,200,1423,340,394 
738	409,745,165,377,610,806,662,392,924,815 
739	165,392,828,608,288,13,33,401,1150,405 
740	444,62,985,563,90,357,630,575,977,743 
741	53,157,264,45,242,159,215,126,458,477 
742	400,575,985,959,547,472,1127,897,235,6 
743	847,596,384,212,652,348,1000,508,360,947 
744	608,896,1153,132,49,1261,773,575,935,155 
745	103,107,253,18,58,110,11,395,8,432 
746	768,743,1261,673,793,451,376,786,88,1111 
747	951,358,91,402,799,881,950,203,960,692 
748	87,149,108,72,342,267,51,839,365,77 
749	90,608,9,13,96,828,392,33,401,49 
750	331,981,910,181,1124,598,88,870,578,1359 
751	161,108,159,522,115,660,541,395,311,407 
752	539,358,951,828,380,766,41,692,523,507 
753	120,448,596,627,754,9,384,955,1193,1125 
754	596,1193,687,402,605,955,384,622,665,725 
755	138,12,224,160,891,365,8,847,185,359 
756	575,959,220,353,773,1153,563,767,784,520 
757	74,392,577,165,197,54,386,624,828,77 
758	745,70,217,574,580,815,49,491,984,114 
759	77,542,608,24,197,13,244,345,745,49 
760	213,48,97,325,215,587,488,395,581,182 
761	1478,340,931,102,598,202,344,1168,1315,1309 
762	72,48,370,338,213,161,264,164,234,662 
763	912,568,906,613,1478,698,1087,368,394,223 
764	159,122,5,18,115,186,311,361,395,541 
765	422,267,217,90,108,189,87,1018,74,985 
766	97,18,58,11,115,215,389,395,488,533 
767	128,624,149,366,491,295,808,64,392,384 
768	441,66,234,804,85,891,751,142,5,58 
769	353,767,773,608,520,357,49,93,13,132 
770	392,54,608,1085,33,13,405,828,1150,724 
771	4,370,215,338,804,296,18,24,742,9 
772	123,718,250,502,748,847,257,80,484,211 
773	608,985,575,113,13,49,773,357,1040,630 
774	614,151,53,32,344,179,235,803,547,787 
775	24,985,335,565,189,56,82,630,575,345 
776	1167,1430,26,963,975,568,101,1102,256,88 
777	8,429,289,186,58,160,804,122,742,310 
778	568,1167,26,83,681,698,975,1158,114,608 
779	1261,49,357,26,13,376,527,932,704,368 
780	103,72,48,159,11,97,522,182,266,395 
781	48,234,40,185,224,847,570,487,147,678 
782	103,161,130,215,249,97,253,541,395,917 
783	745,806,610,114,465,716,216,815,131,437 
784	8,11,325,541,58,151,228,395,1173,891 
785	103,441,8,107,382,11,804,429,224,257 
786	745,720,114,574,806,610,984,74,815,357 
787	402,91,813,799,1010,950,499,960,881,690 
788	539,402,214,950,1010,960,766,727,203,1361 
789	215,847,678,930,61,1345,390,391,1191,508 
790	745,49,377,109,608,984,815,13,33,114 
791	448,66,725,25,384,1125,1000,471,399,692 
792	220,985,689,206,155,747,318,1065,784,104 
793	698,895,931,118,223,340,1032,1478,598,1158 
794	269,768,967,155,1058,608,146,397,380,1089 
795	122,488,441,742,716,53,58,235,797,420 
796	596,169,300,616,605,1039,622,1305,665,889 
797	107,266,429,222,742,409,264,29,128,662 
798	616,402,283,172,793,477,786,725,673,1367 
799	24,65,76,345,521,422,157,64,494,357 
800	745,114,70,984,815,49,610,806,1167,681 
801	441,370,215,12,5,8,107,487,429,257 
802	20,96,225,608,165,828,357,49,13,77 
803	83,256,757,101,1167,26,806,963,745,88 
804	596,605,1235,955,169,1305,204,1181,1191,490 
805	169,596,1305,833,920,605,847,1181,1191,204 
806	596,847,169,605,391,1345,1191,204,490,195 
807	161,289,111,5,8,68,185,142,228,614 
808	161,130,160,249,185,85,97,58,151,395 
809	128,77,142,127,289,392,197,292,624,1085 
810	311,389,706,660,407,441,361,395,144,587 
811	11,97,891,917,311,541,395,182,798,123 
812	108,429,185,68,891,8,5,142,107,58 
813	77,745,681,545,267,924,815,21,1066,131 
814	220,767,1127,563,896,93,630,784,1065,1044 
815	195,292,914,264,77,116,725,605,596,204 
816	108,325,215,522,660,151,411,395,475,115 
817	608,150,13,221,4,828,335,49,985,357 
818	596,1073,195,955,847,384,471,440,490,1193 
819	147,847,754,10,224,804,186,601,839,384 
820	159,103,267,189,8,186,42,164,128,138 
821	250,29,58,361,614,12,122,660,215,518 
822	402,727,901,950,315,302,273,214,1364,1216 
823	12,488,325,48,389,351,716,216,797,460 
824	745,806,681,924,131,101,256,1167,610,815 
825	213,234,250,289,5,32,68,85,92,365 
826	959,985,1127,6,132,630,547,563,520,1061 
827	357,9,76,49,164,62,24,88,34,651 
828	614,32,106,115,42,310,547,235,253,472 
829	847,596,678,1073,391,1345,1191,955,1235,1248 
830	48,103,108,234,804,12,130,891,847,161 
831	159,82,42,116,44,140,431,103,228,742 
832	370,215,85,250,185,257,359,123,211,510 
833	49,745,681,357,1167,88,815,568,77,608 
834	745,23,574,228,815,610,114,806,984,1085 
835	1100,88,895,514,357,1267,1204,1370,1012,640 
836	716,587,659,216,662,797,409,488,437,235 
837	392,580,1085,54,77,13,608,828,401,33 
838	142,77,116,149,128,195,138,292,260,914 
839	743,563,977,768,93,1078,935,575,985,767 
840	587,716,222,264,420,37,235,253,267,216 
841	743,376,64,269,380,608,992,1058,357,13 
842	103,311,660,186,107,58,798,395,275,650 
843	575,773,400,897,985,1065,353,6,220,630 
844	24,64,656,1075,627,358,214,624,384,399 
845	745,444,377,610,8,580,815,108,806,114 
846	743,402,91,146,901,951,727,451,664,999 
847	370,441,130,159,8,122,382,541,125,224 
848	108,103,441,370,213,40,185,149,58,570 
849	214,358,539,951,87,402,813,412,91,766 
850	172,795,402,1367,788,273,300,579,613,239 
851	108,103,72,213,159,441,12,215,249,432 
852	53,74,392,491,90,624,828,317,54,289 
853	108,159,213,72,253,8,228,395,488,125 
854	41,813,539,1058,743,766,499,146,269,469 
855	234,160,108,29,12,107,123,395,311,718 
856	161,108,48,11,541,706,215,8,395,407 
857	790,96,20,828,165,187,392,401,77,380 
858	213,159,48,253,8,110,395,311,39,389 
859	103,108,48,325,11,522,541,395,311,110 
860	716,437,619,488,232,465,256,287,806,216 
861	108,159,296,213,185,186,222,570,29,624 
862	400,235,575,897,472,1065,773,353,6,784 
863	357,88,9,26,673,415,42,786,514,49 
864	77,421,317,64,187,14,345,65,392,828 
865	219,120,596,143,215,847,25,384,169,955 
866	380,881,828,41,401,525,686,336,813,355 
867	370,213,8,249,382,429,228,97,186,395 
868	575,547,959,472,353,220,897,1127,773,784 
869	912,26,613,895,704,1087,181,1242,368,1204 
870	48,108,891,186,847,338,161,130,570,251 
871	60,43,492,808,575,400,431,985,547,214 
872	757,806,114,101,716,232,437,287,1065,357 
873	88,598,698,975,704,912,527,368,1423,376 
874	985,563,93,132,896,318,220,608,322,935 
875	488,217,325,1020,581,742,235,716,258,310 
876	169,300,833,500,1235,605,1026,195,1039,204 
877	441,185,804,296,58,18,85,249,891,475 
878	213,108,72,253,11,266,395,432,311,443 
879	111,370,213,66,441,492,249,235,472,1018 
880	77,444,745,127,178,1085,815,392,608,13 
881	53,575,695,985,400,214,959,1127,630,547 
882	77,1085,392,20,54,745,815,709,13,608 
883	420,716,533,216,253,437,662,488,797,235 
884	951,402,214,358,91,766,941,1010,960,412 
885	103,48,159,185,382,11,891,125,18,395 
886	300,500,596,1039,579,616,1269,1026,1271,273 
888	197,154,745,70,35,77,815,924,263,574 
889	24,307,289,44,366,10,64,82,624,214 
890	32,160,228,186,151,432,266,11,660,97 
891	745,49,984,815,114,681,608,357,1167,77 
892	1335,981,340,223,1494,179,1168,331,278,782 
893	114,83,806,256,745,1167,101,1430,681,1102 
894	575,985,400,630,959,1127,6,220,897,547 
895	441,103,296,213,8,149,10,359,847,751 
896	608,357,568,26,376,1167,368,984,1261,629 
897	289,37,214,87,186,951,142,358,723,539 
898	77,745,244,345,351,542,392,199,815,1085 
899	222,790,577,317,534,624,48,45,392,307 
900	216,716,130,790,295,213,662,610,806,745 
901	161,108,234,660,11,311,39,395,185,407 
902	743,525,1058,269,608,41,146,828,967,686 
903	108,392,790,742,197,542,565,1018,33,1150 
904	111,521,392,288,386,317,624,828,542,54 
905	745,217,77,23,70,56,815,335,357,49 
906	376,88,49,13,357,1261,77,906,26,368 
907	214,358,799,941,766,960,302,397,1364,1361 
908	142,214,477,402,53,462,99,951,358,412 
909	235,106,581,42,57,679,742,716,720,437 
910	72,103,441,370,296,338,40,4,847,160 
911	234,160,213,72,97,123,718,538,395,311 
912	914,195,14,260,1248,292,471,605,596,847 
913	161,48,32,429,228,58,215,432,151,242 
914	716,216,610,619,437,232,256,114,745,488 
915	48,108,130,32,107,891,382,40,58,310 
916	234,266,97,215,18,488,659,395,716,389 
917	745,984,140,49,114,357,681,109,1167,815 
918	72,68,160,522,58,541,125,382,395,311 
919	941,539,397,727,315,91,799,616,1148,273 
920	235,130,457,400,475,587,897,472,151,547 
921	111,219,477,31,519,688,596,614,99,616 
922	160,85,123,718,487,748,311,395,257,211 
923	895,102,1267,1494,1242,181,826,1013,1100,1032 
924	568,906,698,1158,357,975,782,704,681,1242 
925	66,48,103,441,142,234,111,296,150,213 
926	72,103,66,441,338,215,29,296,475,249 
927	18,160,185,122,660,40,249,475,411,11 
928	1100,895,598,527,673,946,640,451,1367,1463 
929	60,135,24,76,214,87,159,335,431,951 
930	681,368,673,21,1261,1158,22,613,1066,745 
931	48,234,161,12,484,847,250,80,123,718 
932	441,213,338,185,29,159,891,351,4,251 
933	66,82,43,138,596,334,477,930,384,195 
934	103,72,161,441,122,12,249,97,18,395 
935	984,608,357,13,568,1167,906,757,83,749 
936	87,577,72,51,48,790,149,361,197,77 
937	163,1320,631,981,179,614,910,271,1120,144 
938	912,88,895,1267,1100,673,278,1107,331,1242 
939	296,289,251,365,429,541,142,257,128,177 
940	745,681,77,284,574,815,49,1167,88,357 
941	898,163,223,931,1423,102,895,782,179,1168 
942	128,338,161,847,8,570,487,149,705,678 
943	217,742,361,488,467,581,235,53,716,266 
944	53,18,267,335,43,448,458,150,477,370 
945	946,655,967,451,992,146,172,527,1103,1328 
946	847,519,596,429,384,652,10,471,701,1000 
947	358,91,881,380,499,402,41,203,743,950 
948	37,53,189,60,113,57,457,1018,43,116 
949	220,959,985,520,1127,784,896,93,630,1061 
950	608,13,49,1040,828,4,96,33,357,749 
951	269,146,743,967,13,1466,992,336,813,1160 
952	596,43,605,1193,955,384,725,1073,204,195 
953	723,951,221,277,214,985,358,539,401,380 
954	123,718,224,748,250,484,80,257,847,211 
955	400,808,217,472,4,235,1018,547,897,575 
956	392,608,13,197,1085,54,33,828,405,1040 
957	421,357,76,164,1,88,49,56,77,376 
958	951,358,799,1010,901,302,727,397,499,1361 
959	161,420,409,365,662,716,234,264,216,659 
960	743,1328,539,1041,1466,664,41,1360,941,813 
961	132,896,773,206,608,985,49,322,682,6 
962	4,295,74,127,828,23,43,20,392,401 
963	103,72,160,5,891,382,11,917,395,257 
964	605,1269,169,500,300,1039,1235,195,889,616 
965	48,441,29,8,160,40,68,228,224,32 
966	1261,912,514,1100,88,357,102,821,1478,394 
967	370,103,130,249,234,151,122,53,716,660 
968	48,72,138,128,108,224,847,12,370,251 
969	1080,631,179,200,1013,910,1112,1122,898,912 
970	575,985,773,353,1153,630,357,767,220,132 
971	370,18,12,185,5,8,475,804,53,85 
972	53,624,44,521,384,366,892,808,348,508 
973	596,847,384,605,914,652,955,471,701,195 
974	269,380,992,451,539,499,881,397,813,1451 
975	108,808,82,18,754,120,157,384,366,624 
976	631,1223,1335,394,1080,912,1054,782,223,1204 
977	44,116,195,601,914,77,292,473,725,471 
978	77,345,745,577,335,14,9,815,184,681 
979	392,1085,13,608,54,33,405,828,77,745 
980	951,799,766,358,743,214,960,146,203,1010 
981	289,250,296,12,149,159,160,847,8,508 
982	13,4,608,828,64,392,686,401,380,77 
983	41,336,686,401,1117,813,608,1058,1437,269 
984	357,377,27,651,293,675,1204,256,887,514 
985	172,500,402,579,913,300,273,239,446,477 
986	222,164,289,307,159,108,60,65,345,1018 
987	93,985,563,220,155,322,206,630,789,1044 
988	901,397,950,214,315,358,616,1148,1431,273 
989	234,48,130,161,215,32,122,58,125,395 
990	13,608,828,686,380,336,49,376,525,401 
991	111,87,429,458,44,45,214,18,477,412 
992	357,295,335,565,49,773,159,608,1065,575 
993	66,215,441,222,250,475,157,614,267,264 
994	488,97,533,361,228,716,407,460,258,437 
995	673,598,898,1478,782,223,394,357,1267,606 
996	88,1261,527,608,13,673,26,906,568,368 
997	357,984,49,293,284,116,757,745,26,114 
998	91,402,799,766,743,813,950,960,643,1010 
999	596,195,605,300,616,1235,168,1269,833,172 
1000	402,397,727,901,239,539,1148,273,743,799 
1001	103,441,32,107,66,125,266,151,522,395 
1002	1158,782,1423,1167,368,681,704,598,1430,984 
1003	66,186,429,157,222,361,458,149,18,477 
1004	441,215,253,97,660,311,124,395,411,798 
1005	72,32,58,68,122,185,8,361,310,142 
1006	82,521,4,96,20,828,77,380,45,401 
1007	370,103,108,122,215,310,411,475,289,395 
1008	82,421,345,66,448,78,225,688,195,168 
1009	295,74,221,828,401,985,345,608,591,945 
1010	898,631,148,676,1335,786,1423,394,202,223 
1011	906,1261,376,357,932,749,568,93,1040,629 
1012	103,185,159,40,107,541,125,123,395,718 
1013	228,253,289,432,111,122,310,151,37,235 
1014	370,72,108,160,390,125,123,718,395,257 
1015	596,471,652,605,1073,847,440,1248,204,384 
1016	782,768,340,673,1111,1204,1100,640,1223,102 
1017	881,380,828,41,813,469,525,336,523,358 
1018	539,402,941,1010,302,727,397,690,203,1361 
1019	941,616,1216,239,727,273,172,795,788,901 
1020	392,534,351,228,745,577,398,33,1085,815 
1021	151,235,742,228,472,53,547,58,614,400 
1022	8,382,11,40,390,249,541,125,310,395 
1023	441,716,488,420,217,432,235,216,706,797 
1024	85,249,58,541,125,891,395,660,486,311 
1025	53,289,521,624,295,264,392,839,77,384 
1026	484,123,847,748,80,718,213,61,678,257 
1027	213,161,48,107,325,541,151,432,395,486 
1028	13,828,686,376,380,77,525,49,336,41 
1029	353,563,520,630,6,132,220,896,959,1127 
1030	103,441,5,107,66,8,891,541,266,395 
1031	213,8,215,185,32,228,58,122,432,310 
1032	103,213,441,130,159,85,11,325,804,395 
1033	295,577,250,293,716,662,161,216,745,610 
1034	1223,278,1309,202,1188,1359,1261,1124,870,598 
1035	357,154,377,295,49,832,116,159,319,608 
1036	745,574,480,74,815,542,1085,77,114,610 
1037	195,914,605,1248,596,847,204,1073,169,471 
1038	26,1204,906,791,568,1167,101,1102,357,704 
1039	103,213,32,249,122,18,289,97,395,125 
1040	587,441,488,58,361,48,581,258,395,716 
1041	123,718,32,382,11,124,502,748,257,211 
1042	111,222,342,44,12,72,8,521,392,624 
1043	1223,1204,16,394,1476,910,256,703,898,544 
1044	402,766,1058,358,146,813,901,277,967,992 
1045	108,161,5,122,253,185,325,432,395,1173 
1046	142,128,847,103,678,359,487,108,61,508 
1047	706,492,235,467,581,361,488,716,266,437 
1048	197,392,56,790,108,33,405,1150,317,1018 
1049	1320,631,971,179,1335,1122,271,1309,144,900 
1050	103,72,234,130,215,85,891,289,487,257 
1051	392,1085,54,534,745,608,33,77,405,13 
1052	103,122,891,382,541,97,249,395,660,123 
1053	14,116,321,150,77,126,307,345,342,725 
1054	534,44,77,45,345,8,128,745,289,392 
1055	172,402,273,788,1332,315,913,500,1257,727 
1056	1020,213,370,808,472,235,8,250,400,1018 
1057	161,107,250,253,68,151,97,382,395,522 
1058	392,54,1085,77,154,637,828,401,608,13 
1059	164,214,358,189,433,951,539,422,402,412 
1060	608,745,49,33,392,13,1085,984,815,1040 
1061	847,596,1073,1345,391,1235,61,955,169,605 
1062	135,64,433,725,334,358,692,399,881,813 
1063	48,839,120,215,189,14,60,103,656,150 
1064	402,214,91,766,799,813,960,499,941,302 
1065	598,912,49,673,357,768,1111,568,1478,181 
1066	370,213,250,66,249,253,432,11,541,395 
1067	534,159,72,66,267,398,662,745,250,392 
1068	580,164,458,743,307,24,354,376,793,451 
1069	392,608,13,33,1085,54,1040,49,828,724 
1070	458,214,358,539,53,951,412,402,725,692 
1071	402,91,941,397,358,766,743,499,813,203 
1072	235,716,581,488,232,183,113,437,287,675 
1073	213,108,72,250,522,124,382,395,311,8 
1074	4,624,521,839,456,384,392,1000,557,652 
1075	12,234,325,706,58,97,488,716,467,395 
1076	77,392,745,542,1085,393,54,44,228,815 
1077	745,393,267,924,392,610,662,77,815,1085 
1078	575,1153,630,353,6,767,220,400,896,520 
1079	806,256,83,745,101,1430,610,465,681,1280 
1080	358,214,766,799,499,950,1010,901,881,941 
1081	984,357,757,26,568,83,608,975,1167,698 
1082	88,698,826,906,49,303,963,984,357,1261 
1083	605,955,1073,384,195,1193,1235,701,471,490 
1084	317,534,23,365,742,267,24,421,35,662 
1085	161,32,122,115,311,660,407,395,310,411 
1086	289,164,42,128,45,392,138,228,74,365 
1087	568,1158,83,26,49,114,975,815,303,357 
1088	213,161,108,249,522,8,660,395,125,429 
1089	614,163,981,631,148,271,1112,547,908,1201 
1090	161,249,5,66,289,253,361,122,660,365 
1091	370,250,289,409,742,295,790,267,213,342 
1092	108,160,72,161,5,40,123,718,311,395 
1093	222,342,77,51,82,894,215,197,601,189 
1094	500,1101,579,616,1039,833,172,1439,1377,446 
1095	402,1439,397,941,239,172,727,1216,946,1148 
1096	24,77,140,345,392,20,580,745,1085,815 
1097	1261,88,1367,946,795,655,376,676,527,1133 
1098	745,178,225,392,77,1085,9,70,815,54 
1099	103,891,66,382,522,541,8,97,395,311 
1100	743,93,563,1100,1041,376,977,73,451,1111 
1101	745,342,35,610,491,806,444,392,815,216 
1102	82,614,335,429,103,494,142,87,547,498 
1103	370,108,103,130,441,5,58,66,660,395 
1104	465,216,256,232,488,114,287,647,745,1280 
1105	161,311,250,124,798,361,275,395,650,407 
1106	111,10,150,78,725,358,881,828,624,399 
1107	64,187,828,380,401,20,881,566,41,336 
1108	575,985,400,173,57,897,630,773,6,235 
1109	12,58,742,325,53,266,110,541,395,716 
1110	896,220,985,789,206,779,666,318,1044,104 
1111	397,1041,1328,380,451,525,1466,1360,655,1261 
1112	1261,898,223,606,981,1100,1423,340,598,1315 
1113	77,88,376,24,165,1,357,150,44,43 
1114	289,847,930,519,596,583,384,652,914,471 
1115	575,235,959,897,547,1127,220,6,353,784 
1116	9,87,4,45,127,82,77,138,392,828 
1117	48,224,804,123,847,718,751,484,257,80 
1118	370,161,215,614,68,891,142,965,484,275 
1119	1280,437,357,757,791,16,806,344,619,1116 
1120	48,234,847,149,224,678,370,185,61,508 
1121	745,984,114,815,74,49,542,681,1167,77 
1122	397,1439,946,795,239,655,743,451,727,1313 
1123	542,608,20,13,828,392,44,401,33,686 
1124	441,186,8,40,296,365,107,228,58,891 
1125	491,72,351,8,264,545,12,228,44,215 
1126	23,624,839,307,384,25,1000,652,471,557 
1127	745,8,199,815,610,178,806,1085,392,924 
1128	616,402,786,477,172,793,239,418,273,446 
1129	23,37,491,444,64,77,267,20,422,65 
1130	189,214,166,951,358,539,378,462,402,941 
1131	151,660,97,115,160,8,11,395,382,311 
1132	601,24,448,596,701,652,471,914,384,847 
1133	217,189,421,76,357,87,458,218,431,77 
1134	132,563,93,6,630,322,959,935,1127,789 
1135	108,72,97,185,382,18,395,706,310,590 
1136	161,130,159,215,249,522,541,395,66,311 
1137	150,45,365,24,545,8,577,342,228,291 
1138	491,351,392,66,165,140,289,745,154,77 
1139	376,77,90,608,82,165,357,49,88,13 
1140	400,472,235,547,180,575,959,897,1127,699 
1141	539,214,941,1010,901,766,302,727,203,412 
1142	321,217,126,62,786,357,404,673,88,676 
1143	1058,469,336,686,146,401,743,355,1466,608 
1144	608,49,13,357,906,184,1261,376,749,88 
1145	616,402,273,239,500,913,793,596,1148,1367 
1146	358,539,951,881,214,813,380,828,766,401 
1147	48,72,103,215,160,8,487,11,257,211 
1148	392,23,33,608,54,405,828,1085,1150,13 
1149	189,521,808,307,4,60,242,264,157,441 
1150	234,11,407,48,160,58,395,311,215,488 
1151	24,77,4,448,601,292,126,914,725,471 
1152	429,12,234,215,8,185,138,228,128,92 
1153	128,138,164,392,429,624,42,521,149,74 
1154	1020,534,374,235,651,130,897,392,57,1018 
1155	380,828,13,608,525,686,401,881,336,743 
1156	539,743,402,1058,146,91,692,380,813,41 
1157	103,72,161,441,185,97,18,432,395,660 
1158	539,941,951,727,901,91,1010,302,960,273 
1159	296,111,847,359,508,215,12,624,348,384 
1160	103,365,441,10,44,23,51,570,224,228 
1161	135,173,431,828,214,380,881,358,401,951 
1162	148,163,200,275,631,1320,311,553,1487,969 
1163	48,103,370,40,250,161,224,382,847,257 
1164	213,311,85,151,125,58,249,395,798,407 
1165	402,616,172,273,239,1148,1216,665,1432,397 
1166	132,1127,520,985,767,1065,896,689,779,1061 
1167	213,72,161,68,11,522,182,395,311,110 
1168	437,716,488,287,619,1116,256,726,232,1280 
1169	49,906,568,376,1167,357,26,1261,629,984 
1170	631,148,614,200,1112,1335,1320,1013,1423,676 
1171	392,54,1085,405,637,608,13,33,828,77 
1172	441,68,382,58,253,325,18,541,40,395 
1173	103,72,441,5,122,215,11,541,395,1173 
1174	828,380,401,13,608,336,686,881,41,945 
1175	743,992,1058,269,146,539,525,951,91,1041 
1176	29,185,40,186,32,160,475,68,541,53 
1177	491,534,77,289,140,14,78,392,127,108 
1178	77,393,292,53,165,264,456,745,709,392 
1179	394,782,1188,703,344,1242,1261,278,1494,88 
1180	289,214,656,111,358,723,539,951,412,596 
1181	108,222,429,107,370,12,431,130,250,1020 
1182	881,828,380,401,354,41,813,469,523,355 
1183	392,264,54,534,127,164,1085,828,77,33 
1184	264,521,42,140,23,127,392,828,431,401 
1185	87,839,847,456,930,242,224,519,804,384 
1186	847,103,891,678,487,627,10,751,508,61 
1187	608,49,13,357,563,93,353,767,906,773 
1188	18,157,142,458,76,429,431,307,242,477 
1189	392,164,78,90,33,1150,44,828,405,608 
1190	53,289,786,494,1,42,477,676,418,514 
1191	138,365,130,224,159,40,228,161,570,116 
1192	103,441,213,68,18,228,432,253,11,891 
1193	624,570,348,508,384,72,705,212,847,121 
1194	488,97,407,460,716,258,437,524,395,144 
1195	402,616,1439,786,768,795,273,1216,397,727 
1196	213,441,32,185,68,228,53,40,310,151 
1197	984,114,83,1167,49,681,357,568,1430,963 
1198	847,678,1345,160,61,1191,391,596,1073,1235 
1199	465,619,437,216,256,287,488,114,1280,647 
1200	216,610,232,1280,287,488,647,745,1116,984 
1201	402,1439,901,315,539,999,1432,795,1491,273 
1202	402,539,951,358,941,950,302,412,727,799 
1203	88,681,745,77,368,21,568,1158,1066,131 
1204	77,292,368,568,673,21,1158,1261,613,1111 
1205	365,4,228,742,24,186,234,128,342,185 
1206	300,500,596,1039,889,153,1101,579,195,1358 
1207	234,58,522,151,541,18,395,124,706,311 
1208	901,727,539,616,273,239,1216,302,665,1021 
1209	1054,640,826,202,1168,331,1107,26,1315,606 
1210	213,108,159,97,11,706,382,395,125,115 
1211	441,103,370,213,130,185,390,289,257,510 
1212	448,596,521,429,1193,412,402,384,955,214 
1213	164,8,72,365,295,338,441,370,44,351 
1214	577,392,624,54,307,138,288,77,1085,637 
1215	90,985,526,197,828,392,1150,608,630,33 
1216	380,41,951,358,91,469,401,355,584,214 
1217	596,605,195,1193,616,402,477,412,1269,204 
1218	74,140,828,392,127,43,401,624,881,380 
1219	813,402,799,214,881,950,1058,960,743,901 
1220	311,215,486,538,11,395,798,407,275,650 
1221	616,786,172,1439,981,179,579,913,273,446 
1222	392,608,1085,33,54,13,745,724,49,1040 
1223	214,60,951,723,358,539,37,288,402,277 
1224	103,108,161,253,12,215,97,706,395,110 
1225	402,91,766,799,1010,881,499,960,203,277 
1226	103,441,48,159,68,5,249,296,325,395 
1227	85,382,97,541,125,522,253,395,182,18 
1228	441,159,160,8,107,85,5,32,751,365 
1229	357,49,88,26,984,568,906,1167,13,368 
1230	24,4,342,345,335,431,23,307,64,77 
1231	161,250,234,5,160,8,66,296,151,395 
1232	82,839,624,214,116,128,60,358,384,431 
1233	213,32,122,382,325,541,40,522,395,432 
1234	521,157,62,402,87,42,53,214,539,793 
1235	1261,782,1054,394,181,278,102,870,202,621 
1236	42,317,491,289,37,197,18,742,392,74 
1237	402,358,91,941,766,302,412,901,727,1364 
1238	706,614,58,29,441,660,48,492,472,395 
1239	311,151,382,249,407,395,1173,443,39,798 
1240	48,130,804,296,68,847,138,484,257,80 
1241	441,108,72,66,29,296,224,257,211,123 
1242	527,992,1111,88,1041,451,1058,146,1078,563 
1243	441,804,365,159,224,150,185,40,891,85 
1244	140,351,37,392,421,345,154,745,33,77 
1245	250,32,185,8,382,325,97,522,182,395 
1246	1041,269,451,655,664,1463,525,874,1111,527 
1247	78,74,65,42,392,422,386,77,165,828 
1248	745,184,815,633,114,984,681,49,1167,77 
1249	11,541,215,311,407,125,1173,443,395,486 
1250	163,898,1054,223,912,394,895,148,1478,344 
1251	214,402,766,799,950,1010,203,881,901,941 
1252	563,206,6,318,155,689,789,509,747,959 
1253	985,220,959,784,897,767,896,1127,520,235 
1254	1261,768,357,376,673,527,977,514,925,1111 
1255	250,614,253,58,122,111,289,235,472,547 
1256	370,614,213,486,275,311,1080,215,798,650 
1257	673,613,786,616,195,500,172,676,477,285 
1258	161,122,159,441,311,39,124,407,395,798 
1259	213,390,382,522,40,917,486,395,311,123 
1260	107,125,311,382,541,917,891,395,798,253 
1261	103,441,68,185,253,18,541,228,40,395 
1262	123,718,32,40,748,66,311,650,395,257 
1263	614,179,547,475,338,965,1080,498,327,472 
1264	596,169,300,833,500,605,622,1235,204,1008 
1265	380,951,539,881,813,41,401,525,269,214 
1266	56,127,828,165,608,345,401,13,686,392 
1267	539,214,766,813,1010,960,901,727,690,277 
1268	97,85,12,541,311,253,395,1173,407,443 
1269	992,967,397,1058,146,269,1328,380,793,1261 
1270	340,640,163,1261,1168,1242,1335,1013,1100,606 
1271	103,72,213,130,250,161,228,215,32,122 
1272	103,161,130,12,253,8,18,541,432,395 
1273	161,72,234,215,97,151,1173,395,110,311 
1274	83,1430,256,314,756,1167,791,1176,984,681 
1275	214,358,67,433,539,951,429,402,412,1088 
1276	12,4,149,228,234,116,130,804,296,161 
1277	743,91,941,146,766,992,277,727,950,358 
1278	370,18,111,107,40,8,32,68,475,5 
1279	214,91,813,766,402,799,277,1010,960,380 
1280	311,900,407,275,969,1047,798,1067,1331,650 
1281	392,108,42,66,164,8,128,54,77,624 
1282	179,1080,631,148,200,1112,732,1320,1316,1309 
1283	213,159,108,5,325,68,48,660,395,311 
1284	348,384,40,624,508,212,570,53,847,1125 
1285	380,828,881,525,13,686,469,336,608,355 
1286	906,568,376,527,598,704,698,368,826,1167 
1287	441,72,370,338,58,257,186,493,123,211 
1288	539,951,402,214,358,91,766,692,950,412 
1289	108,18,370,66,234,8,185,164,10,804 
1290	527,673,782,223,376,1100,826,568,1242,853 
1291	82,214,596,1075,1125,358,384,412,399,725 
1292	745,1158,568,1066,26,376,1167,815,292,22 
1293	745,293,393,74,70,49,357,984,815,114 
1294	698,757,1430,963,568,1167,256,1204,1158,628 
1295	716,18,266,580,437,806,610,216,232,745 
1296	107,66,130,24,534,295,342,365,338,164 
1297	4,57,985,342,575,897,1020,630,400,357 
1298	985,575,563,113,630,1153,828,608,401,773 
1299	981,200,148,1112,1013,179,898,931,340,223 
1300	488,706,716,338,351,437,110,287,235,460 
1301	13,608,828,64,686,380,336,401,392,945 
1302	370,48,72,68,40,917,123,487,718,395 
1303	627,930,596,214,1125,384,334,358,412,955 
1304	357,26,826,568,256,698,49,906,1261,757 
1305	365,250,577,23,159,317,130,213,224,742 
1306	103,250,224,5,8,123,718,502,257,211 
1307	392,54,1085,608,405,33,13,828,724,1150 
1308	357,3,4,542,293,49,651,832,745,984 
1309	88,1261,357,26,376,49,673,568,608,368 
1310	397,951,91,146,1058,766,992,380,950,967 
1311	614,1080,695,547,179,492,310,429,518,472 
1312	87,138,429,521,384,72,601,108,25,624 
1313	745,74,49,77,815,574,681,357,608,984 
1314	103,213,32,107,66,122,249,432,253,395 
1315	539,397,91,727,951,901,146,239,799,499 
1316	78,402,31,616,521,307,793,692,539,725 
1317	215,289,251,365,149,804,250,545,45,847 
1318	14,894,725,87,77,138,692,126,292,596 
1319	614,1080,275,148,179,311,1112,271,732,200 
1320	441,338,123,718,804,257,748,484,80,211 
1321	402,539,214,951,358,596,690,412,950,1088 
1322	441,12,85,891,390,122,541,487,289,257 
1323	402,616,786,793,172,673,1367,477,239,451 
1324	48,614,249,250,58,32,361,37,602,472 
1325	575,985,400,959,1127,6,630,353,547,1153 
1326	596,605,914,955,195,847,1235,204,384,490 
1327	525,13,1041,41,1360,397,376,1343,874,527 
1328	407,39,311,144,581,488,395,460,1173,443 
1329	431,87,180,342,173,985,400,575,1018,214 
1330	87,596,128,9,384,521,955,1125,652,1000 
1331	83,963,1430,906,757,1261,314,628,756,1155 
1332	66,48,742,228,264,475,808,130,60,157 
1333	9,24,596,384,1125,25,955,1000,214,348 
1334	289,338,107,351,296,742,29,224,266,432 
1335	539,951,91,397,402,499,269,203,799,881 
1336	213,37,264,12,142,441,475,164,24,432 
1337	790,627,24,914,77,292,471,195,701,725 
1338	66,142,87,161,361,24,808,614,42,5 
1339	357,114,26,826,963,88,975,1167,1204,568 
1340	267,57,547,235,140,475,400,472,675,614 
1341	161,614,289,310,429,486,68,411,275,311 
1342	264,421,267,4,43,140,60,77,458,127 
1343	768,786,673,88,357,793,676,743,376,514 
1344	13,269,380,985,828,563,743,686,525,336 
1345	596,1345,847,391,1305,605,678,1181,1026,1191 
1346	1328,1041,1466,380,167,13,1343,1015,768,664 
1347	338,115,488,587,228,460,395,407,797,716 
1348	72,249,8,160,541,382,97,432,228,395 
1349	441,48,215,11,311,39,395,389,407,12 
1350	392,54,288,307,624,244,1085,77,637,828 
1351	357,49,563,353,773,767,906,520,575,318 
1352	213,250,122,107,185,58,97,804,395,186 
1353	596,300,500,833,605,1026,920,889,1039,1073 
1354	392,24,33,9,534,23,405,27,608,1150 
1355	605,596,1235,204,1073,1248,471,292,440,701 
1356	1058,397,146,269,951,91,766,1041,1466,277 
1357	402,596,913,273,172,665,1439,315,1216,941 
1358	186,161,72,338,58,614,486,275,253,311 
1359	596,521,384,1125,652,1000,471,955,725,1193 
1360	402,901,1216,727,239,1432,539,302,795,172 
1361	151,716,742,29,581,216,488,437,797,662 
1362	614,179,213,429,641,271,660,631,163,609 
1363	213,108,130,5,215,249,151,395,311,407 
1364	898,1223,1267,1188,181,1359,598,870,578,1107 
1365	32,716,29,48,216,742,488,797,437,662 
1366	392,23,491,534,33,78,405,54,1150,608 
1367	235,361,472,547,400,742,467,111,614,5 
1368	107,310,522,475,614,234,185,486,483,395 
1369	42,521,828,380,37,401,881,41,686,608 
1370	616,1439,315,1148,397,539,999,1021,665,1182 
1371	103,48,29,215,429,68,289,85,382,390 
1372	128,24,44,570,51,264,103,12,545,224 
1373	542,108,56,392,422,33,65,1018,1150,267 
1374	189,267,108,335,159,242,361,126,345,477 
1375	985,743,569,563,269,380,977,277,630,828 
1376	357,256,42,757,773,1204,1065,887,344,1280 
1377	624,116,44,164,365,92,366,348,508,384 
1378	768,1439,788,655,786,1261,795,613,821,676 
1379	353,132,93,520,514,1127,563,935,6,1153 
1380	786,402,616,676,477,793,418,239,788,925 
1381	808,140,214,242,67,113,264,951,547,737 
1382	48,29,8,185,32,68,186,432,475,742 
1383	135,596,219,402,725,712,412,1193,692,616 
1384	111,187,828,380,401,881,264,135,41,336 
1385	26,757,88,49,83,698,906,826,256,975 
1386	370,409,365,790,534,421,266,213,295,662 
1387	614,169,477,596,300,616,1140,833,99,500 
1388	144,311,163,1080,1034,1331,524,614,271,631 
1389	941,315,901,1216,999,990,1182,795,1491,1332 
1390	984,745,1167,83,815,49,1430,963,1102,357 
1391	491,392,56,1085,54,745,77,33,815,608 
1392	77,23,317,491,154,393,197,444,745,815 
1393	441,186,185,128,365,18,160,224,228,107 
1394	295,96,307,187,828,20,221,401,608,985 
1395	43,18,217,431,307,444,157,64,150,357 
1396	357,49,542,267,393,984,608,494,184,745 
1397	402,941,358,214,397,766,727,1010,302,813 
1398	745,610,806,225,534,114,465,815,216,131 
1399	18,68,39,48,407,395,311,234,488,258 
1400	565,742,295,116,985,897,180,1018,575,357 
1401	608,376,88,527,93,932,26,563,1481,704 
1402	745,77,74,140,49,815,681,345,608,357 
1403	42,743,56,380,269,277,985,992,977,563 
1404	429,103,82,475,37,213,43,361,614,477 
1405	575,985,9,651,400,444,630,897,773,6 
1406	985,520,896,93,6,132,357,630,318,1065 
1407	400,214,429,24,472,547,575,959,1127,699 
1408	103,441,159,325,97,124,395,310,311,253 
1409	931,1423,782,598,1494,703,1107,163,870,776 
1410	220,896,630,1127,318,789,784,935,1065,1044 
1411	614,242,547,492,179,498,514,786,327,418 
1412	108,213,441,12,18,429,186,40,266,395 
1413	488,706,441,522,460,407,716,541,395,258 
1414	1242,906,1204,1158,223,1478,898,340,613,1315 
1415	357,106,1204,444,514,256,344,26,887,394 
1416	37,264,580,494,4,57,82,457,415,357 
1417	116,77,20,82,44,217,165,164,357,90 
1418	575,220,357,959,353,400,1127,547,773,132 
1419	77,745,681,88,815,335,368,21,1167,1066 
1420	5,492,518,115,29,228,706,614,235,472 
1421	269,992,525,451,1041,1328,1261,41,1466,608 
1422	103,234,85,32,185,891,11,429,186,257 
1423	41,813,828,525,539,469,951,766,686,355 
1424	357,42,49,34,88,26,199,984,1204,256 
1425	828,380,401,608,336,686,881,41,945,525 
1426	985,342,457,651,575,96,150,630,542,43 
1427	64,164,491,74,45,392,624,289,42,828 
1428	491,745,392,8,1085,77,108,54,267,815 
1429	41,813,525,539,336,1058,766,523,584,499 
1430	111,222,808,384,342,1125,596,1000,725,214 
1431	357,267,49,608,720,452,542,13,199,393 
1432	397,402,743,901,146,1058,315,664,451,1328 
1433	65,74,56,542,307,288,106,392,828,1018 
1434	402,951,214,1010,727,690,302,799,616,933 
1435	608,376,49,357,1261,828,527,461,88,906 
1436	234,370,85,68,804,429,107,186,432,257 
1437	223,906,898,768,568,698,704,931,1054,376 
1438	596,605,955,195,833,1269,204,1235,1193,500 
1439	213,72,441,68,107,522,382,125,395,311 
1440	402,1216,941,616,315,239,727,273,1021,913 
1441	235,400,580,467,475,249,897,472,494,547 
1442	142,596,754,583,384,157,955,1125,1193,1000 
1443	1080,148,1112,732,981,1013,1122,271,144,898 
1444	575,959,985,1127,547,472,897,235,220,6 
1445	187,828,150,608,542,13,401,380,686,945 
1446	500,616,285,195,795,596,725,692,402,793 
1447	402,539,214,951,727,358,950,1010,901,397 
1448	144,900,407,275,1331,395,860,798,872,663 
1449	13,608,392,96,828,127,53,1085,54,33 
1450	895,898,598,223,1242,340,906,621,102,1054 
1451	223,931,640,102,1309,895,1494,1168,1188,1107 
1452	429,45,8,296,545,234,228,251,250,847 
1453	596,605,195,300,1073,169,204,391,1026,1269 
1454	596,169,1235,1073,955,1269,622,889,500,300 
1455	5,123,718,185,40,311,748,395,257,650 
1456	77,24,128,289,894,545,138,292,127,745 
1457	745,114,806,610,267,815,984,465,924,131 
1458	6,322,155,689,747,509,959,789,1044,682 
1459	88,673,357,60,26,786,676,1261,613,514 
1460	402,539,951,91,727,397,960,616,412,315 
1461	77,745,335,74,317,197,49,608,815,357 
1462	808,627,111,624,384,358,1125,399,214,725 
1463	82,126,189,448,580,217,494,357,77,673 
1464	214,358,65,539,808,164,951,157,412,402 
1465	596,1235,847,169,1305,622,195,1269,391,1193 
1466	300,596,500,833,889,1039,153,1235,1269,1428 
1467	969,1047,1067,798,1331,882,1080,872,654,395 
1468	441,12,161,107,24,228,150,10,365,9 
1469	521,264,289,431,64,565,457,985,214,1018 
1470	727,239,91,1148,950,616,1257,1313,951,916 
1471	124,382,107,917,541,311,395,123,718,798 
1472	568,698,49,906,83,1158,975,826,963,1430 
1473	370,107,289,5,361,228,185,660,142,296 
1474	1261,898,895,598,26,853,1242,826,102,1204 
1475	975,568,256,1167,1204,101,906,357,1158,314 
1476	269,146,1328,41,451,1466,1041,397,13,881 
1477	745,267,491,165,377,610,924,815,392,806 
1478	768,743,1466,1463,1111,1360,1313,499,208,380 
1479	24,140,164,307,65,126,4,342,142,77 
1480	342,44,72,429,51,108,14,8,624,77 
1481	103,370,130,107,429,234,228,58,5,222 
1482	402,951,397,799,727,214,302,358,315,1182 
1483	370,18,32,29,122,310,228,53,242,395 
1484	48,108,103,804,87,160,751,85,149,847 
1485	608,828,380,686,525,336,41,376,77,461 
1486	103,161,441,130,68,11,8,432,395,124 
1487	1478,527,26,782,181,1267,340,1315,826,1107 
1488	253,18,48,97,389,39,361,311,395,432 
1489	1439,397,727,315,239,616,901,1257,172,1491 
1490	289,808,366,214,67,386,150,358,828,951 
1491	357,757,984,49,109,256,101,114,1204,83 
1492	985,575,563,767,353,630,977,520,132,220 
1493	745,984,568,1158,83,49,26,963,368,1430 
1494	745,77,197,49,542,815,608,633,681,357 
1495	113,742,197,897,178,985,1020,575,357,1018 
1496	26,568,368,745,1167,698,357,49,21,826 
1497	380,881,951,401,828,539,41,214,766,970 
1498	66,8,742,87,29,150,432,185,365,1020 
1499	18,37,42,264,235,87,1018,651,897,472 
1500	365,545,185,296,142,804,390,541,484,257 
1501	539,951,941,397,214,799,950,901,239,203 
1502	1261,1111,88,1058,967,673,525,285,793,1328 
1503	77,295,307,828,380,401,392,525,881,41 
1504	345,357,57,720,377,832,113,4,452,49 
1505	13,380,608,686,376,743,269,1058,461,881 
1506	220,985,235,773,784,547,1153,132,1061,549 
1507	5,122,58,18,97,541,522,310,395,351 
1508	745,357,49,267,77,398,88,681,815,608 
1509	488,407,68,581,11,460,39,395,1173,258 
1510	596,955,195,204,1073,622,833,500,169,384 
1511	108,213,72,441,250,12,122,125,395,804 
1512	161,159,250,160,18,522,395,110,1173,182 
1513	161,58,160,325,432,186,11,228,395,125 
1514	906,1261,782,1167,368,1423,303,233,1430,1204 
1515	596,847,652,384,471,701,955,1000,440,605 
1516	941,315,1216,239,999,1432,990,1268,172,1182 
1517	1167,88,49,698,757,963,1430,826,368,608 
1518	370,123,124,718,522,487,311,748,395,257 
1519	1439,402,1216,616,1021,941,727,1332,1367,990 
1520	264,20,828,790,401,380,608,13,686,881 
1521	342,267,610,745,103,716,216,806,392,662 
1522	790,295,35,365,215,217,491,293,745,662 
1523	250,123,718,147,847,257,80,484,748,211 
1524	420,716,216,662,197,797,317,437,151,465 
1525	896,6,322,689,206,509,747,155,789,935 
1526	813,402,358,799,1058,214,397,146,881,380 
1527	366,624,384,164,348,121,1125,212,1000,508 
1528	393,345,51,251,149,77,409,24,72,321 
1530	786,768,673,676,793,1261,925,743,514,821 
1531	985,400,353,773,220,6,1153,1127,767,784 
1532	108,213,5,160,122,429,289,432,125,395 
1533	392,33,608,54,405,1085,1150,13,828,724 
1534	392,608,1085,13,54,405,724,745,49,343 
1535	951,214,422,539,358,462,277,402,766,91 
1536	614,1080,275,148,311,1112,271,163,200,732 
1537	103,160,5,185,390,541,395,311,123,1173 
1538	500,1101,1039,596,1269,1314,616,913,920,1219 
1539	250,213,138,296,804,149,251,186,40,51 
1540	575,1153,206,985,322,608,49,682,749,935 
1541	402,9,616,688,477,786,793,239,214,941 
1542	392,580,491,165,127,828,54,33,401,1150 
1543	380,881,539,951,828,358,41,813,214,743 
1544	41,525,469,401,539,336,355,686,358,1058 
1545	580,164,189,321,127,289,64,19,126,77 
1546	57,742,235,27,675,400,897,575,357,547 
1547	48,370,441,159,250,130,185,804,150,541 
1548	596,458,10,143,135,384,955,1193,412,1125 
1549	103,72,213,130,29,85,390,224,266,253 
1550	847,1345,1191,61,391,169,1235,1073,231,1248 
1551	527,269,967,146,1111,525,451,49,1041,88 
1552	91,799,766,358,499,941,203,727,1058,643 
1553	575,357,773,985,353,630,563,1153,6,49 
1554	300,500,833,1269,579,153,1358,1428,889,1101 
1555	116,111,24,456,317,72,570,624,557,384 
1556	214,67,366,358,951,539,378,330,242,402 
1557	912,782,673,527,704,368,853,394,1204,340 
1558	542,90,392,44,828,288,608,33,1150,401 
1559	37,614,361,48,1020,58,441,53,472,547 
1560	13,49,357,376,563,828,1078,269,1261,461 
1561	1328,1466,41,451,13,1360,376,397,499,1451 
1562	742,580,130,197,116,679,57,235,716,357 
1564	58,249,85,66,18,11,151,395,361,311 
1565	108,213,159,107,130,250,338,249,395,110 
1566	9,8,790,12,392,44,317,140,624,1018 
1567	608,527,269,357,525,461,1058,1078,932,563 
1568	402,941,539,727,901,397,951,214,799,1010 
1569	500,616,579,913,596,1039,1439,1216,833,315 
1570	743,992,269,977,563,397,380,1078,768,1058 
1571	74,87,542,422,90,345,392,77,828,33 
1572	114,757,101,26,963,1167,1280,88,568,1102 
1573	745,108,392,345,178,77,267,293,815,1085 
1574	88,1167,568,77,49,815,1158,368,26,357 
1575	614,179,200,275,163,631,271,1110,1285,952 
1576	1080,148,163,179,631,275,971,1285,1013,1335 
1577	220,959,1153,520,400,132,767,563,1061,897 
1578	228,222,159,130,149,338,296,577,224,534 
1579	895,931,1054,1242,181,1100,906,673,278,1315 
1580	6,220,896,1065,400,784,1127,509,689,789 
1581	144,311,1080,275,1031,614,1331,1122,1112,271 
1582	716,662,409,216,48,338,293,222,797,437 
1583	767,13,357,520,985,1153,773,935,132,318 
1584	150,492,716,72,293,235,679,249,437,832 
1585	847,955,605,652,384,914,471,1235,490,195 
1586	1041,768,946,1313,901,499,727,999,402,1111 
1587	488,266,338,716,460,437,407,258,58,287 
1588	91,813,881,146,525,269,277,203,402,967 
1589	357,9,575,954,60,563,985,630,220,773 
1590	77,88,376,292,195,126,448,673,725,1064 
1591	311,614,275,144,407,969,1080,900,395,798 
1592	195,292,204,725,914,596,77,439,471,701 
1593	575,773,985,1153,563,49,896,132,749,1040 
1594	596,500,616,172,605,300,1269,285,913,665 
1595	959,220,1127,132,985,784,767,235,896,689 
1596	941,539,727,901,616,315,273,950,1010,1148 
1597	140,289,422,37,4,580,808,127,214,828 
1598	108,116,103,159,138,44,14,228,421,60 
1599	402,901,539,315,999,1268,1216,146,992,950 
1600	138,116,87,72,624,215,384,545,847,441 
1601	745,577,409,806,159,716,610,924,114,131 
1602	91,941,358,901,950,766,727,813,1361,1364 
1603	103,441,32,122,249,891,40,253,395,522 
1604	35,534,103,716,745,806,610,437,216,465 
1605	300,1039,605,195,1305,622,1314,204,153,616 
1606	228,161,742,264,338,365,716,577,662,587 
1607	72,161,130,159,85,185,253,432,395,296 
1608	108,103,161,361,58,40,614,484,311,275 
1609	111,159,422,457,985,56,575,630,1018,27 
1610	520,6,1153,767,400,985,689,784,563,935 
1611	91,941,951,901,960,358,766,214,239,999 
1612	596,307,384,601,1125,955,1000,725,471,652 
1613	828,13,41,881,686,336,269,401,743,1058 
1614	745,199,317,545,23,924,357,131,633,480 
1615	539,727,397,799,950,239,616,1010,1182,1214 
1616	26,368,698,1261,77,826,1066,22,673,357 
1617	91,1058,397,967,766,1328,525,813,358,203 
1618	400,547,472,457,575,614,959,1127,235,699 
1619	13,49,1040,749,645,984,828,318,357,1481 
1620	402,539,941,91,901,799,397,358,960,999 
1621	357,107,773,344,1204,575,514,353,220,256 
1622	161,122,249,160,325,97,228,541,395,587 
1623	4,56,745,357,49,77,335,20,815,608 
1624	596,605,1073,955,1269,195,169,1181,889,500 
1625	681,568,1167,608,357,303,745,698,984,233 
1626	103,213,159,32,253,325,151,706,432,395 
1627	103,48,108,213,12,40,122,390,249,257 
1628	138,847,234,570,930,601,804,251,678,61 
1629	392,74,54,140,1085,127,624,77,637,33 
1630	985,767,93,132,6,357,220,318,935,49 
1631	389,441,39,407,18,311,234,395,48,541 
1632	77,154,398,745,244,197,345,292,815,1085 
1633	608,13,49,376,77,357,828,686,88,940 
1634	592,195,477,9,965,786,168,673,500,616 
1635	228,492,1020,164,8,189,264,235,253,547 
1636	429,185,40,107,53,365,58,228,5,87 
1637	357,345,164,57,377,49,24,295,679,113 
1638	1204,757,782,1242,963,1430,1167,984,704,598 
1639	88,26,49,1204,906,1261,984,757,568,826 
1640	985,132,93,959,630,322,400,789,689,747 
1641	596,605,458,195,1235,955,204,1073,384,169 
1642	437,716,256,1280,287,232,619,488,806,1065 
1643	103,72,441,130,85,11,8,296,395,182 
1644	402,941,397,616,239,727,273,999,172,1257 
1645	163,200,732,631,981,614,971,1013,898,1487 
1646	847,596,384,652,955,678,1073,61,212,1000 
1647	605,169,1269,833,500,1235,195,204,300,889 
1648	357,228,4,415,56,421,165,3,745,806 
1649	941,539,901,727,397,315,616,799,1148,951 
1650	216,437,465,806,488,610,797,232,256,114 
1651	389,18,488,581,110,48,716,11,395,460 
1652	596,605,1193,725,195,955,204,384,1269,412 
1653	122,325,185,11,97,151,541,382,395,228 
1654	361,66,14,4,60,78,116,45,218,357 
1655	122,389,311,18,407,58,395,144,524,275 
1656	407,275,969,1047,798,650,1331,872,663,860 
1657	215,186,289,103,234,484,660,80,847,614 
1658	108,103,213,130,12,122,18,11,289,395 
1659	613,1111,527,368,1037,451,22,171,568,768 
1660	311,97,160,407,361,395,538,144,275,798 
1661	163,1320,1122,631,179,614,732,144,271,1494 
1662	402,539,941,91,799,951,315,960,999,358 
1663	234,18,29,742,266,185,804,58,5,128 
1664	596,1235,169,1073,391,955,833,1269,204,1345 
1665	895,782,102,1242,826,1188,1204,1032,598,88 
1666	881,1058,146,828,269,336,539,686,376,1328 
1667	37,150,264,159,267,197,345,357,494,9 
1668	522,124,382,125,185,541,917,311,395,798 
1669	847,678,1345,596,1073,1235,61,169,1248,955 
1670	441,68,382,249,11,541,891,429,395,182 
1671	488,437,716,619,232,465,216,797,1116,647 
1672	376,527,673,1041,743,1058,269,1100,613,1411 
1673	539,901,397,91,950,799,1010,239,690,1216 
1674	1111,786,451,606,1100,376,1012,946,527,925 
1675	1101,153,616,0,833,913,172,1269,1377,273 
1676	357,62,514,221,27,563,49,925,935,786 
1677	146,13,584,813,686,828,499,936,355,942 
1678	614,361,213,965,142,32,441,53,1080,179 
1679	614,1080,275,148,311,1112,179,200,553,732 
1680	981,631,200,614,1320,1122,910,1494,1423,676 
1681	614,163,631,981,1122,1223,1423,271,860,726 
1682	114,984,745,393,357,806,101,256,815,49 
1683	269,743,451,1360,380,499,1343,655,208,91 
1684	49,1167,83,681,357,698,114,975,1430,963 
1685	596,583,384,955,24,1125,1193,605,1000,652 
1686	4,267,128,345,23,545,43,126,77,48 
1687	49,828,269,985,1078,353,380,336,376,93 
1688	985,575,563,977,743,353,630,935,220,1153 
1689	9,745,24,77,267,108,392,444,815,409 
1690	14,790,82,429,295,267,77,345,307,521 
1691	614,1080,275,311,148,798,654,1112,553,271 
1692	494,88,673,357,786,34,189,26,43,676 
1693	370,213,441,289,228,186,253,475,296,266 
1694	743,1328,992,41,451,499,539,13,91,1451 
1695	985,342,18,444,189,64,159,575,630,4 
1696	357,256,1204,344,757,1280,773,16,887,1065 
1697	60,616,289,402,477,172,596,786,793,500 
1698	716,216,437,197,183,465,488,797,662,619 
1699	1261,172,673,1367,88,1111,795,616,451,786 
1700	745,480,23,491,77,178,815,49,78,608 
1701	88,906,376,598,26,608,932,568,704,768 
1702	458,65,214,166,402,186,64,412,477,358 
1703	88,49,26,357,1167,745,368,698,1158,608 
1704	132,220,563,959,1127,318,789,779,747,400 
1705	985,575,492,400,630,773,6,897,1153,220 
1706	289,150,656,521,386,307,48,384,1000,471 
1707	912,975,704,1478,853,1204,1167,83,527,1223 
1708	66,249,289,185,432,58,186,475,351,382 
1709	539,813,881,951,380,766,214,499,507,402 
1710	402,214,358,91,799,950,960,1010,397,499 
1711	253,742,72,113,235,361,122,472,441,106 
1712	163,826,981,179,1188,782,26,357,631,1122 
1713	287,619,216,465,232,797,256,460,647,610 
1714	142,264,116,441,370,51,228,18,159,224 
1715	1204,768,26,49,1478,895,181,906,773,527 
1716	178,392,491,140,56,8,745,33,159,9 
1717	228,235,53,467,518,389,110,488,716,472 
1718	12,716,488,235,4,150,216,492,797,232 
1719	941,539,91,397,951,315,1010,960,214,358 
1720	60,580,214,951,106,808,87,277,358,539 
1721	49,563,13,357,353,1078,520,527,935,773 
1722	9,60,267,142,66,135,725,77,195,477 
1723	757,114,568,256,88,791,1204,1102,906,1158 
1724	614,163,732,971,311,631,1320,900,798,882 
1725	743,13,608,269,380,1058,525,1261,967,41 
1726	159,8,107,296,289,122,58,382,432,257 
1727	596,500,833,605,889,1235,1305,585,195,616 
1728	66,48,215,142,475,614,361,68,157,484 
1729	596,847,384,955,652,605,471,701,1000,914 
1730	608,77,49,376,13,345,357,88,109,267 
1731	575,180,400,335,547,959,220,1127,6,353 
1732	1223,1423,803,614,1188,1309,903,403,693,353 
1733	88,673,613,786,62,1261,676,26,37,195 
1734	402,616,273,239,665,913,727,1148,172,477 
1735	782,102,1242,910,1261,1188,181,598,88,1013 
1736	26,1158,368,613,673,826,1303,914,195,22 
1737	88,357,1204,826,975,49,984,704,1167,1423 
1738	906,975,83,912,1223,704,853,963,368,895 
1739	357,49,777,109,452,608,984,42,633,745 
1740	122,58,66,185,325,660,11,382,411,395 
1741	1080,148,1112,200,163,732,275,631,971,311 
1742	898,88,768,673,981,895,782,1107,1111,821 
1743	269,992,380,41,451,1041,1360,1343,881,1015 
1744	596,955,605,384,1193,1073,204,1305,1125,490 
1745	1058,269,1328,1466,743,881,1160,539,813,451 
1746	521,64,288,431,565,96,116,828,1018,401 
1747	1261,568,368,906,598,357,782,22,826,704 
1748	534,392,54,421,228,77,1085,398,624,745 
1749	267,409,24,72,12,42,392,745,345,662 
1750	402,616,941,1439,239,315,788,786,273,172 
1751	380,1058,525,539,146,91,951,1328,766,1466 
1752	82,614,357,57,106,164,498,786,179,514 
1753	745,392,608,491,33,49,1085,184,13,815 
1754	49,357,563,376,906,1078,353,520,896,932 
1755	786,676,614,163,514,898,631,788,821,418 
1756	402,397,172,946,788,1367,1216,315,273,1268 
1757	163,898,179,1309,1080,148,1320,102,640,1359 
1758	745,49,777,398,77,608,357,815,681,984 
1759	357,256,581,580,444,437,806,716,1280,101 
1760	392,491,244,54,33,608,1085,405,828,1150 
1761	82,214,90,431,951,44,173,358,539,277 
1762	269,525,380,743,146,967,686,41,336,461 
1763	66,521,839,477,214,37,76,402,99,412 
1764	1080,148,200,163,732,614,971,275,179,654 
1765	357,88,26,444,150,545,78,641,614,514 
1766	782,1204,181,102,1168,768,1100,202,1107,1315 
1767	235,161,130,679,675,832,547,400,76,897 
1768	172,273,315,795,913,788,941,579,727,500 
1769	60,14,9,87,477,37,66,786,195,168 
1770	967,1058,397,146,380,1328,451,499,664,1466 
1771	791,963,806,1280,628,1167,1204,26,567,756 
1772	357,49,984,26,88,906,757,568,608,1167 
1773	768,898,676,925,514,821,912,1012,1100,655 
1774	41,813,380,525,692,1058,828,539,376,146 
1775	1423,895,163,278,88,853,1107,631,181,1204 
1776	1080,614,275,148,311,179,654,1285,271,971 
1777	614,475,235,547,472,253,42,53,400,954 
1778	1261,768,563,376,743,977,88,527,93,514 
1779	370,103,72,161,441,250,32,122,432,266 
1780	357,984,757,421,49,109,528,26,256,101 
1781	256,726,757,693,1280,357,773,1116,1065,903 
1782	640,1267,1223,1261,826,598,1309,1107,1188,910 
1783	402,941,539,727,901,273,315,950,1216,665 
1784	357,563,49,575,514,935,773,93,630,220 
1785	108,370,213,107,249,66,68,58,289,395 
1786	88,1261,613,1367,172,786,376,616,285,676 
1787	9,985,18,575,357,345,630,563,773,187 
1788	64,4,289,42,422,140,189,127,142,828 
1789	357,49,608,377,393,150,109,13,77,745 
1790	357,1204,514,1423,394,344,1223,179,202,513 
1791	82,596,173,725,195,605,87,135,204,692 
1792	289,18,614,103,338,10,215,477,43,99 
1793	48,128,847,224,120,108,705,678,111,61 
1794	984,114,745,357,806,101,49,757,256,83 
1795	82,596,189,521,143,384,477,725,412,1193 
1796	163,631,910,1309,1423,1054,1223,1080,640,202 
