0	300,500,1101,1039,579,153,616,596,833,172 
1	64,828,111,264,392,401,380,881,13,608 
2	186,361,614,275,68,311,39,483,1080,798 
3	963,1430,1423,101,26,114,344,16,568,906 
4	610,377,35,745,806,742,267,716,216,465 
5	68,160,97,11,185,541,18,395,310,587 
6	132,520,985,767,689,563,1044,1061,897,630 
7	624,754,40,508,45,705,348,103,384,847 
8	151,124,253,12,311,1173,395,407,58,443 
9	568,26,698,233,1066,745,756,963,131,22 
10	85,142,159,390,8,487,32,847,484,257 
11	185,390,325,541,125,124,522,395,123,718 
12	40,159,804,32,390,107,382,186,11,257 
13	525,828,813,401,336,584,355,523,755,269 
14	195,914,605,1235,292,596,204,839,1248,471 
15	608,109,357,49,1040,33,405,984,745,13 
16	215,185,68,160,253,53,432,429,742,151 
17	357,116,267,319,197,49,4,651,608,335 
18	26,984,826,963,906,233,49,628,756,303 
19	402,941,901,743,799,951,950,499,766,1328 
20	77,335,225,127,580,87,45,154,577,745 
21	881,813,692,539,725,380,828,41,358,507 
22	441,29,475,8,660,5,228,185,614,68 
23	458,195,31,592,138,596,914,605,168,1235 
24	295,317,624,289,307,392,521,54,77,127 
25	520,220,896,959,630,1127,784,318,1065,1044 
26	402,596,539,1010,412,616,690,358,951,950 
27	716,437,249,267,150,488,235,232,619,287 
28	93,985,6,220,322,1065,630,206,666,1127 
29	4,77,377,357,480,745,197,342,88,49 
30	68,18,660,234,39,11,395,407,311,266 
31	563,773,896,206,155,495,682,1027,935,906 
32	289,307,24,596,725,276,412,1193,692,402 
33	29,18,488,742,716,659,581,216,797,437 
34	370,534,577,48,342,213,267,338,662,716 
35	906,49,376,357,598,932,568,93,704,1204 
36	53,222,570,224,754,847,491,601,365,705 
37	596,402,616,1193,605,622,687,1269,955,412 
38	53,106,214,186,431,67,142,76,951,358 
39	402,941,539,727,302,690,950,273,1148,1431 
40	97,12,522,541,185,8,266,395,1173,310 
41	45,108,365,44,456,491,264,624,627,8 
42	53,173,51,491,894,601,77,295,292,557 
43	624,627,366,384,790,121,348,1000,508,392 
44	74,187,608,178,828,154,13,392,49,77 
45	992,146,743,539,1328,269,1041,1160,41,901 
46	539,1058,992,951,397,41,91,1328,277,881 
47	128,103,754,847,40,804,365,705,116,384 
48	159,614,250,486,660,48,483,429,275,1080 
49	380,13,881,392,686,608,525,336,41,469 
50	166,214,87,402,951,539,723,426,358,412 
51	985,743,60,563,977,269,380,630,277,575 
52	142,808,627,128,358,214,384,1125,399,725 
53	847,596,1073,1235,678,391,955,1191,1248,204 
54	804,847,161,570,678,123,484,718,80,257 
55	215,185,325,97,58,8,541,125,395,18 
56	767,520,132,563,1127,896,400,630,93,784 
57	392,140,54,534,444,1085,33,405,1150,608 
58	122,325,253,382,85,541,125,8,395,310 
59	103,213,185,891,138,128,751,847,487,68 
60	896,220,959,630,322,1127,206,155,1044,935 
61	311,249,407,486,389,160,395,275,144,798 
62	773,563,520,132,896,6,630,220,318,357 
63	113,289,186,150,4,370,161,235,547,338 
64	847,596,1345,1073,391,1235,169,61,1248,231 
65	223,1267,782,1423,527,1204,826,853,1107,202 
66	132,575,767,220,895,513,896,931,514,1223 
67	392,54,42,65,90,1085,637,828,405,33 
68	358,766,91,881,380,277,499,41,799,203 
69	10,45,596,754,384,60,135,1125,214,955 
70	380,401,828,881,41,525,951,686,813,269 
71	11,185,125,124,541,522,891,395,917,266 
72	53,140,214,135,67,342,157,429,951,358 
73	806,745,610,924,465,131,984,256,101,815 
74	402,539,951,397,950,960,1010,315,1148,273 
75	296,29,891,8,87,359,186,224,847,487 
76	13,608,828,150,686,380,401,336,392,945 
77	135,67,521,62,126,402,87,321,793,214 
78	88,77,21,368,745,26,1066,22,1158,376 
79	608,13,357,984,681,745,1167,77,568,303 
80	745,577,23,267,3,444,610,815,806,114 
81	24,60,106,335,354,951,277,985,214,380 
82	596,605,1235,1073,955,1305,195,1269,622,391 
83	88,357,77,49,284,745,608,26,681,368 
84	48,533,351,18,659,488,581,716,216,797 
85	743,41,146,881,539,1328,992,828,13,499 
86	441,804,570,847,53,224,365,705,130,147 
87	114,1167,681,745,1430,49,698,757,568,963 
88	186,32,58,8,215,68,40,253,310,395 
89	8,5,160,228,18,429,253,432,296,53 
90	959,400,220,547,353,132,6,514,179,773 
91	596,605,955,1073,622,169,1305,1235,1269,195 
92	745,542,392,8,244,217,1085,815,33,610 
93	608,1167,357,568,13,745,83,906,26,88 
94	222,365,215,228,804,570,317,24,534,624 
95	402,539,951,799,950,302,960,690,1431,273 
96	66,32,68,58,85,382,804,289,296,541 
97	575,65,400,959,1127,985,547,220,214,6 
98	325,718,123,311,748,395,798,650,443,407 
99	608,357,984,906,749,757,568,26,1167,1040 
100	992,397,768,967,146,1041,1058,451,793,977 
101	716,216,488,797,437,151,662,465,619,232 
102	164,189,82,228,651,225,431,357,494,197 
103	429,475,107,250,130,234,215,32,310,614 
104	264,985,575,444,565,954,630,563,400,357 
105	743,951,1058,146,380,499,967,277,1328,41 
106	114,610,745,256,465,984,619,101,716,1280 
107	357,3,199,745,393,335,49,777,984,815 
108	161,5,122,249,85,8,289,325,382,395 
109	898,1478,1100,640,895,673,925,676,1107,181 
110	11,58,249,311,125,151,660,395,798,39 
111	563,206,155,220,322,318,689,1078,789,1044 
112	221,33,405,392,422,608,1040,357,1150,897 
113	896,206,220,318,689,959,509,630,1044,1127 
114	742,189,1020,228,66,72,492,24,472,235 
115	161,107,58,185,429,660,40,85,8,522 
116	160,122,382,58,429,40,296,541,325,395 
117	608,13,9,480,90,49,96,77,828,197 
118	509,322,1127,789,747,318,666,1044,1498,400 
119	160,185,382,97,253,58,541,125,395,18 
120	253,58,522,382,125,541,18,395,182,311 
121	1153,353,563,767,6,220,896,132,400,357 
122	111,596,87,283,477,195,605,616,168,500 
123	24,214,82,951,159,366,358,242,277,539 
124	392,608,13,20,9,1085,828,54,33,405 
125	985,220,322,509,206,789,747,630,784,935 
126	488,716,437,115,287,216,797,619,460,232 
127	660,18,706,389,48,311,234,395,407,125 
128	745,392,491,534,244,225,33,1085,815,49 
129	149,43,4,839,448,142,77,288,264,725 
130	806,791,1204,357,984,26,826,437,963,1430 
131	1223,782,1267,394,1309,202,1032,703,910,1494 
132	128,847,519,596,448,384,705,652,955,471 
133	624,656,384,348,1125,82,212,1000,121,947 
134	5,185,18,382,429,253,11,432,289,395 
135	296,29,128,159,138,186,68,365,487,847 
136	311,407,900,969,860,1047,524,395,275,460 
137	68,11,185,249,541,522,124,253,395,917 
138	357,88,26,293,78,393,1204,49,256,745 
139	342,429,790,10,570,624,384,601,652,1000 
140	103,45,12,23,545,577,44,159,441,370 
141	311,144,900,969,1047,275,1067,860,1331,798 
142	222,142,402,334,477,66,596,616,412,725 
143	488,716,437,287,216,232,797,619,235,465 
144	745,165,610,409,806,716,374,216,465,815 
145	400,1153,630,6,220,773,353,959,563,767 
146	88,527,608,13,1111,673,77,49,357,525 
147	402,616,941,214,477,727,665,273,99,239 
148	906,598,782,895,704,621,1478,83,181,757 
149	107,32,185,58,296,11,429,541,266,289 
150	26,826,49,527,698,912,1204,975,782,608 
151	111,228,128,296,87,4,224,29,186,58 
152	608,985,13,357,49,743,828,1078,269,630 
153	215,11,891,66,97,125,522,249,395,253 
154	149,570,120,147,847,222,4,9,44,365 
155	596,955,1073,605,1235,204,490,195,391,701 
156	596,1073,955,1235,169,1305,847,1181,204,1269 
157	839,596,189,605,477,195,169,955,833,384 
158	107,614,429,37,5,249,29,217,660,432 
159	256,357,679,344,437,1280,1204,757,16,716 
160	716,18,266,581,420,437,806,216,232,465 
161	992,655,1058,146,1367,743,1328,376,673,1463 
162	429,160,40,85,5,186,58,891,142,224 
163	179,614,981,631,148,1122,1112,1013,898,908 
164	985,575,342,630,400,773,897,6,1153,1018 
165	295,421,342,491,35,128,662,365,250,267 
166	847,384,508,596,212,348,955,360,678,652 
168	103,72,18,522,185,85,310,411,395,311 
169	698,791,114,1204,26,1280,568,1102,88,628 
170	985,6,689,682,1445,1044,1486,1127,935,630 
171	847,596,1073,678,391,1345,955,605,1248,1305 
172	122,185,85,382,66,253,97,541,660,395 
173	24,392,54,127,78,421,77,1085,56,33 
174	213,310,429,68,614,234,361,185,325,395 
175	384,1125,348,212,596,624,1000,947,652,471 
176	97,215,12,541,185,110,125,395,182,311 
177	159,11,185,382,125,253,8,522,395,390 
178	365,338,409,662,317,577,289,224,35,716 
179	228,587,234,115,58,432,389,488,716,395 
180	214,87,78,492,457,400,547,472,951,575 
181	614,179,189,289,547,641,498,609,631,163 
182	402,941,539,616,727,1010,690,302,933,273 
183	429,185,296,186,85,107,224,365,5,128 
184	357,351,27,18,116,70,256,335,806,984 
185	469,828,1058,686,584,146,13,355,499,951 
186	24,422,217,421,357,65,608,49,790,77 
187	847,596,1073,1345,391,1191,169,1181,955,605 
188	317,173,87,289,742,197,441,24,215,662 
189	172,451,1367,285,795,673,376,1111,402,88 
190	43,596,157,219,321,930,477,725,195,605 
191	826,698,782,704,975,368,376,527,1478,673 
192	745,393,542,444,77,1085,815,392,351,54 
193	87,24,839,521,477,264,10,808,214,99 
194	429,8,224,382,142,751,359,847,128,257 
195	768,451,743,946,1367,967,397,992,793,88 
196	392,44,78,37,65,54,33,828,1150,405 
197	163,148,631,981,1112,1122,1335,1013,275,1223 
198	985,520,220,6,896,563,784,322,779,318 
199	64,116,828,43,20,790,401,380,392,608 
200	716,488,437,797,465,619,662,232,235,287 
201	376,906,828,357,686,1261,932,749,527,1481 
202	215,11,58,311,541,12,124,395,706,407 
203	74,44,392,745,77,393,244,54,815,1085 
204	370,11,325,123,718,66,541,311,395,748 
205	159,185,325,97,8,58,541,125,182,395 
206	222,149,627,44,624,108,348,384,18,82 
207	370,128,186,130,215,40,213,228,161,92 
208	743,146,91,967,499,813,766,397,1160,451 
209	984,806,83,101,1430,1167,757,1280,357,1102 
210	985,353,220,6,1153,773,563,630,767,520 
211	608,13,49,37,357,109,77,4,376,828 
212	896,985,1498,206,779,341,104,318,1065,191 
213	11,382,185,253,541,58,522,395,891,66 
214	122,58,66,253,11,382,186,85,395,296 
215	655,563,1078,520,1028,608,376,269,682,155 
216	195,701,605,471,1248,1073,847,440,204,292 
217	596,500,605,195,300,833,204,1235,579,446 
218	392,565,608,33,54,1085,405,13,828,1150 
219	53,267,140,42,429,66,14,448,217,477 
220	392,1085,745,54,534,77,608,33,13,815 
221	289,14,267,65,458,521,448,139,431,321 
222	53,8,296,40,186,128,228,138,150,68 
223	103,213,185,40,58,382,325,11,8,395 
224	608,13,49,1040,78,33,984,645,745,357 
225	1080,163,148,981,631,1112,732,1320,275,1110 
226	159,185,891,249,382,58,541,40,804,224 
227	40,804,289,32,107,382,390,58,487,257 
228	1439,795,397,1367,1261,1411,967,451,402,616 
229	358,766,402,799,499,950,881,941,397,1058 
230	9,116,365,456,754,839,120,601,384,847 
231	234,365,213,338,804,138,116,224,545,185 
232	613,673,88,500,172,195,285,1303,786,867 
233	135,422,695,214,985,575,951,277,959,630 
234	743,525,992,269,1328,380,539,397,1360,881 
235	91,799,941,901,397,813,727,1010,203,743 
236	826,26,984,83,344,975,1423,88,698,101 
237	804,338,53,365,185,29,149,186,159,847 
238	392,54,828,1085,637,401,13,380,608,1437 
239	48,142,847,804,678,456,45,487,61,508 
240	249,185,160,66,432,382,186,11,395,660 
241	82,335,42,76,214,402,18,62,951,539 
242	11,123,718,185,522,748,395,311,257,211 
243	342,87,12,365,128,421,24,409,159,149 
244	88,673,376,786,1367,357,1100,606,1012,946 
245	596,214,358,402,384,412,539,1125,1088,1193 
246	48,40,847,160,359,705,678,390,61,508 
247	392,13,828,111,608,1085,401,54,380,686 
248	380,525,743,41,881,401,951,539,277,336 
249	610,377,806,716,745,216,465,437,619,114 
250	11,311,125,107,395,798,718,123,650,407 
251	234,12,40,382,107,11,58,296,541,325 
252	681,88,21,745,1066,368,568,131,77,924 
253	853,278,1261,331,1242,394,1309,578,673,655 
254	429,107,296,68,53,5,32,58,18,111 
255	745,77,225,228,74,815,409,1085,924,392 
256	786,225,673,676,925,514,357,477,418,88 
257	745,114,35,806,610,984,815,577,465,924 
258	577,72,545,12,9,570,224,627,409,847 
259	914,292,195,77,1248,532,194,439,471,597 
260	596,616,500,402,300,172,1269,273,665,833 
261	5,18,533,716,234,742,659,488,216,797 
262	40,847,570,149,185,487,751,250,678,508 
263	985,457,575,180,630,307,18,159,563,1153 
264	951,813,881,380,766,41,499,214,525,692 
265	847,1073,1235,955,678,605,1345,914,384,1248 
266	716,42,232,398,806,619,610,437,216,465 
267	77,745,335,14,580,197,56,815,608,49 
268	160,185,325,58,66,253,97,541,395,151 
269	267,42,345,745,70,24,8,542,357,815 
270	116,716,197,662,317,66,216,534,365,587 
271	24,173,48,627,51,317,894,601,77,295 
272	87,186,72,4,18,173,448,103,157,10 
273	786,616,788,1439,676,172,402,981,579,821 
274	249,58,185,522,85,125,541,395,891,311 
275	1261,376,527,673,1111,357,598,49,912,568 
276	213,338,365,351,234,222,116,128,296,266 
277	402,616,1439,788,786,172,941,727,1216,477 
278	563,6,689,789,1498,193,1044,935,341,1127 
279	608,745,244,49,491,20,33,392,13,77 
280	264,60,140,150,106,4,242,48,228,1018 
281	77,317,154,78,894,197,292,745,398,815 
282	773,563,608,13,49,6,935,1078,749,512 
283	896,6,985,509,322,689,666,757,1498,630 
284	173,24,458,37,448,164,321,45,361,477 
285	745,345,70,351,8,165,77,251,924,131 
286	429,614,1020,161,547,808,217,76,472,400 
287	1153,767,6,896,630,520,93,1065,132,357 
288	342,790,577,491,317,627,570,534,624,14 
289	624,128,295,392,45,289,142,627,54,828 
290	660,68,522,475,706,614,215,395,311,97 
291	216,465,619,806,232,488,610,287,256,797 
292	1153,767,563,6,220,896,93,318,400,935 
293	596,605,1073,955,847,169,1305,1181,195,1191 
294	228,87,250,264,12,24,441,189,217,235 
295	29,429,5,228,249,58,18,40,53,266 
296	234,123,718,224,748,250,124,484,80,257 
297	353,1127,6,400,1153,773,132,563,520,767 
298	985,400,959,1127,6,353,1153,897,132,563 
299	429,338,24,9,161,12,157,150,365,250 
300	587,97,581,234,325,488,716,216,742,797 
301	813,269,1466,967,499,755,91,167,951,766 
302	68,8,522,12,115,706,660,11,395,228 
303	116,64,77,65,342,164,20,321,267,289 
304	614,72,242,48,115,53,441,189,547,472 
305	614,1080,275,1285,148,179,484,271,163,553 
306	161,29,53,87,138,186,224,111,149,847 
307	402,539,941,91,799,315,960,302,214,1216 
308	409,420,222,662,365,742,790,716,338,216 
309	743,1058,146,525,451,269,41,967,539,376 
310	975,568,1167,906,1204,114,681,101,1102,791 
311	216,806,232,610,256,287,488,114,797,1280 
312	539,358,91,1010,799,960,766,901,302,499 
313	13,146,686,167,1328,336,828,881,1261,461 
314	441,39,311,407,706,11,660,395,182,443 
315	491,164,392,317,37,577,542,228,289,33 
316	214,82,358,951,64,539,166,330,448,402 
317	66,596,321,725,195,128,605,204,914,471 
318	26,1261,906,1167,608,681,368,303,357,1158 
319	596,276,955,605,384,1193,622,1125,1073,412 
320	767,1153,400,896,322,789,1044,1061,630,935 
321	26,698,681,1167,826,745,368,963,1430,256 
322	60,596,222,334,402,186,283,616,477,412 
323	160,185,382,58,253,8,541,66,395,891 
324	357,150,587,57,716,437,42,256,183,806 
325	66,130,804,123,484,718,847,80,257,748 
326	500,300,1439,616,1101,172,913,1039,0,596 
327	93,959,985,1127,789,779,666,206,1044,318 
328	214,951,60,78,358,539,402,64,277,950 
329	767,220,896,563,132,630,959,93,1065,318 
330	539,214,951,402,412,1010,91,766,881,692 
331	68,228,58,18,151,432,541,85,310,395 
332	500,300,596,616,833,579,169,1269,605,172 
333	951,402,91,214,766,397,358,941,203,950 
334	26,527,898,357,895,1204,394,376,223,1242 
335	110,29,310,311,407,395,614,524,488,258 
336	9,384,1125,596,348,624,212,1000,652,847 
337	300,500,1101,596,1039,579,833,153,585,273 
338	539,402,214,358,1010,690,91,1088,766,960 
339	716,437,173,161,4,266,232,235,619,287 
340	26,906,376,527,598,673,368,698,826,704 
341	374,377,4,213,197,42,716,581,357,250 
342	107,577,610,267,716,745,216,806,465,662 
343	66,596,31,955,605,384,1193,1073,204,622 
344	159,85,5,429,296,891,804,58,249,751 
345	813,41,1058,951,499,766,743,936,967,1466 
346	249,185,58,429,68,160,289,475,310,395 
347	587,266,115,53,97,234,488,716,395,235 
348	5,185,58,382,325,541,253,891,390,395 
349	847,839,678,508,384,596,61,360,652,212 
350	13,608,96,77,65,828,392,1085,686,380 
351	392,140,244,56,745,1085,77,54,33,815 
352	128,656,847,596,384,53,652,955,1000,471 
353	342,828,521,380,401,565,608,13,686,336 
354	745,49,681,984,815,114,1167,77,357,608 
355	358,766,813,214,881,277,901,1058,743,397 
356	353,1153,357,563,93,520,896,6,630,220 
357	596,402,616,665,1039,913,687,500,833,1193 
358	132,520,400,1153,563,773,93,747,935,1061 
359	300,500,596,1039,833,579,1269,616,913,1219 
360	66,185,160,228,186,253,289,432,151,310 
361	311,130,798,407,650,395,275,718,744,123 
362	402,358,91,799,766,950,813,499,901,690 
363	142,24,808,140,78,361,48,214,477,614 
364	106,651,345,56,565,422,65,357,87,1018 
365	266,185,58,151,432,325,66,395,310,1173 
366	87,433,67,214,358,539,120,412,951,725 
367	400,235,472,180,518,897,575,547,959,653 
368	267,745,37,377,577,56,345,8,815,357 
369	122,253,185,18,97,11,266,541,395,1173 
370	358,214,91,766,402,881,799,692,380,203 
371	608,13,49,376,357,127,217,828,686,77 
372	370,18,107,53,87,40,804,228,475,296 
373	29,185,68,53,122,253,432,429,11,85 
374	307,64,53,458,422,264,431,725,692,214 
375	975,1167,1204,1423,256,791,314,114,1102,1070 
376	311,144,407,900,969,395,275,1067,860,524 
377	8,185,266,85,11,253,382,432,97,40 
378	1158,1423,984,1167,906,101,357,628,314,782 
379	596,402,616,273,665,913,585,933,172,1039 
380	596,605,1269,833,1235,204,616,1193,665,687 
381	380,13,881,401,392,686,608,41,336,469 
382	813,358,766,799,499,881,277,1058,901,146 
383	392,565,608,64,828,13,33,54,1085,405 
384	608,13,392,33,1085,828,1040,54,49,405 
385	40,5,123,487,718,124,541,257,395,211 
386	66,111,234,29,185,87,5,58,32,1020 
387	108,60,48,173,103,242,14,4,370,140 
388	539,951,992,1058,380,91,967,402,277,451 
389	122,11,97,249,541,8,58,66,395,917 
390	400,985,959,220,6,353,547,1153,132,897 
391	539,402,214,358,941,91,950,799,960,302 
392	596,169,1235,1305,833,1073,1269,955,920,1026 
393	122,58,185,11,382,522,186,125,395,429 
394	1261,768,563,93,49,1078,376,527,608,935 
395	400,472,235,228,217,547,24,370,575,897 
396	380,813,146,584,269,336,686,1117,1328,539 
397	106,429,214,695,140,112,113,614,547,477 
398	12,160,8,253,382,429,325,11,395,296 
399	534,8,398,154,745,77,393,70,140,815 
400	368,21,745,233,1066,826,756,303,906,49 
401	344,437,16,757,791,1116,1204,693,716,1223 
402	951,743,91,1058,402,397,146,214,269,203 
403	1054,1223,1267,181,1204,1124,1032,703,768,1107 
404	124,159,107,917,185,311,395,123,718,798 
405	745,984,293,49,114,357,815,681,1167,608 
406	539,358,91,799,950,1010,766,960,727,412 
407	402,539,1010,214,358,690,412,596,302,960 
408	429,9,365,264,317,215,534,456,570,624 
409	60,150,45,458,225,4,448,217,77,18 
410	469,13,336,401,355,584,1117,608,755,523 
411	149,147,519,656,847,51,596,44,914,195 
412	269,1328,397,525,380,499,664,91,874,766 
413	48,72,228,365,429,103,12,44,421,51 
414	382,325,917,125,541,66,123,395,502,718 
415	124,382,541,107,123,311,395,718,443,798 
416	402,539,951,214,941,397,743,727,358,950 
417	853,278,1267,102,181,1100,910,776,578,1188 
418	768,1041,655,146,743,269,1328,1100,1463,88 
419	608,20,13,178,828,154,392,686,401,49 
420	97,234,488,389,659,18,115,716,797,216 
421	608,23,9,392,745,33,49,13,77,1085 
422	186,276,108,484,234,614,169,111,80,847 
423	9,808,18,214,242,67,64,66,358,951 
424	250,351,4,149,87,130,545,456,317,409 
425	608,225,357,49,319,197,422,164,651,13 
426	110,18,266,234,58,522,488,395,310,407 
427	88,357,826,568,698,1158,1204,368,256,681 
428	896,132,608,318,49,13,206,985,935,682 
429	804,29,159,186,68,365,107,224,128,5 
430	311,234,115,407,249,11,798,395,275,650 
431	41,525,539,951,499,469,358,269,401,336 
432	289,215,160,186,5,751,68,296,85,87 
433	813,881,951,380,766,41,499,214,743,277 
434	627,342,570,120,839,384,386,790,624,847 
435	8,40,107,32,289,224,58,382,249,257 
436	488,389,110,325,29,533,235,716,266,258 
437	568,1158,376,1167,49,303,233,608,21,745 
438	120,656,521,448,384,25,624,596,1000,652 
439	563,985,155,509,318,789,682,1486,193,1078 
440	130,185,224,85,365,149,87,570,847,705 
441	525,813,469,828,401,1058,686,951,358,146 
442	214,42,289,358,951,539,422,37,277,402 
443	745,293,491,610,392,542,444,806,393,815 
444	215,66,325,11,8,18,253,186,310,395 
445	32,58,249,8,160,475,310,432,85,891 
446	896,563,6,206,155,959,789,318,1044,666 
447	87,458,429,264,44,334,150,195,25,596 
448	985,575,773,630,159,1153,357,353,563,6 
449	159,185,8,66,97,58,541,125,522,395 
450	596,605,955,1073,204,622,1235,847,169,195 
451	29,891,224,142,159,382,487,365,107,257 
452	186,213,29,614,325,275,160,965,311,798 
453	108,82,189,138,60,4,128,365,149,157 
454	951,813,91,881,214,402,499,692,1058,203 
455	13,608,828,686,24,336,401,945,380,49 
456	441,130,742,161,264,142,24,342,804,295 
457	90,392,37,828,608,13,33,1150,405,401 
458	402,616,1439,273,172,239,1216,727,788,397 
459	250,68,847,147,359,257,123,678,718,484 
460	525,743,13,1058,269,608,828,686,992,461 
461	1058,539,499,469,584,936,1160,336,1328,1466 
462	12,249,160,186,253,289,432,382,296,804 
463	1080,148,275,179,163,200,732,631,971,654 
464	5,85,382,11,891,541,325,40,432,395 
465	187,77,165,295,37,164,790,608,357,49 
466	53,77,140,96,56,828,608,392,13,401 
467	813,525,469,828,401,336,584,146,269,1117 
468	21,745,368,292,1066,1158,26,131,532,568 
469	392,54,244,44,1085,351,77,745,33,815 
470	542,491,345,228,267,78,745,392,33,77 
471	754,508,348,705,624,53,847,12,384,212 
472	441,289,32,107,58,18,891,85,122,296 
473	1058,1041,451,1466,380,41,397,874,1111,1411 
474	33,608,405,1150,1040,54,1085,13,828,724 
475	766,358,813,799,214,277,881,1058,380,941 
476	215,123,847,718,80,484,748,678,61,257 
477	142,521,53,624,288,491,577,384,392,1000 
478	76,164,157,87,429,106,345,66,614,498 
479	122,12,11,97,8,382,541,151,395,110 
480	169,596,300,500,1235,1026,605,195,889,1039 
481	357,26,49,1204,598,93,527,621,704,608 
482	13,608,828,49,686,376,380,336,357,461 
483	596,500,300,1039,616,833,1101,579,402,153 
484	142,53,18,186,111,92,29,296,138,160 
485	335,295,127,64,90,422,20,431,77,289 
486	289,534,142,365,72,12,128,429,138,392 
487	847,678,1345,1191,596,1073,1235,61,169,231 
488	160,32,8,429,382,58,804,296,11,186 
489	135,288,358,214,539,45,951,412,725,399 
490	392,1085,534,54,745,9,77,608,33,815 
491	400,235,575,472,580,897,547,103,959,985 
492	29,107,296,5,228,85,53,58,365,382 
493	54,1085,608,33,405,13,724,828,1150,1040 
494	745,377,70,534,480,815,1085,392,610,77 
495	596,1073,652,955,678,701,605,1191,440,61 
496	429,111,475,189,10,808,29,185,58,157 
497	768,1100,895,925,181,357,102,655,26,640 
498	716,216,437,797,619,465,287,232,662,235 
499	32,122,85,382,253,429,541,432,40,395 
500	400,472,161,547,235,370,249,695,575,897 
501	103,12,185,382,11,107,541,58,487,124 
502	160,311,39,110,215,11,395,407,310,798 
503	214,91,358,799,1010,901,727,960,203,499 
504	296,142,159,68,138,224,128,186,390,847 
505	5,185,891,382,522,249,541,8,124,395 
506	1328,13,1466,41,376,1015,942,608,1451,527 
507	48,215,847,678,296,103,87,61,1345,391 
508	289,8,68,487,138,128,365,847,149,257 
509	914,51,195,847,1248,471,292,701,596,652 
510	164,74,392,624,828,491,128,881,380,637 
511	77,681,745,49,357,568,368,608,1167,376 
512	140,828,580,111,401,380,881,4,67,41 
513	448,358,82,214,539,627,951,1125,399,384 
514	289,29,5,614,249,189,234,660,40,142 
515	402,1439,315,397,727,901,616,1432,172,1182 
516	11,382,97,541,58,125,253,390,395,266 
517	392,54,44,164,444,33,1085,1150,405,828 
518	1261,88,527,357,49,673,26,932,269,743 
519	392,33,54,1085,534,608,405,745,724,13 
520	97,151,266,8,185,522,58,395,182,115 
521	534,392,577,37,87,44,351,33,267,54 
522	407,311,144,361,488,395,460,524,258,860 
523	146,813,755,584,1466,1328,967,828,167,539 
524	534,24,42,9,491,18,289,392,44,662 
525	421,197,42,37,159,289,44,18,77,745 
526	742,107,266,217,173,662,398,365,716,216 
527	12,234,475,215,186,351,32,253,804,716 
528	103,250,311,85,310,18,275,395,798,650 
529	596,169,1235,605,833,195,300,1073,500,889 
530	596,605,195,725,1193,384,701,1073,914,490 
531	197,77,8,74,745,66,392,409,14,815 
532	539,358,402,1010,91,813,412,766,1088,950 
533	107,185,382,58,8,97,541,253,395,310 
534	828,392,380,401,13,686,608,336,41,54 
535	1261,698,1158,1167,704,49,963,681,357,1430 
536	72,32,429,122,249,660,185,310,8,614 
537	342,23,42,225,8,289,545,70,745,77 
538	720,42,790,415,357,534,745,35,806,716 
539	169,614,484,300,833,103,1285,596,1026,477 
540	390,917,325,66,522,541,123,718,395,311 
541	37,24,142,429,140,361,217,103,431,150 
542	296,429,804,159,487,224,382,365,257,211 
543	44,48,790,386,624,10,521,491,18,392 
544	500,616,596,300,579,402,172,273,1039,1269 
545	77,24,197,78,534,225,745,20,815,392 
546	45,4,8,234,429,222,296,351,228,847 
547	253,8,97,18,151,541,382,395,85,182 
548	10,142,839,214,358,448,433,60,624,539 
549	570,4,441,9,12,51,24,847,120,40 
550	614,1080,275,522,311,52,148,1285,179,271 
551	5,66,12,310,68,215,660,432,395,160 
552	806,465,610,716,256,619,745,216,437,232 
553	311,407,144,250,900,275,395,798,969,1047 
554	164,392,307,288,87,828,54,401,33,1150 
555	813,91,358,766,881,499,799,1010,960,692 
556	596,847,1073,955,605,391,652,678,1345,440 
557	68,97,185,58,151,541,382,395,522,182 
558	58,151,325,215,432,475,228,310,395,522 
559	26,608,376,13,357,527,1167,368,975,598 
560	215,249,18,58,150,253,432,365,4,716 
561	745,806,984,131,924,101,256,1167,26,357 
562	29,429,390,382,32,224,751,5,122,257 
563	26,568,49,1167,984,368,906,83,745,1158 
564	429,8,66,87,42,222,185,235,24,653 
565	228,215,138,409,264,365,289,173,45,662 
566	392,580,1085,54,745,608,534,33,77,13 
567	77,534,74,745,392,351,1085,815,292,709 
568	311,159,660,107,798,125,395,650,275,718 
569	228,221,217,342,186,429,1018,400,235,472 
570	959,520,985,767,784,563,1061,789,779,322 
571	441,222,456,8,9,51,234,545,228,847 
572	596,605,1269,500,833,1235,169,195,204,1039 
573	122,68,185,151,58,351,541,382,395,742 
574	12,249,124,125,185,541,58,311,395,798 
575	32,185,58,382,18,429,253,541,804,395 
576	215,847,123,718,484,748,251,80,678,61 
577	720,357,679,57,106,832,295,370,716,235 
578	103,85,311,12,125,541,486,660,395,798 
579	392,244,24,42,745,77,608,1085,33,54 
580	128,23,228,790,534,317,173,295,45,742 
581	66,120,596,930,10,31,384,149,955,477 
582	103,66,250,160,185,58,142,85,361,660 
583	745,244,77,444,70,542,815,178,1085,392 
584	26,1167,49,1158,975,83,984,826,368,704 
585	24,601,596,116,384,456,471,652,1000,725 
586	58,522,110,660,97,310,389,186,395,411 
587	103,441,213,522,325,361,311,40,123,718 
588	967,146,1058,451,655,664,402,1313,380,941 
589	614,195,300,500,477,76,179,1285,1235,833 
590	376,828,686,336,881,469,1058,461,269,77 
591	214,67,358,951,539,18,378,448,402,865 
592	402,539,214,951,358,412,1010,950,91,692 
593	608,1261,13,906,357,88,376,26,568,932 
594	90,64,542,828,608,288,985,13,401,945 
595	465,619,488,806,610,232,797,287,662,256 
596	941,91,901,397,799,214,960,302,239,315 
597	108,72,157,338,103,342,384,348,624,865 
598	745,108,199,114,806,35,984,357,815,610 
599	250,742,8,222,164,87,1020,432,189,253 
600	216,437,488,465,619,797,662,232,610,806 
601	289,847,296,804,705,45,627,12,678,487 
602	155,985,1498,747,1127,341,193,1044,1065,104 
603	596,605,384,1073,1193,204,701,490,195,652 
604	101,83,1204,387,437,287,1423,1065,984,806 
605	325,522,185,249,125,541,253,395,58,311 
606	4,338,234,222,289,577,662,534,35,716 
607	97,382,253,125,541,522,124,395,266,311 
608	11,522,541,125,382,85,124,395,311,443 
609	402,539,214,951,616,397,901,1010,799,273 
610	160,338,311,718,123,125,395,798,650,748 
611	361,688,786,362,614,418,477,498,676,514 
612	40,804,296,891,107,5,382,186,751,541 
613	107,124,382,541,249,891,311,395,798,443 
614	74,444,392,64,90,165,23,828,33,1150 
615	123,718,124,11,382,748,311,395,650,257 
616	614,179,163,1080,631,271,981,609,641,676 
617	107,185,804,249,68,296,58,228,186,541 
618	45,596,384,149,1125,725,214,358,412,399 
619	608,13,49,828,335,686,1040,357,985,749 
620	122,53,587,742,533,58,716,488,216,68 
621	539,402,692,813,412,1010,596,951,91,616 
622	249,522,58,151,85,541,382,395,266,311 
623	160,325,58,151,97,228,541,395,1173,296 
624	745,681,114,815,1167,1066,924,131,806,984 
625	422,4,295,140,828,392,491,624,401,881 
626	596,754,24,384,471,652,701,1000,725,914 
627	441,32,85,58,429,289,249,382,18,432 
628	88,77,376,292,681,368,22,673,608,26 
629	390,11,8,541,159,487,107,249,123,257 
630	78,107,547,494,157,1020,400,575,614,472 
631	253,58,185,382,541,125,151,395,110,311 
632	773,353,1065,400,897,985,6,220,235,630 
633	563,985,206,318,155,935,49,689,630,682 
634	896,1261,575,682,13,193,1486,322,1027,495 
635	9,44,384,930,847,116,624,596,652,1000 
636	83,26,698,357,114,1158,1430,963,906,368 
637	891,142,365,128,159,390,487,149,847,257 
638	266,97,234,432,742,488,533,716,475,395 
639	340,26,1124,118,906,1158,568,181,640,1032 
640	898,88,673,223,981,655,640,676,821,514 
641	608,13,49,376,357,53,345,828,686,461 
642	357,1223,1280,26,83,101,16,984,698,88 
643	32,185,891,8,541,249,125,325,917,395 
644	159,429,891,8,296,804,58,390,541,257 
645	357,88,26,1167,83,568,757,745,114,963 
646	215,161,487,390,138,8,128,847,751,257 
647	808,43,128,624,65,64,189,384,214,358 
648	12,351,488,18,97,659,716,234,216,797 
649	103,614,441,29,249,660,53,215,12,142 
650	48,847,678,804,705,61,456,1345,484,508 
651	596,384,847,955,1000,1125,471,212,1073,701 
652	160,8,58,382,429,296,541,40,804,395 
653	93,520,49,318,749,1481,26,563,132,206 
654	608,985,13,49,575,357,178,1040,773,828 
655	745,49,815,984,1085,608,77,114,33,392 
656	264,288,44,127,828,431,401,985,591,380 
657	26,1204,782,1478,698,975,853,181,704,931 
658	9,173,456,51,545,14,365,228,77,624 
659	4,77,790,894,393,577,78,128,51,292 
660	806,610,716,216,114,619,437,256,745,232 
661	60,267,126,321,135,688,18,19,477,786 
662	402,214,539,951,941,358,412,727,1010,616 
663	392,56,164,44,828,54,33,608,1085,405 
664	311,48,338,125,718,798,123,650,395,407 
665	706,266,488,8,18,407,581,395,460,258 
666	500,300,596,833,1039,616,579,195,1428,153 
667	159,185,325,249,58,891,541,97,395,310 
668	108,250,130,10,111,53,160,159,365,847 
669	122,8,185,325,151,11,186,432,395,475 
670	215,185,58,382,8,891,97,541,310,395 
671	716,420,377,806,216,610,437,465,745,619 
672	97,382,541,311,395,443,123,718,798,407 
673	370,215,185,487,382,159,58,224,484,123 
674	698,598,1158,704,1478,1204,895,223,394,527 
675	808,386,45,60,384,754,214,596,1125,358 
676	103,108,85,185,390,122,58,382,107,487 
677	351,745,393,77,267,66,87,14,392,815 
678	509,6,155,789,1498,1127,682,935,341,1065 
679	58,185,253,186,660,151,97,395,486,311 
680	608,13,392,33,49,1040,1085,405,54,745 
681	32,185,85,382,429,253,432,18,325,395 
682	220,400,1127,985,767,1065,896,403,789,779 
683	394,163,782,179,910,256,826,1032,102,1242 
684	173,106,53,985,288,723,277,951,214,380 
685	745,35,377,491,610,806,815,924,216,392 
686	97,110,660,11,311,39,215,395,407,185 
687	77,264,342,894,149,292,74,128,142,745 
688	250,164,742,92,8,475,234,222,185,24 
689	54,1085,13,828,637,608,401,405,1437,380 
690	8,296,804,289,58,891,228,249,541,257 
691	43,14,656,53,135,725,149,64,596,692 
692	616,500,172,596,402,795,913,273,285,446 
693	508,348,386,624,847,359,212,384,808,360 
694	804,142,29,365,128,87,138,224,891,751 
695	189,457,43,335,985,575,307,400,521,630 
696	353,985,1153,767,520,93,630,132,6,49 
697	311,97,407,338,395,798,144,275,443,650 
698	357,267,49,164,422,57,563,608,109,773 
699	144,969,275,1067,1080,798,882,872,654,395 
700	376,146,743,1041,451,608,167,41,1111,1360 
701	441,40,11,487,541,123,125,718,395,257 
702	65,392,197,526,33,828,608,20,1150,405 
703	91,941,799,901,960,727,302,766,499,239 
704	773,353,1153,630,6,220,357,563,767,897 
705	48,159,365,317,142,128,742,173,370,662 
706	13,828,525,41,686,608,336,269,743,1058 
707	959,1127,547,472,985,220,699,214,353,897 
708	151,48,110,215,124,311,407,395,185,443 
709	745,23,610,409,267,806,216,392,716,815 
710	87,214,42,429,951,106,358,448,539,402 
711	128,456,103,847,40,296,224,804,705,384 
712	317,14,120,25,624,557,77,384,652,471 
713	213,92,242,53,12,107,742,602,189,432 
714	577,409,370,342,398,662,365,130,441,716 
715	1153,773,563,353,767,6,220,520,132,896 
716	160,325,382,249,522,97,125,891,395,151 
717	72,9,429,12,365,264,570,51,624,351 
718	539,41,525,1058,766,91,499,358,743,401 
719	429,289,751,142,382,390,186,224,602,847 
720	985,563,608,13,828,575,630,49,767,357 
721	580,53,67,18,289,808,221,342,157,214 
722	491,24,87,77,289,51,456,345,745,292 
723	402,616,239,941,727,793,477,273,539,397 
724	53,458,335,164,126,429,37,307,431,477 
725	716,437,488,619,287,232,216,465,797,256 
726	402,941,1439,397,239,727,1216,901,539,999 
727	43,126,267,87,186,45,345,18,66,477 
728	58,68,185,432,228,186,475,310,395,266 
729	596,847,1073,1235,605,1191,955,678,914,1181 
730	249,151,215,68,228,185,660,97,266,395 
731	745,74,3,293,70,357,199,49,33,815 
732	12,85,382,11,541,891,253,325,429,395 
733	88,1261,26,357,368,77,49,681,608,906 
734	392,422,187,20,608,828,13,54,33,1085 
735	321,743,402,539,451,793,692,146,1058,397 
736	234,12,115,266,110,432,522,395,160,488 
737	163,1122,631,179,1320,148,1309,898,1013,1423 
738	409,745,165,377,610,806,662,392,924,815 
739	165,392,96,828,608,13,33,401,1150,405 
740	444,62,985,563,90,357,630,575,977,743 
741	53,157,264,45,242,159,215,126,458,477 
742	575,985,959,547,472,1127,897,235,6,220 
743	847,596,384,955,212,652,348,508,360,947 
744	608,563,132,206,49,1261,773,512,935,155 
745	18,115,58,110,11,660,389,160,395,125 
746	768,743,1261,673,793,451,376,786,88,1111 
747	91,813,766,214,402,799,881,277,380,692 
748	44,149,108,545,342,267,51,839,365,77 
749	90,608,13,96,828,392,127,33,401,49 
750	853,782,331,910,1124,598,88,870,578,1359 
751	97,58,110,215,706,660,541,395,311,407 
752	881,813,539,358,951,214,828,41,523,507 
753	448,596,627,754,9,384,126,955,1193,1125 
754	596,1193,687,402,605,955,384,665,725,1010 
755	804,130,365,8,847,338,359,111,147,161 
756	985,959,220,353,6,773,1153,563,767,520 
757	74,392,164,64,577,165,54,624,828,77 
758	745,70,217,574,580,815,49,491,984,114 
759	77,480,542,608,24,197,13,244,745,49 
760	97,11,228,160,215,587,58,488,522,395 
761	1478,340,1242,598,181,202,344,1168,1032,1315 
762	289,130,222,161,342,116,351,142,804,662 
763	912,568,613,1478,768,698,1087,368,394,223 
764	18,234,115,160,39,186,97,311,395,12 
765	18,267,217,116,90,108,87,1018,74,985 
766	97,18,58,11,115,587,215,395,488,533 
767	128,23,624,149,288,366,491,808,392,384 
768	29,185,85,891,751,186,142,107,5,224 
769	575,563,767,773,608,520,630,357,49,132 
770	392,54,608,1085,33,13,405,828,1150,724 
771	4,370,215,338,804,296,130,18,742,9 
772	123,718,250,502,748,847,257,80,484,211 
773	608,985,575,113,13,49,773,357,1040,630 
774	614,151,53,32,344,179,235,803,547,787 
775	307,985,96,189,82,60,67,431,630,575 
776	757,1167,1430,26,975,568,101,1102,256,88 
777	8,429,289,228,58,160,804,432,122,742 
778	1167,26,681,698,975,963,1430,1158,368,114 
779	49,906,357,26,13,376,568,932,704,368 
780	85,97,382,253,8,125,58,182,395,390 
781	103,12,185,29,847,570,487,149,147,678 
782	11,97,382,253,541,125,8,395,891,266 
783	745,806,610,114,465,716,216,815,131,437 
784	249,11,325,541,58,151,85,395,1173,891 
785	85,8,107,382,296,11,804,429,487,257 
786	745,720,228,114,574,806,610,984,815,357 
787	402,91,766,799,1010,950,499,881,277,690 
788	91,799,941,214,960,397,766,727,302,690 
789	147,847,678,930,61,1345,390,391,1191,508 
790	745,49,377,608,984,319,815,13,33,114 
791	448,66,725,25,384,1125,1000,471,399,692 
792	509,220,689,206,155,779,1065,341,784,104 
793	698,895,931,118,223,340,1032,1478,598,1158 
794	1078,768,967,155,977,1058,608,146,397,380 
795	488,742,115,12,325,389,716,58,235,797 
796	596,169,833,300,616,605,1039,622,1305,665 
797	213,107,266,429,742,409,264,29,128,662 
798	337,616,402,172,793,477,786,725,673,1367 
799	580,65,76,345,521,422,157,64,494,357 
800	745,114,70,984,815,49,610,806,1167,681 
801	12,390,8,296,11,804,107,487,751,257 
802	24,96,225,608,165,828,357,49,13,77 
803	83,256,757,101,1167,26,806,963,745,88 
804	596,605,1235,955,169,1305,204,1181,1191,490 
805	169,596,889,1235,1305,1345,1314,1181,1074,1170 
806	596,847,605,955,391,1345,1305,1191,490,195 
807	161,289,111,5,8,68,185,475,142,614 
808	160,185,382,8,253,58,541,125,395,310 
809	128,77,142,127,289,392,197,292,624,1085 
810	311,389,706,407,441,361,395,58,144,587 
811	11,97,382,891,917,311,541,395,798,123 
812	108,429,185,68,891,8,5,142,107,58 
813	77,745,681,545,267,924,815,21,1066,131 
814	220,767,132,1127,563,93,630,784,1065,1044 
815	195,292,914,264,77,116,725,605,596,204 
816	215,160,522,660,185,11,151,97,395,110 
817	608,150,13,221,4,828,335,49,985,357 
818	596,605,1073,195,955,204,847,384,490,1193 
819	72,147,847,754,10,224,804,186,839,384 
820	159,103,267,8,186,42,164,577,138,545 
821	108,250,58,185,361,614,12,122,660,215 
822	402,941,901,616,950,315,302,273,239,214 
823	12,488,325,48,234,351,716,216,797,460 
824	745,806,681,924,131,101,256,1167,610,815 
825	429,185,186,160,249,804,58,122,475,602 
826	959,985,1127,220,6,132,630,547,563,520 
827	357,9,49,164,62,24,88,34,651,321 
828	614,32,106,115,42,310,547,235,253,472 
829	847,596,678,1073,391,1345,1191,1235,1248,605 
830	12,87,338,224,365,891,847,8,29,186 
831	159,82,42,116,44,140,431,103,228,742 
832	296,32,8,224,5,11,257,123,211,510 
833	49,745,681,357,1167,88,815,568,77,608 
834	745,23,574,228,815,610,114,806,984,1085 
835	1100,88,895,357,606,1267,1204,1370,1012,640 
836	4,716,533,217,216,662,797,488,437,235 
837	392,580,1085,54,77,13,608,828,401,33 
838	142,77,116,149,128,195,138,292,260,914 
839	743,563,977,768,93,1078,935,575,985,767 
840	587,716,222,264,420,37,235,253,267,216 
841	743,376,64,269,380,608,992,1058,357,13 
842	103,311,660,186,411,58,798,395,275,650 
843	575,400,897,985,1065,353,235,6,220,784 
844	808,111,66,656,627,358,214,624,384,399 
845	745,542,534,23,178,577,610,815,806,114 
846	743,402,91,941,146,901,951,727,451,999 
847	85,185,8,891,382,429,390,11,804,224 
848	289,12,130,40,8,128,18,29,10,58 
849	214,358,539,951,87,402,813,412,91,766 
850	172,616,500,795,402,1367,788,285,273,239 
851	8,5,249,289,68,53,186,122,432,475 
852	65,64,74,392,42,422,624,366,828,54 
853	12,18,58,11,228,185,541,395,389,488 
854	41,813,539,525,1058,743,828,766,146,269 
855	325,522,125,390,541,159,123,395,311,718 
856	48,115,110,58,266,706,215,395,590,407 
857	790,96,20,828,165,187,392,401,77,380 
858	97,11,12,541,185,8,110,395,310,311 
859	12,253,58,382,85,541,125,395,311,110 
860	716,437,619,488,232,465,256,287,806,216 
861	150,250,365,296,8,213,185,18,570,624 
862	235,575,897,472,1065,773,353,6,784,547 
863	357,88,9,26,673,415,42,786,514,49 
864	77,421,317,64,187,14,345,65,392,828 
865	289,219,596,656,215,847,25,384,169,955 
866	380,881,828,41,401,525,686,336,813,355 
867	32,160,253,18,432,11,541,429,804,395 
868	235,575,959,472,353,220,6,1127,773,784 
869	912,376,26,613,895,704,181,1242,368,1204 
870	48,108,296,891,186,847,338,161,130,570 
871	60,43,492,808,575,400,431,985,547,214 
872	806,619,791,101,716,232,287,1065,465,357 
873	598,975,704,782,912,527,357,1423,376,1242 
874	985,563,93,132,6,318,220,322,49,935 
875	488,217,325,492,581,742,235,716,258,310 
876	169,596,300,889,1235,605,1026,1305,195,1039 
877	429,185,804,296,32,58,18,85,249,891 
878	253,522,151,185,125,58,266,395,311,443 
879	228,66,475,72,264,1020,441,235,472,1018 
880	77,444,56,745,127,1085,815,392,608,13 
881	580,575,695,985,400,214,959,1127,630,547 
882	77,1085,392,20,54,745,815,709,13,608 
883	716,216,18,253,48,437,662,488,797,235 
884	951,402,214,358,91,766,941,1010,960,412 
885	159,185,249,40,11,891,429,296,97,395 
886	300,500,596,1039,1101,579,833,616,153,273 
888	745,165,293,70,345,342,77,815,444,924 
889	288,808,116,4,264,64,78,624,431,214 
890	32,68,160,228,186,151,432,266,660,97 
891	745,49,984,815,114,681,608,357,1167,77 
892	163,1423,1335,340,898,223,1494,179,782,1124 
893	83,806,256,745,1167,101,1430,681,1102,924 
894	575,985,400,630,959,1127,6,220,897,547 
895	250,296,111,8,159,149,10,228,359,847 
896	608,88,357,568,26,376,1167,368,984,629 
897	214,87,135,53,159,186,951,431,358,539 
898	77,745,244,345,351,542,392,199,815,1085 
899	577,429,264,624,48,386,72,173,392,51 
900	216,716,130,790,295,213,662,610,806,745 
901	151,660,215,11,110,311,39,395,590,407 
902	743,376,525,1058,269,608,41,146,967,686 
903	140,392,790,534,197,44,565,1018,33,1150 
904	307,491,392,386,289,577,178,624,828,54 
905	745,77,23,70,56,815,491,335,357,49 
906	88,49,13,357,1261,77,906,568,26,368 
907	539,214,358,799,766,960,302,397,1364,1361 
908	142,214,477,402,53,462,99,951,358,412 
909	235,106,581,42,57,679,222,716,720,437 
910	370,804,365,228,213,4,570,456,159,847 
911	382,325,185,522,541,66,123,718,395,311 
912	914,195,14,260,1248,292,471,605,596,847 
913	66,249,58,475,215,5,234,742,185,87 
914	465,806,610,619,437,232,256,114,745,488 
915	85,5,122,40,8,11,296,58,429,325 
916	228,215,18,68,432,587,541,488,395,716 
917	745,984,140,49,114,357,681,109,1167,815 
918	97,12,58,541,185,125,382,395,311,310 
919	402,941,727,315,91,799,616,1148,273,960 
920	235,130,457,400,475,587,897,472,151,547 
921	186,60,219,477,31,519,596,614,99,616 
922	123,718,5,522,487,748,311,395,257,211 
923	895,331,102,1267,1494,181,826,1013,1100,1032 
924	568,906,1158,357,975,782,598,704,681,1242 
925	138,8,130,149,40,228,185,159,570,351 
926	66,186,107,8,58,68,804,296,5,53 
927	108,213,107,12,185,122,660,40,249,475 
928	1100,895,598,946,640,1087,451,1367,902,1463 
929	135,24,214,87,159,173,335,695,431,951 
930	681,368,673,21,1261,1158,22,613,1066,745 
931	48,234,185,12,484,847,251,80,123,718 
932	213,338,161,111,185,29,224,228,159,351 
933	66,82,126,138,596,334,477,930,384,195 
934	122,325,185,58,8,541,85,125,395,66 
935	49,984,357,13,568,1167,906,757,83,645 
936	87,72,51,48,409,790,149,361,197,77 
937	1080,163,148,1320,971,631,179,614,1335,144 
938	912,895,1267,1100,673,655,278,1107,331,1242 
939	296,289,251,365,429,541,142,257,128,177 
940	745,681,77,284,574,815,49,1167,88,357 
941	163,223,1423,102,1309,895,782,179,1168,1320 
942	128,338,161,847,8,570,487,149,705,678 
943	217,742,361,488,492,467,581,235,716,266 
944	18,37,24,157,335,242,458,76,42,477 
945	768,967,451,1411,992,146,743,172,1103,1328 
946	847,519,596,429,384,652,10,471,701,1000 
947	951,358,813,277,881,380,499,203,743,950 
948	189,289,60,431,113,228,345,457,1018,494 
949	220,959,985,520,1127,784,896,93,630,1061 
950	608,13,49,1040,828,4,96,33,357,749 
951	269,146,743,967,1466,992,336,167,813,1160 
952	596,43,605,1193,955,384,725,1073,204,195 
953	723,951,221,277,214,985,358,539,401,380 
954	123,718,224,748,541,484,80,257,847,211 
955	400,808,217,472,4,235,1018,547,897,575 
956	392,608,13,1085,54,319,33,828,405,1040 
957	421,357,76,164,1,88,49,56,77,376 
958	539,214,358,799,960,302,727,397,1364,1361 
959	742,409,365,662,35,317,716,234,264,216 
960	743,146,269,1041,1466,664,41,1360,941,813 
961	896,773,563,206,985,49,322,682,935,6 
962	4,295,74,127,828,23,43,20,392,401 
963	891,107,390,40,541,325,125,917,395,257 
964	596,605,1269,169,500,300,1039,1235,622,889 
965	804,8,160,142,107,186,58,228,365,128 
966	1261,925,514,88,676,357,1370,821,1478,394 
967	151,53,351,432,587,325,68,716,185,659 
968	142,570,224,847,147,365,754,150,627,891 
969	163,1080,1335,200,1320,1013,910,1112,1122,898 
970	575,985,773,353,1153,630,357,767,6,132 
971	370,130,12,185,5,68,8,475,111,804 
972	53,624,48,754,839,384,365,892,348,508 
973	596,847,605,914,652,955,471,701,1073,195 
974	269,380,992,451,539,499,881,397,813,1451 
975	111,108,386,45,627,18,120,157,384,624 
976	631,1223,1335,394,1080,912,1054,782,223,1204 
977	116,195,601,914,126,77,292,473,725,471 
978	77,745,577,335,14,9,444,815,184,681 
979	392,1085,13,608,54,33,405,828,77,745 
980	951,799,766,813,743,214,960,146,1010,71 
981	250,296,12,149,161,159,160,705,847,508 
982	13,4,608,828,64,392,686,401,380,77 
983	13,336,686,1117,355,755,608,1058,523,269 
984	357,377,850,27,651,675,1204,256,887,514 
985	616,172,788,500,579,913,300,273,239,446 
986	189,116,66,429,142,580,43,267,64,1018 
987	93,985,563,220,322,747,206,630,789,1044 
988	539,901,799,397,950,960,315,358,1148,273 
989	85,122,8,40,11,296,58,541,97,395 
990	13,608,828,686,380,336,49,376,525,401 
991	222,839,53,186,44,126,214,656,477,412 
992	357,295,335,565,49,773,159,608,1065,575 
993	103,215,441,222,107,250,475,157,614,267 
994	325,488,338,533,716,407,460,258,437,432 
995	673,598,898,1478,782,223,394,357,1267,606 
996	88,608,357,13,673,26,906,1111,568,368 
997	357,984,49,293,284,116,757,745,26,114 
998	91,402,799,766,941,743,813,950,960,643 
999	596,195,605,300,616,1235,168,1269,725,833 
1000	402,397,727,901,239,539,1257,1313,1148,743 
1001	32,66,11,382,541,325,891,97,40,395 
1002	568,1158,1423,1167,368,681,704,598,1430,984 
1003	66,186,429,157,361,458,149,519,18,477 
1004	215,97,660,311,39,125,124,395,411,798 
1005	72,32,58,122,185,8,361,660,310,142 
1006	140,82,521,20,187,42,828,77,380,401 
1007	122,249,12,522,66,310,253,361,395,85 
1008	82,421,345,66,448,78,225,688,195,168 
1009	56,106,828,521,44,401,985,608,591,945 
1010	981,898,631,148,1013,614,786,1423,394,202 
1011	1261,376,357,1481,932,749,303,568,93,1040 
1012	103,185,159,40,107,541,125,123,395,718 
1013	228,253,289,432,111,122,310,151,37,235 
1014	390,40,159,8,125,325,123,718,395,257 
1015	596,701,471,652,605,195,1073,847,440,1011 
1016	895,782,768,340,673,1111,1204,1100,640,1223 
1017	828,41,401,813,469,336,355,523,686,358 
1018	539,91,799,214,358,941,766,302,727,1361 
1019	402,1439,941,616,315,239,273,172,795,788 
1020	392,534,351,228,745,577,398,33,1085,815 
1021	235,217,742,228,472,53,547,58,614,400 
1022	85,8,382,11,40,390,249,541,125,395 
1023	441,716,29,488,420,217,432,235,216,797 
1024	85,382,249,58,541,125,891,395,660,311 
1025	53,289,521,624,577,295,264,392,77,384 
1026	484,123,847,748,80,718,213,61,678,257 
1027	85,66,11,151,266,58,97,253,296,395 
1028	828,686,376,380,77,525,49,336,461,41 
1029	353,563,520,630,6,132,220,896,959,1127 
1030	5,66,11,249,891,541,390,325,429,395 
1031	8,215,185,58,122,68,432,160,253,541 
1032	32,122,249,11,891,40,541,296,125,395 
1033	534,250,293,70,716,23,662,216,745,610 
1034	931,895,1223,278,1309,202,1188,1359,1124,870 
1035	357,154,377,295,49,832,116,159,319,608 
1036	745,574,480,74,815,542,1085,77,114,610 
1037	195,914,1235,605,1248,596,391,847,1358,169 
1038	26,1204,906,791,568,1167,628,1102,357,704 
1039	32,122,58,429,432,382,228,541,325,395 
1040	587,441,488,58,361,48,581,258,395,716 
1041	441,123,718,32,11,124,502,748,257,211 
1042	159,295,18,534,577,742,491,138,392,624 
1043	1223,1204,16,394,910,1385,256,703,898,544 
1044	397,1058,358,146,813,901,277,727,967,992 
1045	68,325,18,97,11,151,432,395,125,660 
1046	48,128,847,678,87,45,359,85,61,508 
1047	492,235,467,37,581,361,488,716,266,437 
1048	392,56,790,108,33,106,534,405,1150,1018 
1049	1080,163,148,1320,631,971,614,981,1013,1335 
1050	85,122,8,382,11,296,58,429,125,257 
1051	392,1085,54,534,745,608,33,77,405,13 
1052	185,107,325,541,125,97,8,182,395,123 
1053	14,116,321,150,77,126,345,342,267,725 
1054	534,77,45,345,8,14,128,745,289,392 
1055	1439,172,402,616,795,273,788,239,1332,913 
1056	1020,113,808,9,242,48,472,235,400,1018 
1057	12,68,151,185,160,325,432,97,395,186 
1058	392,54,1085,77,154,637,828,401,608,13 
1059	214,67,358,723,951,539,42,330,402,412 
1060	608,745,49,33,392,13,1085,984,815,1040 
1061	847,596,678,1073,1345,391,1235,61,955,1248 
1062	135,64,433,725,334,358,692,399,881,813 
1063	48,839,120,215,601,189,14,60,103,656 
1064	539,214,91,766,813,1010,960,941,690,302 
1065	598,912,49,673,357,768,1111,568,1478,181 
1066	66,68,429,18,85,253,432,11,186,395 
1067	491,267,742,398,87,48,345,662,745,392 
1068	580,164,458,743,307,24,354,376,793,451 
1069	392,608,13,33,1085,405,54,1040,49,828 
1070	458,214,358,539,53,951,412,402,725,692 
1071	402,91,941,397,799,358,766,743,499,813 
1072	235,716,581,488,232,183,113,437,287,675 
1073	11,124,382,249,185,541,253,395,917,311 
1074	289,624,521,754,456,384,392,1000,557,652 
1075	12,234,432,325,706,58,97,488,716,395 
1076	77,392,745,542,1085,351,393,54,44,815 
1077	745,409,393,924,392,610,662,77,815,1085 
1078	773,1153,630,563,6,767,220,400,896,520 
1079	806,256,83,745,101,1167,1430,610,465,681 
1080	358,402,214,813,799,499,950,1010,277,397 
1081	984,357,757,26,568,83,608,975,1167,698 
1082	26,698,826,906,49,303,963,984,1261,1430 
1083	596,605,955,1073,384,204,1193,1235,701,490 
1084	317,23,365,742,267,370,24,421,35,662 
1085	115,311,39,48,660,58,389,407,395,310 
1086	289,534,164,128,45,392,138,228,74,365 
1087	984,26,49,114,963,1430,233,368,815,303 
1088	58,215,185,97,11,522,8,541,395,411 
1089	614,179,1080,163,981,631,148,860,271,908 
1090	32,66,111,289,234,253,361,429,122,365 
1091	370,250,289,409,742,295,790,267,213,342 
1092	103,108,66,185,917,40,123,718,311,395 
1093	24,44,577,48,108,77,267,317,491,82 
1094	300,500,1101,579,616,1039,153,833,1439,0 
1095	402,1439,397,941,239,172,727,1216,946,1148 
1096	24,77,140,345,392,20,580,745,1085,815 
1097	1261,88,768,1111,1367,795,655,376,676,527 
1098	745,178,225,392,77,1085,9,70,815,54 
1099	103,891,66,382,522,541,8,97,395,311 
1100	743,93,563,1100,1041,376,1463,977,73,1111 
1101	745,342,35,610,491,409,806,392,815,216 
1102	82,614,335,429,103,494,142,87,547,498 
1103	5,58,66,18,186,151,11,660,395,296 
1104	216,610,256,232,488,114,287,797,647,745 
1105	161,311,250,124,798,361,275,395,650,407 
1106	111,10,150,78,725,358,881,828,624,399 
1107	64,187,828,380,401,20,881,566,41,336 
1108	575,985,400,173,897,444,630,773,6,235 
1109	12,742,325,53,475,266,706,541,395,716 
1110	896,220,985,563,789,206,779,318,1044,104 
1111	397,1041,1328,380,451,525,1466,1360,655,1261 
1112	1261,1478,223,606,981,1100,1423,340,598,1315 
1113	77,82,88,376,24,165,357,150,44,43 
1114	289,847,519,224,596,583,384,652,914,471 
1115	575,235,959,897,547,1127,220,6,353,784 
1116	521,288,43,66,82,140,142,77,392,828 
1117	48,224,804,123,847,718,751,484,257,80 
1118	370,161,614,68,411,891,142,965,484,275 
1119	716,357,757,791,1065,16,806,344,619,1116 
1120	48,234,847,149,224,678,370,751,61,508 
1121	745,984,114,815,74,49,542,681,1167,77 
1122	768,1439,946,795,655,743,451,727,793,1313 
1123	542,608,20,13,828,392,44,401,33,686 
1124	441,186,12,8,40,296,365,107,228,58 
1125	87,491,72,8,264,545,12,228,44,215 
1126	23,624,790,839,307,384,1000,652,471,557 
1127	745,8,377,3,815,610,806,1085,392,924 
1128	616,786,477,788,172,793,239,676,418,446 
1129	42,23,37,491,444,64,77,267,20,422 
1130	214,951,358,37,429,539,378,462,402,941 
1131	151,660,97,115,160,8,11,395,382,311 
1132	601,24,448,596,701,652,471,914,384,847 
1133	217,189,76,357,87,458,150,218,431,77 
1134	563,896,6,630,322,959,935,689,1127,789 
1135	97,151,58,541,185,125,382,395,660,310 
1136	85,249,382,541,58,125,253,395,66,311 
1137	45,365,24,545,8,577,342,228,186,291 
1138	491,392,66,165,74,140,289,745,154,77 
1139	376,77,90,608,82,165,357,49,88,13 
1140	400,472,235,742,547,575,959,897,1127,699 
1141	539,951,214,358,941,901,766,302,727,412 
1142	321,217,126,1,62,786,357,673,88,676 
1143	380,1058,13,469,336,686,146,401,355,1466 
1144	608,49,13,357,906,184,1261,376,749,88 
1145	616,402,273,239,795,500,913,793,596,1148 
1146	358,539,951,881,214,813,380,828,766,401 
1147	68,289,429,382,32,365,5,257,58,211 
1148	392,154,33,608,54,405,828,1085,1150,13 
1149	189,521,808,307,4,60,242,264,157,441 
1150	68,234,11,407,48,160,58,395,311,488 
1151	24,77,448,25,601,292,126,914,725,471 
1152	234,213,215,365,804,228,150,128,296,4 
1153	491,128,138,392,429,624,42,307,521,74 
1154	1020,534,374,235,651,130,897,392,57,1018 
1155	380,828,13,608,525,686,401,881,336,743 
1156	539,743,402,1058,146,91,692,380,813,41 
1157	325,253,97,382,85,541,522,395,310,124 
1158	539,951,727,901,91,214,1010,302,960,273 
1159	296,111,705,847,359,508,215,624,348,384 
1160	103,365,441,10,44,23,51,570,224,228 
1161	135,173,431,828,214,380,881,358,401,951 
1162	1080,614,1112,163,200,179,275,631,971,1320 
1163	429,68,487,142,138,382,751,847,541,257 
1164	311,85,151,125,58,12,249,395,798,407 
1165	402,616,172,273,239,1148,1216,665,1432,397 
1166	220,132,520,985,1065,896,689,779,1061,789 
1167	11,382,185,541,522,124,253,395,891,311 
1168	437,716,488,287,619,1116,256,726,232,1280 
1169	608,906,376,303,26,368,1261,681,984,698 
1170	163,631,148,614,200,1320,1013,1122,1423,676 
1171	392,54,1085,405,637,608,13,33,828,77 
1172	215,185,382,58,253,325,18,541,40,395 
1173	122,325,8,97,382,541,85,151,395,124 
1174	828,380,401,13,608,336,686,881,41,945 
1175	743,992,269,380,539,525,951,41,91,1041 
1176	29,185,40,186,32,160,475,58,68,541 
1177	491,534,77,140,345,14,78,392,127,108 
1178	77,393,292,53,165,264,456,745,709,392 
1179	394,640,782,1188,344,1242,1261,278,1494,88 
1180	289,214,656,111,358,723,539,951,412,596 
1181	186,742,142,4,107,342,370,60,12,8 
1182	881,828,380,401,354,41,813,469,523,355 
1183	392,264,54,534,127,164,1085,828,77,33 
1184	264,521,42,140,23,127,392,828,431,401 
1185	289,87,103,839,847,456,242,224,519,384 
1186	48,441,847,103,891,678,487,751,508,61 
1187	608,49,13,357,563,93,353,767,906,773 
1188	9,18,267,458,76,431,345,521,307,477 
1189	392,164,422,78,90,33,1150,828,405,608 
1190	53,289,786,494,1,42,477,676,418,514 
1191	138,365,804,213,224,40,228,161,456,570 
1192	215,185,249,18,58,289,228,40,432,11 
1193	624,150,570,348,508,384,72,212,847,121 
1194	488,97,407,460,716,258,437,524,395,144 
1195	402,616,1439,788,172,786,273,1216,397,727 
1196	66,5,160,18,228,432,253,289,266,53 
1197	114,1167,49,357,568,1430,757,1102,963,698 
1198	847,678,1345,160,61,1191,391,596,1073,1235 
1199	465,619,806,216,256,610,287,488,114,1280 
1200	716,216,610,232,1280,287,488,647,745,1116 
1201	402,1439,901,315,539,999,1432,795,1491,273 
1202	402,539,214,951,358,1010,690,950,1088,302 
1203	681,745,26,77,368,21,568,1158,1066,131 
1204	77,292,368,568,21,1158,1261,1066,613,1111 
1205	370,365,228,24,213,234,161,128,342,164 
1206	300,169,500,833,1026,596,1039,889,153,195 
1207	215,12,522,151,541,382,18,395,706,311 
1208	402,941,901,727,539,616,273,302,665,1021 
1209	1054,640,826,1242,202,1168,331,1107,26,1315 
1210	151,58,11,18,185,541,522,395,125,660 
1211	8,5,429,159,289,122,107,186,257,510 
1212	82,596,45,429,1193,412,402,384,955,214 
1213	48,164,72,365,295,338,441,370,44,351 
1214	577,392,624,54,307,138,288,77,1085,637 
1215	90,985,526,197,828,392,1150,608,630,33 
1216	380,539,41,951,358,525,91,469,355,584 
1217	596,605,195,1193,616,402,477,412,1269,204 
1218	53,790,23,828,392,43,401,624,881,380 
1219	766,358,813,214,881,950,1058,743,1010,146 
1220	311,215,486,538,395,58,798,407,275,650 
1221	616,788,786,172,1439,676,981,179,579,477 
1222	392,608,1085,33,54,13,745,724,49,1040 
1223	214,60,951,723,358,539,37,288,402,277 
1224	58,215,8,185,160,11,522,660,395,228 
1225	402,91,813,766,799,1010,881,499,960,203 
1226	159,185,382,891,11,429,249,296,325,395 
1227	85,382,97,541,125,522,253,395,182,18 
1228	160,107,85,804,296,58,382,122,249,11 
1229	357,88,26,608,984,568,906,1167,13,368 
1230	4,342,189,345,60,429,335,431,23,77 
1231	215,185,11,85,253,325,541,97,151,395 
1232	44,839,42,624,214,64,128,60,358,384 
1233	32,185,382,390,325,541,40,125,917,395 
1234	521,157,62,402,87,42,53,214,539,793 
1235	782,826,1267,1204,181,278,1168,673,870,202 
1236	42,317,491,37,197,351,18,742,392,74 
1237	539,214,91,1010,799,941,766,901,727,1364 
1238	614,58,29,441,1020,660,48,492,472,395 
1239	159,311,125,151,382,249,407,395,443,798 
1240	48,234,130,804,68,847,138,484,257,80 
1241	296,804,382,429,5,11,257,58,211,123 
1242	992,1111,88,1041,451,1058,608,146,1078,563 
1243	296,128,224,111,185,40,160,351,85,107 
1244	24,351,37,392,421,345,154,745,33,77 
1245	32,185,382,325,390,541,97,522,182,395 
1246	1041,269,655,664,1463,525,874,1111,1089,527 
1247	78,74,42,392,422,386,45,77,165,828 
1248	745,70,815,633,114,984,681,49,1167,77 
1249	11,541,215,311,407,125,1173,443,395,486 
1250	163,898,1054,223,912,394,895,148,1478,344 
1251	91,214,402,813,799,950,1010,203,901,941 
1252	896,563,206,6,155,630,789,509,747,959 
1253	985,220,959,784,897,767,896,1127,520,235 
1254	1261,768,357,673,527,1100,977,514,925,1111 
1255	706,614,253,58,217,111,289,235,472,547 
1256	370,614,213,275,311,1080,52,215,798,650 
1257	673,613,786,616,195,500,172,676,477,285 
1258	311,253,124,110,11,215,407,395,182,798 
1259	103,66,390,382,522,917,124,395,311,123 
1260	107,12,125,311,382,541,917,891,395,798 
1261	12,66,382,253,85,18,541,432,228,395 
1262	123,718,32,40,748,66,311,650,395,257 
1263	614,179,547,475,338,965,1080,498,327,472 
1264	596,169,300,889,500,1314,1235,1084,920,1026 
1265	380,951,539,813,41,401,277,269,743,214 
1266	56,127,828,165,608,345,401,13,686,392 
1267	539,358,214,799,766,950,813,1010,901,690 
1268	97,85,12,541,125,311,253,395,407,443 
1269	992,967,397,1058,146,269,1328,380,793,1261 
1270	640,163,1223,1261,1168,1242,1335,1013,1100,606 
1271	228,215,5,289,58,432,266,253,186,351 
1272	253,58,11,18,541,382,432,395,310,429 
1273	249,11,151,541,522,185,85,395,124,311 
1274	1242,1430,256,314,756,1167,791,1176,101,984 
1275	214,358,433,539,951,429,66,402,412,1088 
1276	53,12,215,4,149,228,234,116,130,161 
1277	743,91,941,146,766,992,277,727,950,358 
1278	370,18,111,107,40,8,32,68,475,5 
1279	214,91,813,766,402,799,881,277,960,380 
1280	311,144,900,407,275,969,1047,798,1067,1331 
1281	577,392,66,289,351,165,128,54,77,624 
1282	179,614,1080,631,148,1112,732,1320,1316,1309 
1283	58,215,18,660,12,185,110,395,124,311 
1284	348,384,40,624,508,212,570,53,847,1125 
1285	828,881,401,41,13,686,469,336,608,355 
1286	568,376,608,527,932,598,704,698,975,826 
1287	32,5,122,804,11,429,224,257,123,211 
1288	539,951,402,214,358,91,766,692,950,412 
1289	186,8,228,185,87,92,111,5,58,310 
1290	1111,527,673,782,223,376,826,568,1242,853 
1291	82,214,596,1075,1125,358,384,412,399,725 
1292	745,21,368,1158,1066,376,1167,815,292,22 
1293	745,293,393,74,70,49,357,984,815,114 
1294	698,963,568,1167,256,357,1204,1158,791,628 
1295	716,18,266,130,437,806,610,216,232,745 
1296	107,42,130,24,534,295,342,365,577,164 
1297	4,57,985,342,575,295,897,630,400,357 
1298	985,575,563,113,630,1153,828,608,401,773 
1299	163,1080,1320,200,148,910,631,1112,1013,1309 
1300	488,706,716,338,351,437,110,287,235,460 
1301	13,608,828,64,686,380,336,401,392,945 
1302	370,5,40,917,123,487,125,718,182,395 
1303	627,930,596,214,1125,384,334,358,412,955 
1304	357,1204,826,568,256,698,49,906,1261,757 
1305	228,365,429,23,159,545,317,130,213,342 
1306	441,487,224,804,11,8,123,718,257,211 
1307	392,54,1085,608,405,33,13,828,724,1150 
1308	357,3,4,542,293,49,651,832,745,984 
1309	88,357,26,376,49,673,568,906,608,368 
1310	743,397,91,146,1058,766,992,901,380,950 
1311	614,1080,695,547,179,492,310,429,518,472 
1312	429,222,44,82,384,448,519,601,189,624 
1313	745,74,49,77,815,574,681,357,608,984 
1314	32,122,249,11,891,541,40,296,253,395 
1315	539,397,91,727,951,901,146,239,799,499 
1316	78,402,31,67,616,521,793,692,539,725 
1317	289,251,365,149,804,338,250,545,45,847 
1318	894,725,116,87,77,138,692,126,292,596 
1319	614,1080,275,148,179,311,1112,271,732,200 
1320	338,123,718,804,502,257,748,484,80,211 
1321	402,539,214,1010,951,358,596,412,302,1193 
1322	85,5,122,382,11,107,804,429,125,257 
1323	402,616,786,793,172,673,1367,477,239,451 
1324	338,48,614,249,250,58,29,37,112,472 
1325	985,400,959,1127,220,6,630,353,547,1153 
1326	596,605,914,955,195,847,1235,204,384,490 
1327	743,1328,380,41,1360,397,376,1343,874,527 
1328	407,39,311,144,581,488,395,460,1173,443 
1329	307,431,87,180,173,985,400,575,1018,214 
1330	87,596,9,384,521,955,157,1125,652,1000 
1331	963,1430,906,394,1261,1176,314,1167,756,1155 
1332	66,48,228,264,142,808,106,130,60,157 
1333	138,24,596,384,1125,25,955,1000,214,348 
1334	289,338,365,4,107,351,296,742,29,266 
1335	539,951,397,402,358,1058,499,269,203,799 
1336	213,37,264,12,142,441,475,164,24,432 
1337	24,914,77,292,260,471,53,195,701,725 
1338	111,87,213,157,60,250,58,10,12,614 
1339	114,26,698,101,826,963,88,975,1204,568 
1340	267,57,547,235,140,475,400,472,675,614 
1341	161,614,289,310,429,486,68,411,275,311 
1342	421,267,4,43,140,60,77,458,431,127 
1343	768,786,673,88,357,793,676,925,743,376 
1344	13,608,269,380,985,828,563,743,525,336 
1345	169,596,889,1345,847,1305,920,1181,1026,1191 
1346	1328,1041,1466,380,167,13,1343,1015,768,664 
1347	115,488,110,12,706,460,395,407,797,716 
1348	249,160,58,66,11,541,382,97,395,125 
1349	97,58,660,215,11,311,39,395,407,12 
1350	392,53,54,288,624,244,1085,77,637,828 
1351	357,49,563,353,773,767,906,520,575,318 
1352	5,107,11,891,58,390,40,541,253,395 
1353	169,596,300,500,1235,833,605,1026,920,889 
1354	392,33,154,9,534,23,405,27,608,1150 
1355	195,605,914,596,1235,204,1073,1248,471,292 
1356	992,967,1058,397,269,380,91,525,1160,1466 
1357	616,402,596,500,913,273,665,1439,315,1039 
1358	161,614,122,310,429,486,234,325,275,311 
1359	596,521,384,1125,652,1000,471,955,725,1193 
1360	402,1439,315,901,1216,727,239,999,1332,172 
1361	151,716,742,29,581,216,488,437,797,662 
1362	614,179,213,429,641,271,660,631,163,609 
1363	249,12,151,124,125,185,58,395,311,407 
1364	931,895,278,1223,1267,202,1188,181,598,870 
1365	32,716,29,48,216,742,488,797,437,662 
1366	392,23,491,534,33,78,405,54,1150,608 
1367	235,361,472,547,400,742,467,111,614,5 
1368	310,522,475,614,115,234,185,486,483,395 
1369	42,521,828,380,37,401,881,41,686,608 
1370	402,941,1439,315,273,1216,397,539,1021,665 
1371	215,5,429,289,18,40,58,228,85,11 
1372	9,24,44,570,51,264,103,12,601,224 
1373	9,108,790,392,742,422,33,65,1018,1150 
1374	189,267,108,157,335,159,242,361,126,477 
1375	985,743,569,563,269,380,977,277,630,828 
1376	357,256,42,757,773,1204,1065,887,344,1280 
1377	624,116,44,164,365,92,23,348,508,384 
1378	768,788,946,172,1367,786,795,613,821,676 
1379	353,132,93,520,514,1127,563,935,6,1153 
1380	786,402,616,676,477,793,418,239,788,925 
1381	808,140,214,242,67,113,264,951,547,737 
1382	29,5,249,68,58,804,122,186,296,541 
1383	135,596,60,402,725,712,412,1193,692,616 
1384	64,187,828,380,401,881,264,135,41,336 
1385	984,26,757,88,49,83,698,906,256,975 
1386	370,365,534,421,197,266,213,295,662,251 
1387	614,169,477,596,300,616,1140,833,99,500 
1388	144,860,969,163,1080,1034,1331,524,614,271 
1389	402,941,1439,901,727,239,616,990,1491,1332 
1390	681,745,1167,83,815,49,568,1430,963,1102 
1391	392,577,1085,54,9,745,77,33,815,608 
1392	77,23,317,491,154,267,197,444,745,815 
1393	130,159,186,185,128,365,29,18,160,107 
1394	295,64,542,187,44,828,221,401,608,985 
1395	43,18,217,431,307,444,157,64,150,357 
1396	357,49,542,267,393,984,608,78,494,745 
1397	91,799,941,358,397,766,960,1010,302,813 
1398	745,610,806,225,534,114,465,815,216,131 
1399	18,68,39,48,407,395,311,234,488,258 
1400	565,457,295,494,985,897,180,1018,575,357 
1401	608,13,376,88,527,93,932,26,563,1481 
1402	745,77,74,140,49,815,681,345,608,357 
1403	42,743,56,380,269,277,985,992,977,563 
1404	429,103,82,475,37,213,43,361,614,477 
1405	575,985,9,651,400,444,630,897,773,6 
1406	985,520,896,563,93,6,132,357,630,318 
1407	400,214,429,24,472,547,575,959,1127,699 
1408	103,325,891,382,66,125,97,541,395,311 
1409	1423,278,1267,598,1494,703,1107,163,870,776 
1410	985,220,896,630,1127,318,789,784,1065,1044 
1411	614,242,547,492,179,498,514,786,327,418 
1412	12,160,18,253,429,11,432,85,97,395 
1413	338,488,706,441,522,460,407,716,395,258 
1414	1423,1242,698,1158,223,1478,898,340,613,1315 
1415	357,106,1204,444,514,256,344,26,887,394 
1416	24,228,335,4,107,742,82,361,444,357 
1417	116,77,20,82,44,165,164,357,90,154 
1418	220,357,959,563,353,400,1127,547,773,132 
1419	77,745,681,88,815,335,368,21,1167,1066 
1420	5,310,492,58,29,228,706,614,235,472 
1421	269,992,525,451,1041,1328,1261,41,1466,608 
1422	85,40,8,382,296,11,429,804,432,257 
1423	41,525,539,401,469,951,1058,336,686,355 
1424	357,42,49,34,88,26,199,984,1204,256 
1425	13,380,401,608,336,686,881,41,945,525 
1426	985,342,457,651,575,96,150,630,542,43 
1427	64,164,491,74,45,392,624,289,42,828 
1428	745,392,8,244,393,1085,77,345,54,815 
1429	41,525,401,336,1058,355,766,523,584,499 
1430	45,448,222,384,342,1125,596,1000,725,214 
1431	357,267,49,608,720,452,542,13,199,393 
1432	397,402,539,743,901,146,1058,315,664,1328 
1433	65,90,56,542,307,288,106,392,828,1018 
1434	402,539,951,214,1010,727,690,302,799,933 
1435	608,49,357,1261,686,828,527,461,88,906 
1436	85,32,429,5,390,289,107,122,224,257 
1437	895,223,906,898,768,568,698,704,931,1054 
1438	596,605,955,195,833,1269,204,1235,1193,500 
1439	11,382,249,124,125,541,253,395,8,311 
1440	1439,402,1216,941,616,315,239,727,273,1021 
1441	235,400,580,57,467,475,897,472,494,547 
1442	142,596,754,583,384,157,955,1125,1193,1000 
1443	1080,163,148,732,1320,631,179,981,1013,898 
1444	575,959,985,1127,547,472,897,235,220,6 
1445	187,828,150,608,542,13,401,380,686,945 
1446	172,616,795,596,1367,725,451,692,605,204 
1447	402,539,214,951,727,358,950,1010,901,397 
1448	311,144,900,407,1067,275,1331,395,860,798 
1449	13,608,392,96,828,127,53,1085,54,33 
1450	895,898,598,223,1242,340,906,621,102,1054 
1451	223,640,102,1309,895,1494,1168,1188,1107,1320 
1452	429,8,296,545,234,804,228,251,250,847 
1453	596,605,195,1235,300,1073,169,204,1026,1269 
1454	596,605,169,1235,1073,1305,1269,622,889,300 
1455	5,123,718,185,40,311,748,395,257,650 
1456	77,24,128,289,894,545,138,292,127,745 
1457	745,114,806,199,610,815,984,465,924,131 
1458	896,6,322,155,689,747,509,959,1044,682 
1459	88,673,357,60,26,786,676,1261,613,514 
1460	402,539,91,950,358,799,397,960,412,315 
1461	77,745,335,317,197,49,542,608,815,357 
1462	808,111,624,135,384,358,1125,399,214,725 
1463	421,126,448,62,580,217,494,357,77,673 
1464	366,214,358,65,539,808,951,142,412,402 
1465	596,955,1235,847,169,1305,622,195,391,1193 
1466	169,300,596,500,833,1026,889,1039,153,1269 
1467	900,311,969,1047,275,407,798,1031,882,1080 
1468	441,161,107,24,228,150,10,365,475,9 
1469	521,264,289,431,64,565,457,985,214,1018 
1470	402,901,315,1439,239,999,1021,950,616,1257 
1471	124,382,107,917,541,311,395,123,718,798 
1472	698,49,906,984,83,1158,975,826,963,1430 
1473	66,5,429,361,53,122,111,228,185,160 
1474	1261,898,895,598,26,853,1242,826,102,1204 
1475	975,568,256,1167,1204,101,906,357,1158,1102 
1476	269,146,1328,41,451,1466,1041,397,13,881 
1477	745,267,491,165,377,610,924,815,392,806 
1478	1041,1328,743,1411,269,1466,1463,1360,499,380 
1479	24,140,164,307,65,126,4,342,142,77 
1480	342,44,264,72,429,51,108,14,624,77 
1481	107,234,87,186,150,29,249,142,475,5 
1482	539,951,397,799,727,214,302,358,315,1182 
1483	475,122,228,8,432,185,53,151,242,395 
1484	213,185,159,186,128,10,92,751,365,847 
1485	686,525,336,41,881,376,469,401,77,461 
1486	160,185,8,58,253,97,66,541,395,151 
1487	1261,1478,527,782,181,1267,906,340,826,1107 
1488	18,48,706,97,389,39,361,311,395,432 
1489	402,1439,941,397,727,315,239,1432,1257,1491 
1490	289,808,366,90,214,386,150,358,828,951 
1491	357,757,984,49,109,256,101,114,1204,83 
1492	985,575,563,767,353,630,977,132,220,93 
1493	1167,984,568,1158,83,49,815,698,26,963 
1494	745,77,197,49,542,815,608,633,681,357 
1495	56,742,197,116,897,178,985,575,357,1018 
1496	681,26,568,368,745,698,357,49,21,826 
1497	380,881,951,401,828,358,813,214,766,970 
1498	66,8,742,87,222,29,432,185,365,1020 
1499	1020,289,235,342,221,87,1018,897,565,472 
1500	365,545,185,296,142,804,390,541,484,257 
1501	539,951,941,397,214,799,950,901,358,203 
1502	451,1261,88,1058,743,673,527,525,285,1328 
1503	77,295,307,828,380,401,392,525,881,41 
1504	345,357,57,720,377,832,113,4,452,49 
1505	13,380,608,525,686,376,743,269,1058,881 
1506	220,6,985,235,784,897,547,1153,1061,549 
1507	266,325,58,228,18,97,541,310,395,351 
1508	745,357,49,267,77,398,88,681,815,608 
1509	706,488,441,407,68,11,460,395,1173,258 
1510	596,605,1269,955,195,1235,204,622,833,384 
1511	215,66,18,382,11,85,325,541,310,395 
1512	234,160,97,185,151,8,522,541,395,1173 
1513	249,8,160,325,432,186,11,382,395,125 
1514	906,1261,681,1167,598,368,303,1430,1204,1155 
1515	596,847,652,384,471,701,955,1000,440,605 
1516	941,397,901,315,1216,239,999,1432,1268,1182 
1517	568,88,906,49,698,975,963,1430,826,368 
1518	11,123,124,718,185,487,311,748,395,257 
1519	1439,402,172,795,273,315,239,941,1432,1257 
1520	264,20,828,790,401,380,608,13,686,881 
1521	342,267,610,745,103,716,216,806,392,662 
1522	295,267,35,365,215,217,491,293,745,662 
1523	250,123,718,147,847,257,80,484,748,211 
1524	716,216,217,662,35,409,249,797,437,465 
1525	93,6,322,689,206,509,747,155,789,935 
1526	91,766,402,1058,214,397,146,881,380,960 
1527	624,892,384,164,348,121,1125,212,1000,508 
1528	393,51,251,149,790,77,409,24,72,321 
1530	786,768,673,676,793,1261,925,743,514,821 
1531	400,353,773,220,6,1153,1127,563,767,784 
1532	12,122,58,186,85,289,40,382,541,395 
1533	392,33,608,54,405,1085,1150,13,828,724 
1534	608,1085,13,54,405,1040,724,745,49,343 
1535	951,214,422,539,358,462,277,402,766,91 
1536	614,1080,275,1285,311,1112,271,163,200,732 
1537	325,185,97,125,522,390,541,395,311,123 
1538	300,500,1101,1039,169,833,153,1269,616,920 
1539	250,213,138,296,804,149,251,186,40,51 
1540	1153,896,985,322,608,13,49,682,749,935 
1541	402,9,616,688,477,786,793,239,214,941 
1542	392,580,164,165,288,828,54,33,401,1150 
1543	380,881,539,951,828,358,41,813,214,743 
1544	828,41,525,469,539,336,355,686,358,1058 
1545	164,189,321,127,289,139,64,19,126,77 
1546	57,742,235,27,675,400,897,575,357,547 
1547	107,53,185,365,186,142,58,5,249,432 
1548	142,596,10,143,384,754,955,1193,412,1125 
1549	159,68,5,296,40,429,58,11,249,266 
1550	847,678,1345,1191,61,169,1235,231,955,1248 
1551	527,608,269,967,146,1111,525,49,1041,88 
1552	402,799,766,358,499,901,941,397,1058,643 
1553	575,357,773,985,353,630,563,1153,6,49 
1554	300,596,500,605,833,169,1269,1235,1428,920 
1555	48,44,317,72,51,754,264,624,557,384 
1556	214,67,366,358,951,539,378,330,242,402 
1557	912,782,527,704,1087,368,853,394,1204,340 
1558	56,542,90,392,44,828,608,33,1150,401 
1559	37,614,361,48,1020,58,441,53,472,547 
1560	49,357,376,563,828,1078,686,269,1261,461 
1561	380,41,451,13,1360,376,397,1343,499,1451 
1562	742,580,130,197,116,679,57,235,716,357 
1564	58,249,85,66,18,11,151,395,361,311 
1565	122,215,185,160,11,97,432,382,395,125 
1566	9,8,18,12,392,44,317,491,624,1018 
1567	269,357,525,461,743,1058,1078,932,563,992 
1568	941,539,727,901,397,951,214,239,799,1010 
1569	500,300,616,172,1101,913,596,1039,1439,315 
1570	743,992,269,977,563,397,380,1078,768,1058 
1571	74,87,542,422,90,345,392,77,828,33 
1572	101,357,1430,26,963,1167,806,1280,88,568 
1573	745,393,108,392,345,178,77,267,815,1085 
1574	88,1167,568,77,49,815,1158,368,26,357 
1575	614,1080,148,179,1112,275,163,631,271,952 
1576	1080,148,163,1112,200,179,631,971,1285,1013 
1577	353,959,1127,1153,520,400,767,563,1061,897 
1578	228,116,222,130,234,338,296,577,342,224 
1579	895,782,1054,1242,102,1100,906,673,278,1315 
1580	6,896,1065,400,784,509,689,318,789,322 
1581	900,144,969,1080,163,1031,614,1122,1112,271 
1582	716,662,409,216,48,659,587,534,797,437 
1583	767,13,357,520,985,1153,773,935,132,318 
1584	150,492,716,72,293,235,679,249,437,832 
1585	596,847,955,605,652,384,914,471,1235,1248 
1586	1328,1411,1041,451,768,1313,901,499,999,1111 
1587	488,266,338,716,460,437,407,258,58,287 
1588	91,766,813,1058,881,525,1160,269,203,402 
1589	357,9,575,954,60,563,985,630,220,773 
1590	77,88,376,292,195,126,448,673,725,1064 
1591	311,614,275,144,407,969,1080,900,395,798 
1592	195,292,605,204,914,596,77,439,471,701 
1593	13,773,985,1153,563,49,896,132,749,1040 
1594	596,500,616,172,402,195,605,300,725,665 
1595	959,220,1127,132,985,784,767,235,896,689 
1596	402,941,539,727,616,315,273,950,1010,1148 
1597	140,289,288,422,37,4,808,127,214,828 
1598	116,103,159,342,138,44,14,228,421,60 
1599	402,901,539,1439,315,999,1268,1491,992,950 
1600	9,24,790,754,365,624,51,215,384,847 
1601	745,577,409,806,159,716,610,924,114,131 
1602	402,91,799,941,358,1010,766,727,499,1364 
1603	32,122,249,11,891,541,40,296,253,395 
1604	35,534,103,716,745,806,610,437,216,465 
1605	596,300,500,169,833,605,1235,195,1314,1101 
1606	161,217,266,66,420,197,534,716,289,662 
1607	107,11,382,97,8,541,253,125,395,182 
1608	108,161,250,18,85,12,614,484,311,275 
1609	159,985,307,90,431,521,56,575,630,1018 
1610	520,6,1153,767,400,985,689,784,322,935 
1611	91,941,951,901,960,358,766,214,239,999 
1612	596,307,384,601,1125,955,1000,725,471,652 
1613	828,13,41,881,686,608,336,269,401,1058 
1614	745,199,317,545,23,924,357,131,633,480 
1615	402,941,901,727,397,91,799,616,1010,951 
1616	26,368,698,1261,77,826,1066,22,673,357 
1617	91,1058,951,397,146,766,269,525,813,203 
1618	400,547,472,457,575,614,959,1127,235,699 
1619	608,49,1040,749,645,984,828,318,357,1481 
1620	402,539,91,901,799,214,397,358,960,999 
1621	357,107,773,344,1204,575,514,353,220,256 
1622	266,151,97,58,228,185,541,395,587,659 
1623	745,74,342,267,37,357,49,77,815,608 
1624	596,1235,1073,955,1269,195,204,169,1181,889 
1625	681,1167,608,368,357,745,698,984,376,906 
1626	97,215,266,58,541,522,185,395,382,125 
1627	85,891,382,107,296,11,429,804,432,257 
1628	48,138,847,234,930,276,804,296,678,61 
1629	392,54,140,542,1085,127,624,77,637,33 
1630	985,767,93,132,6,357,220,318,935,49 
1631	389,441,39,660,407,18,311,234,395,486 
1632	77,398,745,244,197,345,292,894,815,1085 
1633	608,13,49,376,77,357,828,686,88,940 
1634	592,195,477,9,965,786,168,673,500,616 
1635	228,492,42,1020,8,189,264,235,253,547 
1636	429,185,40,107,53,365,58,228,5,87 
1637	357,345,164,57,49,24,4,295,679,113 
1638	698,757,782,1242,963,1430,1167,984,704,598 
1639	88,26,49,1204,906,1261,984,757,568,826 
1640	520,132,896,93,959,630,322,400,689,747 
1641	596,605,458,195,1235,955,204,1073,384,169 
1642	437,716,256,1280,287,232,619,488,806,1065 
1643	159,185,8,249,325,541,891,97,522,395 
1644	402,397,616,239,727,315,273,1148,999,172 
1645	1080,163,148,732,179,631,981,614,1013,1487 
1646	847,596,384,652,955,678,1073,61,212,1000 
1647	596,605,169,1269,833,500,1235,955,195,300 
1648	357,4,415,56,421,165,3,745,679,806 
1649	941,539,901,727,397,315,616,799,1148,951 
1650	216,437,465,619,488,610,797,232,256,114 
1651	389,18,488,581,533,48,716,11,395,460 
1652	596,605,1193,725,195,955,204,384,1269,412 
1653	122,325,185,11,97,151,541,382,395,228 
1654	361,66,14,4,60,78,116,45,218,357 
1655	389,311,361,18,407,441,395,144,524,275 
1656	311,144,900,969,798,650,1331,1031,882,654 
1657	215,186,289,103,484,487,660,80,847,614 
1658	32,185,85,382,18,11,253,432,325,395 
1659	1261,673,613,1111,1367,368,285,22,171,292 
1660	311,97,160,407,253,361,395,144,275,798 
1661	1080,163,200,1320,1122,631,179,981,271,1494 
1662	941,91,727,799,951,315,960,302,999,358 
1663	111,429,29,742,266,142,185,804,58,5 
1664	596,605,169,1073,391,1305,955,1181,833,204 
1665	895,782,102,1267,1242,826,1204,1032,598,88 
1666	881,1058,146,828,269,336,539,686,376,1328 
1667	444,18,357,24,651,56,154,494,164,377 
1668	522,124,382,125,185,541,917,311,395,798 
1669	847,678,1345,596,391,1073,1235,61,169,1248 
1670	32,66,249,11,541,325,97,891,429,395 
1671	437,716,619,232,465,797,460,256,1116,647 
1672	376,527,673,1041,1367,743,1058,1100,613,1411 
1673	539,941,901,727,397,91,950,1010,239,690 
1674	768,1111,786,451,606,376,1012,946,527,925 
1675	300,500,1101,1039,579,616,0,833,172,273 
1676	357,62,514,221,27,563,49,925,935,786 
1677	146,13,755,584,813,686,1466,1328,936,355 
1678	614,361,107,213,965,32,441,483,1080,179 
1679	614,1080,275,148,311,1112,179,200,553,732 
1680	163,179,981,631,200,614,1320,1122,1423,676 
1681	614,163,631,981,1122,1223,1423,271,860,726 
1682	114,984,745,393,357,806,101,256,815,49 
1683	269,743,1466,451,1360,380,499,1343,655,91 
1684	568,83,681,906,357,698,114,975,1430,963 
1685	596,583,384,955,24,1125,1193,605,1000,652 
1686	4,267,128,345,23,545,43,126,77,48 
1687	49,828,269,985,1078,353,380,336,376,93 
1688	985,575,563,977,743,353,630,935,220,1153 
1689	745,345,140,77,225,108,392,542,178,815 
1690	14,790,82,295,267,77,48,345,307,521 
1691	614,1080,275,311,148,798,654,1112,1285,271 
1692	217,494,88,673,357,786,34,26,43,676 
1693	8,32,185,68,289,160,186,253,432,310 
1694	743,1328,992,451,499,539,13,91,1343,942 
1695	985,342,565,444,189,64,159,575,630,4 
1696	357,256,1204,344,757,1280,773,16,887,1065 
1697	616,289,402,76,477,172,596,786,793,500 
1698	716,216,437,197,35,465,488,797,662,619 
1699	1261,172,1367,88,613,1111,795,616,451,786 
1700	745,480,23,491,77,178,815,534,49,608 
1701	88,906,376,598,26,608,932,568,704,768 
1702	458,65,214,166,402,186,64,412,477,358 
1703	88,49,26,1167,745,984,368,698,1158,608 
1704	220,563,959,1127,630,318,689,779,747,400 
1705	985,575,492,400,630,773,6,897,1153,220 
1706	150,656,521,386,307,48,601,384,1000,471 
1707	26,598,704,1478,1204,368,1167,83,527,1223 
1708	66,32,185,742,432,58,186,475,351,382 
1709	539,813,881,951,380,766,214,499,507,402 
1710	402,214,358,91,799,950,960,1010,397,499 
1711	742,72,113,235,361,467,310,122,472,106 
1712	163,826,981,179,1188,782,26,357,631,1122 
1713	287,619,216,465,232,256,460,806,647,610 
1714	142,264,116,545,441,370,51,228,18,159 
1715	1204,26,49,1478,895,181,906,773,202,527 
1716	178,392,491,140,56,8,745,33,159,9 
1717	228,235,53,518,415,389,488,106,716,472 
1718	716,374,488,235,48,4,1020,216,797,232 
1719	941,901,397,727,799,315,1010,960,214,1182 
1720	60,580,214,951,106,808,87,277,358,539 
1721	49,563,13,357,353,1078,520,527,935,773 
1722	9,60,267,142,66,135,725,77,195,477 
1723	757,114,568,256,88,791,1204,1102,906,1158 
1724	1080,148,200,275,614,163,732,311,1320,900 
1725	743,13,608,269,380,1058,525,1261,967,41 
1726	159,107,296,289,804,122,58,382,432,257 
1727	596,300,500,833,169,1269,1039,605,1305,195 
1728	66,48,215,142,475,614,361,68,157,484 
1729	596,847,384,955,652,605,471,701,1000,914 
1730	608,77,49,376,13,345,357,88,109,267 
1731	575,180,400,335,547,959,220,1127,6,353 
1732	1223,1423,803,614,1188,1309,903,403,693,353 
1733	88,673,613,786,62,1261,676,26,37,195 
1734	402,616,596,273,239,665,913,727,1148,477 
1735	640,782,102,1242,910,1261,181,1032,598,88 
1736	26,368,613,673,826,1303,1066,914,195,22 
1737	88,26,1204,826,975,49,984,621,704,1167 
1738	1242,83,598,912,1223,704,853,963,118,368 
1739	357,49,777,109,452,608,984,42,633,745 
1740	72,122,58,185,325,8,660,11,382,395 
1741	1080,148,1112,200,163,732,275,971,311,553 
1742	898,88,768,673,981,895,782,1107,1111,821 
1743	269,992,380,451,1041,1360,1343,686,881,1015 
1744	596,955,605,384,622,1073,204,1305,1125,490 
1745	41,1328,1466,743,539,813,167,451,942,1343 
1746	521,64,87,431,565,96,116,828,1018,401 
1747	1261,568,368,1111,613,906,598,357,782,826 
1748	534,392,54,421,228,351,77,1085,624,745 
1749	534,24,72,42,421,87,392,37,745,662 
1750	402,616,941,1439,239,727,315,788,786,273 
1751	380,1058,525,743,539,146,91,1328,766,1466 
1752	82,614,357,57,106,164,498,786,179,514 
1753	745,392,608,491,33,49,1085,184,13,815 
1754	49,357,563,376,906,1078,353,520,896,932 
1755	179,981,786,676,614,163,631,788,821,418 
1756	1439,402,397,172,946,788,1367,1216,315,273 
1757	163,898,179,1309,1080,148,1423,1320,102,640 
1758	745,49,777,398,77,608,357,815,681,984 
1759	357,256,581,580,444,437,806,716,1280,101 
1760	392,491,244,54,33,608,1085,405,828,1150 
1761	82,342,214,90,431,951,173,358,539,277 
1762	269,525,380,743,146,967,686,41,336,461 
1763	60,66,521,477,214,37,76,402,99,412 
1764	1080,148,200,163,732,614,971,275,179,654 
1765	357,88,26,444,150,545,78,641,614,514 
1766	782,1204,181,102,1168,768,1100,202,1107,1315 
1767	235,161,130,679,675,832,547,400,76,897 
1768	1439,402,616,1216,172,315,795,1332,788,579 
1769	60,14,9,87,477,37,66,786,195,168 
1770	967,1058,397,146,380,1328,451,499,664,1466 
1771	791,963,806,1280,628,1167,1204,26,567,756 
1772	357,49,984,26,88,906,757,568,608,1167 
1773	768,898,676,925,514,821,912,1012,1100,655 
1774	881,41,813,380,525,692,1058,828,539,376 
1775	1423,102,163,278,88,853,1107,631,181,331 
1776	1080,614,275,148,311,654,1285,271,553,971 
1777	614,475,235,547,472,253,42,53,400,954 
1778	1261,768,357,563,376,743,977,88,527,93 
1779	32,122,58,228,429,432,186,266,151,310 
1780	357,984,757,421,49,109,528,26,256,101 
1781	344,256,726,1476,757,693,1280,357,1116,1065 
1782	640,1267,1223,1261,826,598,1309,1107,1188,910 
1783	402,941,539,727,901,273,315,239,950,665 
1784	357,563,49,575,514,935,773,93,630,220 
1785	18,66,185,253,429,432,325,289,411,395 
1786	673,1261,613,1367,172,786,376,616,285,676 
1787	9,985,267,18,575,357,345,630,563,773 
1788	64,4,289,42,422,140,189,127,142,828 
1789	357,49,608,377,393,150,109,13,77,745 
1790	357,1204,514,1423,394,344,1223,179,202,513 
1791	82,596,173,725,195,605,87,135,204,692 
1792	289,18,614,103,338,10,215,477,43,99 
1793	48,128,847,224,120,108,705,678,111,61 
1794	984,114,745,357,806,101,49,757,256,83 
1795	82,596,189,521,143,384,477,725,412,1193 
1796	163,1335,631,910,1423,1054,1223,640,1188,202 
