0	60,688,978,427,731,11,591,8,974,608 
1	660,202,163,925,438,563,807,4,340,921 
2	233,314,527,431,687,578,862,821,246,1003 
3	168,369,650,253,438,565,660,21,107,89 
4	141,181,245,140,163,659,294,122,253,894 
5	820,195,1116,176,104,172,690,313,262,849 
6	469,9,168,686,748,659,455,852,565,14 
7	431,276,554,578,634,520,603,48,1043,237 
8	101,970,765,742,1035,740,247,708,567,595 
9	802,799,469,777,659,334,950,315,825,129 
10	950,141,294,405,927,1006,881,1121,762,300 
11	431,634,674,75,276,554,149,603,929,475 
12	277,216,72,452,659,481,479,22,953,81 
13	759,956,814,322,15,914,621,1103,450,734 
14	351,199,89,371,277,217,424,265,953,150 
15	956,626,759,218,1057,814,1116,377,751,1178 
16	65,806,554,662,292,618,75,240,578,237 
17	106,731,612,142,403,992,57,753,636,777 
18	423,634,75,252,929,520,258,149,578,906 
19	802,799,106,259,20,59,47,77,573,1031 
20	950,117,512,843,447,255,129,45,911,351 
21	431,461,578,565,492,883,736,237,442,527 
22	431,423,276,520,603,65,674,252,149,237 
23	843,1028,203,93,432,494,1000,762,120,659 
24	950,843,659,803,141,762,129,494,81,911 
25	660,272,419,229,630,163,66,576,921,563 
26	101,648,740,742,34,431,1052,423,56,792 
27	141,294,666,163,281,925,659,625,807,229 
28	431,527,461,578,687,237,356,883,900,736 
29	451,378,589,497,950,198,160,117,512,665 
30	1021,431,183,423,634,520,956,218,276,149 
31	799,802,106,47,674,59,77,636,9,689 
32	78,141,128,204,6,145,659,163,371,168 
33	970,708,101,791,946,244,595,36,465,260 
34	659,452,438,469,175,748,494,9,852,14 
35	708,1172,979,543,561,783,440,1108,269,235 
36	731,753,992,612,525,343,399,956,870,642 
37	163,217,67,894,479,807,141,925,30,272 
38	635,1093,629,195,608,399,426,820,1103,849 
39	431,634,423,554,520,929,578,149,475,1043 
40	634,550,554,237,618,461,687,276,287,586 
41	7,314,4,140,128,371,141,160,855,217 
42	659,748,6,452,842,825,106,100,469,625 
43	145,217,277,369,168,151,272,438,424,660 
44	202,613,220,997,282,527,687,578,270,168 
45	431,423,634,276,520,554,603,614,527,358 
46	279,431,423,276,674,520,603,634,554,1043 
47	423,65,674,614,475,554,520,662,530,148 
48	659,442,100,452,798,480,145,894,972,6 
49	469,802,106,799,9,777,334,852,782,636 
50	216,67,997,442,972,107,157,424,797,894 
51	280,231,855,438,355,249,31,100,953,72 
52	591,250,513,690,1151,715,401,805,1088,195 
53	314,666,690,741,272,925,141,919,419,66 
54	431,550,634,554,618,929,65,473,520,742 
55	31,431,527,276,520,578,554,603,634,48 
56	354,447,1025,161,10,584,491,487,762,1004 
57	992,731,403,513,759,262,690,82,612,820 
58	748,852,455,995,777,334,315,825,694,842 
59	431,634,554,423,75,276,603,520,906,237 
60	218,956,608,663,581,377,751,615,816,723 
61	252,431,554,65,634,674,799,578,237,75 
62	72,950,242,665,84,497,117,168,175,843 
63	141,163,160,294,281,807,659,539,625,1121 
64	608,814,322,399,1011,109,1168,1169,642,915 
65	122,277,19,265,549,660,107,535,230,272 
66	120,272,1003,660,340,666,107,246,95,982 
67	4,245,168,953,107,565,527,660,687,736 
68	140,4,285,659,329,660,137,163,67,565 
69	58,834,377,854,212,615,471,458,577,775 
70	141,864,163,280,894,580,807,253,145,659 
71	95,736,719,120,660,687,527,821,107,3 
72	124,293,141,216,89,294,45,539,659,855 
73	843,659,494,681,950,894,1000,762,273,625 
74	140,531,442,202,660,894,479,391,972,497 
75	7,155,224,674,980,106,799,802,730,32 
76	294,141,1121,405,129,300,513,950,281,659 
77	423,431,634,614,674,603,520,1036,149,618 
78	469,9,799,852,748,659,777,20,825,694 
79	252,431,554,578,237,65,276,618,240,603 
80	218,956,668,58,54,751,663,734,471,458 
81	660,890,216,650,894,220,107,231,972,272 
82	155,423,731,614,516,60,674,657,974,683 
83	451,279,157,38,371,191,201,96,186,303 
84	141,798,950,128,294,843,320,659,163,281 
85	277,155,199,224,4,862,191,204,497,220 
86	591,731,612,403,690,172,598,1034,805,715 
87	106,469,799,852,455,995,315,950,636,825 
88	431,423,634,554,520,674,929,1043,237,48 
89	650,613,216,21,972,122,461,565,19,687 
90	314,122,231,217,31,151,266,997,249,438 
91	216,21,122,220,97,265,107,972,272,855 
92	608,956,635,626,629,195,1093,490,615,525 
93	659,494,227,284,413,764,772,706,166,682 
94	578,634,618,550,65,932,237,586,806,276 
95	797,38,950,117,798,129,512,405,893,1025 
96	277,638,766,14,469,565,9,686,659,695 
97	4,277,890,497,351,855,220,230,972,438 
98	155,279,140,31,183,204,371,52,674,186 
99	970,106,440,731,8,528,47,36,86,1172 
100	950,843,216,452,531,280,117,203,175,911 
101	244,595,376,920,34,742,740,1108,1155,765 
102	950,117,447,843,354,927,413,161,911,584 
103	137,431,890,170,22,461,972,237,797,747 
104	956,218,377,668,58,615,834,734,847,327 
105	820,626,450,992,8,581,753,1169,891,496 
106	106,802,231,748,659,98,799,694,128,825 
107	362,161,354,469,843,570,487,129,1042,852 
108	481,280,293,100,351,231,150,175,659,117 
109	252,634,554,65,618,75,423,662,258,520 
110	34,742,543,958,357,765,970,65,473,680 
111	581,626,635,759,327,322,621,58,195,126 
112	140,168,480,150,659,242,253,479,894,972 
113	280,231,38,351,78,371,285,282,481,638 
114	929,276,258,149,603,520,372,530,662,1111 
115	181,280,798,355,950,336,351,117,198,154 
116	442,145,997,497,277,438,479,160,972,266 
117	220,233,890,97,565,797,438,578,855,461 
118	369,279,31,140,87,674,639,423,52,276 
119	216,272,217,660,340,442,107,925,666,369 
120	512,280,742,893,247,648,561,117,970,341 
121	7,45,741,122,197,862,613,555,272,919 
122	956,581,635,759,322,849,327,1093,195,399 
123	759,635,11,626,399,15,642,688,1093,343 
124	45,666,613,272,30,864,925,266,419,234 
125	956,218,608,58,668,54,734,212,723,642 
126	218,834,854,718,58,212,1057,471,615,126 
127	1132,196,904,542,260,1135,543,920,1052,774 
128	731,690,787,513,403,405,172,427,250,141 
129	314,7,231,369,14,4,862,145,972,565 
130	613,100,479,128,163,141,659,438,953,122 
131	250,591,59,189,598,992,403,753,77,259 
132	660,613,277,272,4,120,95,107,1003,391 
133	659,479,81,843,316,163,141,807,122,349 
134	950,911,432,584,1028,413,129,203,1137,93 
135	451,802,106,799,59,191,77,20,259,694 
136	216,122,30,245,972,369,355,202,81,90 
137	163,925,862,216,6,807,660,391,141,150 
138	777,455,334,315,694,659,636,319,1031,825 
139	7,231,280,369,140,221,371,80,674,276 
140	329,997,168,163,660,217,925,807,277,265 
141	106,674,802,799,77,32,259,689,996,730 
142	543,742,648,765,1108,1052,1035,101,324,127 
143	106,799,20,469,742,77,777,259,17,228 
144	124,405,893,117,427,129,141,950,307,731 
145	660,549,329,140,272,925,340,666,163,107 
146	106,334,694,315,636,59,825,319,209,483 
147	950,263,84,843,336,479,141,117,168,911 
148	970,34,269,56,101,1052,1108,359,247,324 
149	38,431,237,578,580,461,527,687,497,554 
150	314,38,797,245,168,277,78,442,100,253 
151	512,4,117,950,140,78,893,129,742,128 
152	426,943,104,399,591,343,86,313,172,978 
153	280,303,221,351,201,527,687,245,578,431 
154	230,650,155,145,199,424,862,79,565,224 
155	565,249,253,157,160,686,438,191,747,469 
156	151,140,145,659,479,163,480,481,580,122 
157	431,554,634,550,237,618,276,287,461,565 
158	742,970,512,465,783,904,1035,765,34,958 
159	279,137,21,862,191,220,186,438,199,555 
160	852,659,686,9,793,565,494,68,166,748 
161	950,843,117,927,1025,354,584,512,10,413 
162	163,160,151,580,35,807,855,925,72,351 
163	629,820,1093,195,608,814,322,1086,1011,109 
164	314,280,155,191,855,220,31,217,100,424 
165	843,659,491,494,413,275,852,362,772,1042 
166	469,659,802,106,98,9,799,748,852,320 
167	893,648,561,101,878,765,357,427,1155,56 
168	648,893,56,970,269,765,783,101,127,567 
169	175,160,659,438,128,253,245,145,371,480 
170	183,1021,282,197,303,531,4,613,217,14 
171	956,608,58,668,834,615,54,626,322,212 
172	431,423,554,75,520,929,258,614,252,237 
173	140,230,201,627,199,216,186,797,217,639 
174	183,45,242,204,231,555,272,666,162,919 
175	797,52,789,855,100,249,316,89,131,98 
176	252,565,65,550,1090,686,680,492,469,237 
177	431,527,687,461,736,883,578,1003,356,900 
178	956,834,668,54,723,1057,962,1178,153,751 
179	950,129,78,117,141,405,927,1025,881,294 
180	791,465,904,489,708,528,946,376,595,517 
181	141,798,128,480,613,78,163,659,894,452 
182	183,280,230,218,846,431,668,60,956,423 
183	799,59,9,777,995,47,694,1031,57,209 
184	230,249,253,442,78,224,972,329,122,175 
185	608,218,58,581,734,834,718,621,754,1143 
186	106,802,531,799,659,98,748,469,825,253 
187	650,442,972,565,580,424,245,79,659,894 
188	731,591,690,11,427,978,1088,1151,86,787 
189	660,953,580,7,438,925,163,107,563,277 
190	217,67,145,479,160,163,497,997,424,35 
191	216,894,175,659,35,234,137,580,855,163 
192	802,106,9,77,334,455,47,995,748,315 
193	86,612,59,77,20,259,427,101,392,8 
194	150,128,659,316,451,131,320,539,168,242 
195	275,166,748,491,494,764,362,284,227,793 
196	14,204,168,497,972,220,531,442,555,199 
197	141,45,280,659,336,320,613,163,294,281 
198	431,578,618,634,237,554,65,252,806,586 
199	608,581,218,327,635,759,734,814,663,642 
200	391,265,355,580,30,660,565,329,659,79 
201	608,58,635,581,759,642,663,814,734,126 
202	106,799,20,893,247,561,334,101,543,405 
203	512,950,1025,447,1038,911,117,1028,893,648 
204	950,129,161,413,512,354,447,117,659,843 
205	141,294,320,659,281,163,1121,625,807,279 
206	591,250,86,335,516,172,513,403,1034,401 
207	303,282,19,497,217,277,890,107,249,438 
208	639,137,741,204,688,218,668,60,731,335 
209	660,279,120,272,95,277,107,340,925,563 
210	950,294,141,762,1121,927,281,659,300,881 
211	106,247,561,259,995,636,455,77,161,59 
212	659,480,242,128,452,141,279,163,140,145 
213	336,245,442,277,479,89,163,660,14,807 
214	56,550,618,423,416,258,1008,958,1026,393 
215	141,294,1121,281,659,666,1006,300,163,950 
216	512,950,117,447,293,1025,911,129,1028,360 
217	659,748,494,9,166,17,625,455,793,334 
218	431,668,854,962,1089,942,505,1143,471,775 
219	36,708,567,757,542,561,247,386,440,127 
220	950,512,447,129,843,927,911,354,584,432 
221	731,1151,591,172,335,392,513,992,403,472 
222	660,265,272,277,894,120,340,925,107,151 
223	7,38,279,953,67,997,217,890,424,100 
224	659,452,355,137,748,98,686,469,424,494 
225	549,1003,660,687,272,107,95,527,736,120 
226	168,659,175,452,253,277,479,862,972,81 
227	314,336,137,613,216,351,199,220,224,204 
228	157,314,369,451,230,155,371,342,14,438 
229	252,799,674,47,259,258,802,32,292,106 
230	106,802,799,259,20,59,77,694,674,730 
231	802,799,59,469,9,47,748,455,674,334 
232	431,634,554,252,618,75,603,929,932,372 
233	20,405,694,825,105,294,129,995,116,731 
234	168,249,972,659,155,355,452,204,216,98 
235	802,106,740,648,56,958,359,34,440,1155 
236	659,452,140,163,14,494,625,972,329,424 
237	802,20,59,259,47,469,334,995,730,689 
238	740,34,765,416,359,946,595,101,431,465 
239	280,279,231,369,157,220,233,265,578,972 
240	137,160,202,30,233,565,100,90,170,249 
241	543,101,970,341,893,1035,8,427,247,978 
242	950,843,316,659,170,154,494,762,141,625 
243	634,554,929,520,149,65,252,475,372,393 
244	635,820,1093,1103,849,99,164,343,313,177 
245	218,58,668,377,54,1178,754,577,839,776 
246	997,531,277,231,217,479,855,14,89,894 
247	626,956,322,820,914,450,218,58,869,490 
248	950,843,927,1025,432,354,117,10,413,1038 
249	431,674,252,634,603,423,1043,578,730,32 
250	802,106,799,259,694,9,636,689,777,455 
251	106,802,799,59,20,674,47,32,334,788 
252	531,253,72,438,234,160,35,659,163,242 
253	659,442,438,480,452,249,216,204,255,170 
254	7,378,286,280,221,342,60,218,668,688 
255	95,1003,660,120,272,719,687,527,340,982 
256	469,20,166,334,777,694,995,852,315,825 
257	259,20,59,694,77,47,674,730,9,689 
258	660,329,249,35,925,107,163,972,563,242 
259	578,431,554,634,565,276,287,237,252,618 
260	7,451,378,342,38,45,78,31,855,128 
261	634,614,674,75,276,65,149,520,794,397 
262	608,581,635,626,629,327,58,820,109,642 
263	431,423,634,674,554,276,929,75,475,603 
264	282,578,233,165,277,431,204,276,438,527 
265	106,802,799,20,259,59,674,469,730,334 
266	216,280,30,163,100,807,997,925,175,660 
267	231,639,741,846,218,668,688,60,58,926 
268	423,431,60,543,634,520,657,614,149,101 
269	230,336,293,221,277,14,252,240,565,578 
270	946,528,517,920,561,247,440,1052,446,235 
271	956,218,581,327,668,322,751,642,718,399 
272	218,58,956,608,688,60,926,1088,816,731 
273	218,668,834,956,854,58,377,816,718,926 
274	608,759,635,626,629,820,195,581,849,218 
275	660,202,137,925,35,340,163,272,563,419 
276	802,106,469,77,9,334,455,748,636,209 
277	512,742,893,970,56,247,543,357,765,341 
278	157,277,168,972,442,565,107,497,79,660 
279	316,442,650,355,862,285,424,497,855,659 
280	731,427,978,591,1151,8,250,690,513,759 
281	253,285,442,452,137,14,659,310,565,79 
282	423,431,276,520,149,614,554,75,794,530 
283	7,481,216,181,145,798,249,659,497,266 
284	950,843,117,129,447,911,1025,584,927,1028 
285	431,634,554,65,929,276,662,520,906,292 
286	244,1172,247,979,783,970,765,745,1035,1108 
287	45,280,279,862,30,580,997,220,438,107 
288	581,635,759,629,322,327,58,1116,377,615 
289	543,791,970,427,1151,904,86,893,244,1132 
290	137,438,216,234,972,285,862,191,747,580 
291	950,843,141,129,762,294,659,911,927,281 
292	218,668,956,58,377,926,834,471,751,54 
293	279,145,479,890,660,120,163,272,807,925 
294	759,8,753,591,513,525,944,870,882,626 
295	950,303,117,843,355,452,203,512,447,911 
296	431,634,276,520,237,578,618,423,929,1043 
297	106,59,77,674,694,811,9,334,469,543 
298	45,279,183,980,497,797,245,555,277,266 
299	280,451,224,100,369,249,234,639,162,141 
300	431,423,276,603,75,578,358,929,614,48 
301	748,659,161,777,413,802,319,570,454,315 
302	280,30,31,183,230,97,277,199,21,19 
303	95,719,736,120,527,687,883,660,272,821 
304	163,168,253,89,145,807,862,141,925,67 
305	183,140,45,96,19,21,30,527,216,342 
306	591,731,668,688,335,250,1088,516,472,86 
307	950,447,432,584,1038,927,203,129,772,10 
308	145,497,151,89,233,855,997,461,94,953 
309	316,168,277,150,155,230,659,175,253,52 
310	249,72,168,191,659,175,452,355,371,245 
311	894,168,137,163,234,438,925,660,497,807 
312	145,217,249,151,14,442,168,230,199,451 
313	660,650,107,272,95,120,242,4,972,246 
314	950,198,843,129,117,911,141,1025,584,447 
315	626,581,956,820,1011,1093,450,399,218,870 
316	995,764,161,413,777,227,802,284,570,793 
317	67,163,89,580,351,140,72,807,175,480 
318	660,249,216,391,107,531,272,340,925,120 
319	956,608,581,626,635,759,629,322,849,402 
320	659,128,249,253,106,481,52,802,825,842 
321	950,843,803,263,659,141,129,911,762,198 
322	7,183,96,38,140,31,336,481,4,128 
323	659,748,452,6,234,469,825,842,625,245 
324	834,718,668,218,377,956,471,1089,942,839 
325	140,78,163,145,351,659,151,14,807,141 
326	799,748,334,315,362,1042,483,413,275,937 
327	423,554,674,276,603,75,252,618,32,65 
328	802,106,259,674,47,730,689,20,636,77 
329	956,608,218,58,581,615,626,54,759,15 
330	78,469,252,9,191,806,799,782,797,578 
331	580,862,155,186,224,233,4,204,424,578 
332	674,431,634,662,554,603,149,929,259,520 
333	218,956,212,615,834,718,458,126,723,1178 
334	255,137,316,14,145,862,52,747,565,204 
335	77,694,259,748,17,825,47,209,315,405 
336	659,100,131,438,798,371,285,160,151,825 
337	688,1151,787,513,978,612,1088,753,427,472 
338	950,1025,893,366,891,561,1154,512,911,843 
339	627,423,674,60,543,657,520,101,431,614 
340	163,175,141,479,145,168,807,452,659,864 
341	766,106,802,799,124,659,748,825,469,20 
342	1021,378,741,224,688,731,60,218,335,591 
343	791,567,893,708,244,595,528,946,742,36 
344	690,189,513,172,753,612,392,992,176,1034 
345	279,431,30,527,578,687,276,554,603,997 
346	980,218,668,956,58,834,926,60,377,854 
347	250,86,992,612,690,598,1151,172,82,715 
348	137,270,52,578,14,277,252,303,233,240 
349	956,218,608,58,1057,668,834,718,621,629 
350	218,591,731,690,926,663,458,60,816,642 
351	834,431,854,218,668,377,423,723,876,471 
352	202,277,442,217,199,157,797,351,391,272 
353	431,237,862,578,100,168,972,461,19,438 
354	249,355,442,234,479,890,531,217,35,424 
355	4,442,145,580,277,163,35,150,424,497 
356	218,834,608,668,54,581,212,615,621,754 
357	218,58,926,816,688,615,212,458,54,60 
358	10,584,129,1004,1038,770,762,772,1042,362 
359	220,230,997,351,233,107,660,438,565,391 
360	431,237,648,512,799,765,554,929,634,970 
361	648,431,512,237,34,893,416,554,520,912 
362	465,791,946,36,528,489,904,742,542,260 
363	950,413,447,161,843,927,491,1085,512,772 
364	799,802,469,106,695,9,112,237,782,636 
365	764,455,494,793,995,454,227,334,625,777 
366	674,423,431,276,603,1043,32,634,520,730 
367	141,666,613,163,266,925,294,272,204,1121 
368	561,774,708,783,1180,1082,339,970,440,740 
369	89,145,481,351,72,438,163,480,253,807 
370	753,731,612,262,1034,172,690,82,189,598 
371	141,163,160,479,659,294,894,281,807,162 
372	95,120,719,736,272,527,821,107,340,982 
373	34,56,740,431,283,958,765,149,1108,237 
374	157,279,140,1021,431,423,674,276,520,603 
375	660,650,216,797,391,35,369,107,160,424 
376	666,272,340,229,163,630,982,107,120,576 
377	634,554,520,237,276,423,578,550,149,65 
378	956,218,834,668,58,718,54,847,751,621 
379	431,634,554,276,252,520,674,258,578,662 
380	431,293,461,151,237,580,230,578,497,527 
381	314,38,279,369,451,204,303,862,438,497 
382	45,191,201,650,789,72,303,497,183,128 
383	218,668,956,834,58,854,718,926,212,54 
384	956,608,581,58,668,734,54,1178,754,333 
385	956,195,58,731,581,1116,250,870,814,663 
386	250,176,403,608,759,956,472,189,313,635 
387	423,634,554,618,276,252,258,520,149,614 
388	950,843,911,117,129,203,584,447,1028,141 
389	512,489,413,1085,1123,244,970,765,994,487 
390	797,38,141,690,666,294,1121,591,731,513 
391	405,129,802,659,1121,881,950,105,825,59 
392	4,797,303,293,497,342,351,355,183,31 
393	659,748,842,106,766,294,825,625,802,281 
394	953,613,138,535,233,107,246,272,660,391 
395	224,659,150,230,106,802,748,52,469,799 
396	45,862,497,438,613,230,160,117,452,78 
397	469,659,35,310,9,438,748,852,686,128 
398	218,834,956,718,212,471,1057,942,608,885 
399	992,591,403,262,598,472,189,133,176,427 
400	7,451,231,797,369,137,351,155,157,342 
401	834,718,668,218,854,956,962,1051,775,839 
402	7,94,60,218,608,431,956,423,668,581 
403	423,431,634,674,65,929,554,614,794,618 
404	854,431,668,377,723,54,505,876,962,471 
405	253,369,224,216,89,659,230,351,191,842 
406	591,86,250,753,992,427,403,1034,690,688 
407	753,992,591,1151,262,472,690,598,189,1034 
408	626,629,820,399,608,450,1086,1169,322,869 
409	423,431,634,554,603,75,149,358,475,794 
410	431,65,550,423,475,618,252,258,393,765 
411	277,81,351,163,613,120,807,84,925,972 
412	252,554,929,680,237,292,586,532,393,372 
413	7,314,72,234,249,245,141,316,659,163 
414	106,674,259,730,59,47,20,689,32,694 
415	648,765,970,912,423,958,431,634,149,65 
416	797,160,650,442,249,89,565,438,21,90 
417	59,259,9,469,455,334,748,636,777,689 
418	731,86,694,250,591,334,598,787,1034,944 
419	431,423,634,520,554,527,603,614,618,1036 
420	86,612,472,598,172,133,401,805,688,37 
421	950,413,354,161,491,129,1004,432,1085,117 
422	803,120,883,280,736,461,563,719,613,568 
423	635,626,820,629,195,608,1103,399,450,15 
424	4,141,175,294,279,479,6,798,659,129 
425	9,852,659,777,166,334,995,17,748,455 
426	660,120,246,272,340,107,719,736,921,982 
427	1003,120,233,272,660,95,246,107,719,340 
428	100,479,160,175,266,497,163,14,128,424 
429	34,958,1132,1052,740,1108,283,101,56,792 
430	259,730,252,802,662,423,689,65,276,75 
431	843,84,798,145,950,175,277,128,203,659 
432	543,648,101,431,970,893,341,878,423,740 
433	7,314,38,45,280,137,613,351,67,997 
434	956,723,377,854,885,1143,1178,734,423,942 
435	100,234,342,117,303,438,263,224,497,255 
436	78,245,659,438,145,277,163,862,798,972 
437	946,528,543,542,904,260,757,1135,970,127 
438	432,772,911,413,354,203,770,1137,1000,706 
439	145,122,862,894,163,480,659,128,807,855 
440	674,431,252,634,554,75,258,662,47,603 
441	431,423,276,634,520,603,554,674,578,48 
442	30,442,160,531,890,122,202,855,997,151 
443	843,129,141,1025,927,584,294,1006,117,447 
444	86,612,172,688,472,77,392,733,753,403 
445	650,253,191,285,35,52,638,659,424,391 
446	431,423,834,218,276,854,520,668,634,1036 
447	635,759,629,820,195,849,581,1086,109,99 
448	431,423,674,634,520,276,554,149,929,475 
449	890,30,613,293,277,527,687,431,578,191 
450	659,531,45,285,128,112,249,469,494,625 
451	956,608,581,626,635,759,629,322,58,109 
452	843,447,1028,203,911,584,1004,772,1000,10 
453	413,491,852,818,802,777,970,561,740,782 
454	608,956,635,581,759,629,849,109,642,1011 
455	659,452,494,613,843,803,72,279,90,894 
456	65,618,237,475,520,258,276,75,586,794 
457	608,581,58,626,642,322,615,849,54,718 
458	791,1132,196,489,595,1172,376,260,904,517 
459	431,237,578,554,550,634,618,512,929,65 
460	140,481,843,452,122,494,124,279,203,30 
461	927,129,161,447,1025,1085,117,762,10,362 
462	802,106,799,59,47,334,777,636,748,674 
463	279,280,204,224,1021,367,488,674,77,106 
464	423,431,218,956,520,608,614,276,723,668 
465	904,465,765,244,802,489,1082,708,946,106 
466	38,279,204,293,862,371,100,497,128,369 
467	659,613,351,181,452,798,320,479,163,277 
468	314,38,280,249,245,479,122,231,266,150 
469	166,455,334,748,659,161,319,491,20,315 
470	277,659,245,199,565,686,650,469,747,72 
471	843,168,539,950,862,494,659,242,203,365 
472	843,1028,447,911,432,93,494,584,762,1038 
473	580,168,14,497,650,160,151,217,224,155 
474	431,554,806,578,586,292,532,240,662,237 
475	97,862,890,245,535,527,687,107,953,578 
476	731,250,1151,516,612,753,1034,189,733,401 
477	431,527,578,736,883,687,461,356,565,287 
478	956,608,581,423,723,431,621,668,834,60 
479	659,81,277,245,150,494,140,972,279,163 
480	218,956,377,718,723,58,505,212,471,577 
481	442,972,137,531,355,122,424,479,855,565 
482	543,978,341,970,1035,567,708,946,742,36 
483	513,403,1151,472,598,690,172,133,1034,313 
484	956,626,581,629,322,327,218,1116,914,882 
485	204,438,14,168,242,122,497,199,175,972 
486	431,634,276,520,618,578,603,929,65,237 
487	442,145,972,660,565,265,107,890,424,497 
488	98,469,686,9,565,659,14,452,852,79 
489	231,316,234,277,216,168,659,469,112,16 
490	634,149,550,929,258,662,56,276,1008,680 
491	218,58,668,608,834,615,1178,754,723,847 
492	431,527,220,687,578,461,356,237,634,276 
493	659,168,452,163,494,81,78,128,35,807 
494	531,277,157,371,862,855,199,245,285,424 
495	950,893,11,405,911,307,512,584,769,994 
496	431,423,674,634,276,520,165,554,603,1043 
497	849,635,956,218,668,776,642,1057,490,327 
498	759,426,629,195,1093,956,869,238,177,327 
499	431,252,554,634,65,618,806,578,929,276 
500	423,674,431,634,520,149,543,237,614,276 
501	635,626,759,1103,399,814,608,1086,1169,914 
502	252,282,578,220,554,240,634,65,431,603 
503	666,925,163,862,141,894,272,807,229,168 
504	753,992,403,250,86,690,172,189,1034,176 
505	970,742,648,1035,740,595,244,36,561,440 
506	4,512,89,336,431,303,480,237,371,41 
507	843,950,1028,447,203,772,1004,413,584,93 
508	279,578,431,94,890,527,277,687,554,276 
509	953,220,549,138,107,272,246,660,687,1003 
510	648,56,1155,561,269,774,1108,34,416,431 
511	777,455,166,852,995,334,20,491,842,694 
512	431,237,799,554,929,634,578,276,65,512 
513	997,442,355,894,151,234,35,231,660,202 
514	843,203,494,972,1000,140,492,1105,1028,355 
515	956,608,218,626,635,759,327,58,849,734 
516	423,431,276,475,674,662,550,614,530,393 
517	7,21,627,268,303,578,204,32,565,89 
518	799,802,106,259,730,689,32,20,59,77 
519	543,8,101,1116,978,1052,1093,642,970,629 
520	30,279,580,613,890,97,497,107,272,660 
521	280,231,862,199,30,565,245,107,270,285 
522	303,314,862,527,31,687,122,1003,246,277 
523	465,36,489,376,1135,543,158,1082,958,34 
524	101,970,341,8,893,427,765,127,958,440 
525	613,531,249,479,170,369,84,81,659,245 
526	137,230,155,96,191,21,276,431,218,668 
527	431,634,554,276,603,520,929,252,674,258 
528	204,78,140,371,893,405,766,117,230,802 
529	431,276,423,451,520,674,603,634,1043,554 
530	953,14,21,265,19,97,217,972,442,168 
531	157,351,216,52,378,186,19,1021,199,639 
532	329,217,163,160,925,479,660,807,253,199 
533	106,799,694,970,9,57,469,893,341,774 
534	950,927,129,762,1025,354,294,413,10,584 
535	843,950,1028,203,447,432,911,1000,1038,772 
536	423,149,520,554,794,618,1111,530,372,527 
537	7,279,137,431,423,276,674,520,634,603 
538	141,151,183,162,613,100,479,666,181,163 
539	442,145,160,438,35,137,163,14,660,497 
540	904,512,757,1132,517,791,946,567,161,1172 
541	45,980,303,216,234,497,438,151,162,355 
542	1093,882,629,399,1116,870,642,956,177,109 
543	591,731,690,86,513,753,403,1151,992,262 
544	423,431,634,674,65,276,258,929,614,148 
545	137,14,253,160,894,89,369,391,329,660 
546	855,438,217,14,151,953,497,150,160,199 
547	7,442,4,30,202,35,565,199,660,497 
548	282,431,218,423,668,956,520,276,834,60 
549	431,423,276,554,603,75,674,520,929,32 
550	431,634,276,554,603,674,578,75,520,618 
551	163,141,613,479,807,168,925,124,281,659 
552	282,369,431,423,276,520,634,603,554,578 
553	14,168,565,972,578,638,216,199,107,89 
554	950,447,927,129,432,762,10,770,141,93 
555	862,266,479,665,145,950,452,613,273,141 
556	137,253,438,30,67,894,650,497,855,565 
557	731,753,992,612,690,598,1151,189,715,688 
558	280,855,282,249,6,442,150,183,230,253 
559	168,89,438,217,277,253,163,424,137,452 
560	157,279,1021,431,423,674,520,634,108,276 
561	635,956,759,629,820,322,1116,642,621,1011 
562	280,512,431,237,349,97,461,452,539,1105 
563	635,626,759,629,218,322,399,668,1093,869 
564	314,7,280,797,145,277,580,151,452,424 
565	469,275,106,455,764,995,334,454,494,799 
566	431,276,75,520,618,65,674,1043,237,358 
567	431,276,520,108,423,634,603,527,554,578 
568	106,802,799,20,455,852,166,659,59,694 
569	97,431,527,276,520,634,554,603,578,423 
570	7,45,303,137,293,122,277,199,107,660 
571	431,423,276,520,527,554,358,618,578,1111 
572	802,799,47,730,334,689,636,9,469,788 
573	659,168,320,249,494,7,798,310,972,747 
574	469,802,799,9,106,748,659,455,852,175 
575	137,183,19,21,245,216,953,639,277,527 
576	431,423,276,520,554,603,614,527,578,75 
577	255,480,972,230,580,497,84,650,224,22 
578	608,635,626,759,956,629,581,1116,322,882 
579	431,554,634,276,520,578,603,527,75,48 
580	151,67,168,163,855,438,329,807,6,925 
581	426,629,195,1103,104,399,525,238,914,1168 
582	893,543,783,465,904,648,101,376,339,708 
583	431,423,634,520,674,149,554,237,614,603 
584	423,431,218,834,668,520,1036,276,614,723 
585	7,137,231,862,613,157,249,199,438,217 
586	843,203,81,950,1028,494,1000,365,447,273 
587	925,163,666,340,272,419,630,120,563,229 
588	731,608,956,58,60,759,176,642,86,1061 
589	403,472,172,133,1034,335,82,496,978,313 
590	431,423,276,554,520,603,75,358,614,929 
591	950,843,129,531,117,803,911,141,659,447 
592	894,168,163,391,925,35,660,265,807,6 
593	423,431,554,75,276,65,618,520,929,258 
594	218,668,608,834,377,734,581,663,754,926 
595	950,512,742,161,469,247,777,129,354,117 
596	613,953,997,797,442,438,202,424,242,479 
597	280,371,242,531,438,31,277,30,266,151 
598	862,438,72,452,122,150,659,35,128,497 
599	181,950,131,659,843,141,681,129,154,762 
600	163,6,100,141,481,78,659,807,438,351 
601	218,956,668,58,608,60,834,377,212,854 
602	843,950,447,203,911,432,584,117,1038,1000 
603	950,491,659,852,413,706,284,447,1028,17 
604	140,145,894,163,151,137,997,424,807,391 
605	442,145,580,253,438,480,163,497,175,807 
606	431,554,634,578,252,618,237,550,603,586 
607	759,608,250,820,1151,343,399,86,956,513 
608	581,626,759,629,218,322,15,399,195,734 
609	106,799,469,47,334,455,995,777,636,730 
610	660,95,120,272,535,107,340,925,160,246 
611	218,608,668,58,615,591,343,642,820,731 
612	634,929,75,276,149,586,532,237,292,372 
613	336,351,369,231,168,531,78,565,220,191 
614	912,740,423,56,958,970,431,794,475,258 
615	956,218,58,668,615,195,642,751,15,754 
616	608,635,626,629,759,327,218,58,914,195 
617	151,160,894,660,163,925,272,807,120,497 
618	451,279,230,155,45,431,191,19,520,237 
619	431,423,634,554,618,149,603,65,475,614 
620	314,862,140,30,145,14,89,217,497,355 
621	659,6,140,100,160,351,141,452,479,163 
622	814,1093,195,399,914,1011,450,177,422,734 
623	660,95,1003,272,120,246,107,242,391,736 
624	202,137,531,660,890,479,355,272,972,265 
625	160,953,122,442,220,797,100,14,855,565 
626	531,217,145,168,272,199,14,660,329,972 
627	168,660,329,202,549,253,163,925,497,972 
628	618,634,65,1046,806,237,252,932,532,372 
629	242,168,613,124,479,266,972,803,84,245 
630	1021,443,137,218,668,731,39,335,688,516 
631	956,608,581,218,626,635,759,58,1057,751 
632	956,581,218,327,759,629,15,377,642,109 
633	45,94,100,52,237,89,431,21,789,578 
634	336,141,145,659,128,280,351,843,894,163 
635	314,303,797,531,89,168,145,163,277,807 
636	972,442,531,580,216,565,155,659,79,220 
637	608,60,218,635,1116,581,626,15,978,343 
638	329,862,4,163,660,479,925,807,175,217 
639	78,378,405,141,266,539,45,117,151,129 
640	759,635,626,426,104,1116,427,882,629,642 
641	155,137,270,431,423,674,276,603,520,1043 
642	336,950,589,279,665,131,117,659,170,242 
643	45,431,233,527,578,276,216,687,554,603 
644	431,423,554,520,603,75,618,358,527,1111 
645	431,276,423,520,603,634,674,578,554,1043 
646	403,262,1151,733,1093,313,978,99,598,608 
647	423,431,639,276,520,614,634,674,603,48 
648	218,956,668,58,377,718,471,1178,577,926 
649	431,550,618,65,237,252,806,586,929,932 
650	992,753,403,1151,1034,427,690,612,262,759 
651	765,543,799,774,101,36,745,893,77,260 
652	950,129,141,1025,117,294,1006,911,584,405 
653	31,157,980,183,369,204,55,159,688,276 
654	427,731,893,978,690,591,688,403,1034,944 
655	608,956,635,626,581,759,629,849,1093,109 
656	431,423,276,520,1036,527,603,218,854,554 
657	351,168,137,442,531,479,151,234,217,100 
658	774,783,893,648,1132,341,1035,740,1180,1172 
659	925,340,163,272,419,563,630,120,921,807 
660	21,157,220,265,19,660,107,272,424,199 
661	294,141,403,300,927,129,405,1006,1025,86 
662	956,608,218,581,327,626,322,629,663,834 
663	634,149,520,276,554,614,75,65,237,674 
664	791,708,595,376,757,543,970,783,247,235 
665	608,635,581,759,629,109,58,1116,882,177 
666	950,843,141,659,762,281,294,129,911,625 
667	221,431,237,220,233,100,282,461,578,527 
668	956,668,718,377,854,58,615,962,1051,775 
669	218,58,668,834,608,377,1057,723,581,663 
670	218,956,668,615,751,54,816,126,1178,723 
671	608,635,629,626,195,581,814,882,525,322 
672	163,141,336,613,864,807,253,659,181,281 
673	45,265,660,249,890,14,107,21,199,272 
674	469,686,852,659,565,748,455,494,361,457 
675	218,668,956,58,834,54,926,471,962,816 
676	742,802,247,106,774,386,446,777,1180,740 
677	431,276,108,423,520,603,634,578,554,1043 
678	852,17,491,166,950,9,275,777,362,494 
679	202,369,549,277,138,145,660,14,107,272 
680	797,282,789,150,131,124,303,766,266,175 
681	802,106,799,259,59,674,730,689,636,32 
682	802,799,742,20,469,561,995,783,228,745 
683	925,138,660,163,340,272,666,419,107,807 
684	956,218,668,58,377,615,1057,212,471,663 
685	635,626,426,1093,629,195,104,870,450,15 
686	280,137,862,650,265,497,660,199,107,272 
687	106,802,799,694,469,9,59,659,77,334 
688	155,221,674,159,431,423,520,237,543,101 
689	293,303,336,280,249,151,100,438,659,894 
690	660,120,95,272,340,925,921,1003,563,666 
691	465,567,904,791,1132,376,528,196,757,958 
692	1003,95,660,120,272,246,719,107,736,687 
693	731,591,250,86,1151,172,176,598,1034,787 
694	451,314,512,431,1021,237,648,186,878,893 
695	438,230,371,145,277,224,253,580,150,972 
696	303,953,336,862,217,137,272,351,391,100 
697	202,797,14,442,160,890,565,30,107,285 
698	742,196,247,1135,979,1035,386,648,339,1108 
699	659,469,748,106,802,9,799,825,17,166 
700	570,362,487,9,1188,17,1127,843,927,995 
701	218,668,377,58,962,608,754,505,776,407 
702	512,742,561,648,247,543,878,8,891,405 
703	427,978,543,893,101,1116,759,970,602,1035 
704	280,279,580,369,231,494,90,843,659,285 
705	7,371,674,52,431,276,423,1043,603,520 
706	956,581,629,759,322,814,218,109,1116,490 
707	591,250,513,612,690,472,598,176,1151,262 
708	250,753,86,403,690,1151,172,176,262,688 
709	608,635,626,327,759,629,849,668,1057,914 
710	554,634,276,618,603,75,287,358,423,237 
711	216,660,277,249,220,272,107,120,160,972 
712	250,86,753,513,690,1151,403,612,176,787 
713	67,480,168,89,613,163,280,140,807,72 
714	843,798,950,452,531,145,659,280,154,128 
715	140,230,89,197,650,94,255,151,168,797 
716	20,694,455,748,77,777,995,259,659,825 
717	843,203,494,351,1000,242,120,1028,950,563 
718	1003,145,120,736,883,719,687,272,527,95 
719	591,86,612,262,598,189,472,690,1034,944 
720	250,513,472,690,172,262,133,176,805,343 
721	740,34,431,634,269,1052,1035,792,794,127 
722	431,634,603,75,618,578,929,358,252,48 
723	218,58,668,608,834,377,734,212,581,839 
724	731,1151,690,598,472,189,1034,133,176,978 
725	221,137,431,578,554,87,634,276,237,603 
726	285,660,316,160,107,972,163,351,659,79 
727	759,608,195,849,870,322,642,914,1169,343 
728	659,469,491,852,413,161,777,843,17,362 
729	950,843,303,141,129,659,911,762,154,294 
730	431,423,276,520,674,603,929,1043,237,65 
731	550,634,618,237,65,252,586,929,1046,806 
732	659,175,950,843,131,494,141,625,281,762 
733	634,794,662,393,292,252,680,237,520,1176 
734	608,635,626,759,218,322,814,621,1093,177 
735	591,250,513,690,992,598,176,472,172,944 
736	230,279,431,237,554,512,634,520,276,648 
737	950,843,129,911,141,117,1025,927,447,584 
738	635,820,882,1093,581,399,869,1011,104,1168 
739	512,950,117,161,129,354,413,893,927,774 
740	634,431,674,614,520,65,475,258,554,794 
741	89,151,168,972,371,97,438,555,480,217 
742	7,45,78,303,204,613,151,128,659,798 
743	613,659,245,141,163,181,894,855,807,145 
744	950,198,129,141,843,117,659,294,911,762 
745	7,314,279,280,140,303,78,14,234,497 
746	4,890,660,265,497,14,272,797,138,107 
747	155,218,668,431,834,854,423,276,956,520 
748	7,242,451,183,137,355,234,231,128,141 
749	7,38,279,140,216,438,277,89,424,204 
750	956,854,58,926,54,816,471,923,212,718 
751	163,145,862,480,807,216,351,316,925,22 
752	626,629,426,195,956,450,322,914,1086,1011 
753	980,280,218,668,956,58,926,60,834,377 
754	100,479,168,150,266,163,141,67,807,371 
755	141,371,253,659,438,294,14,163,479,842 
756	567,101,8,595,528,427,708,244,36,978 
757	635,608,626,759,629,956,820,814,322,870 
758	802,106,799,20,59,259,334,9,455,777 
759	634,149,543,65,550,648,554,740,912,237 
760	613,216,660,249,107,272,14,120,972,95 
761	1085,1042,570,772,432,1004,487,706,911,1127 
762	950,659,413,911,447,1028,762,432,129,491 
763	181,613,78,128,659,316,141,855,253,266 
764	650,265,660,272,369,107,95,120,1003,246 
765	635,626,759,956,1116,642,322,343,177,751 
766	992,250,472,598,1151,172,1034,401,715,313 
767	635,626,759,956,629,581,820,1116,399,914 
768	956,834,58,718,54,615,1178,734,926,505 
769	155,137,674,276,1043,199,578,237,32,431 
770	802,106,799,59,694,730,334,689,788,142 
771	674,423,259,730,47,689,106,276,603,77 
772	512,45,237,431,349,154,648,160,94,589 
773	431,423,276,618,75,929,65,674,252,1043 
774	431,634,554,618,674,520,149,252,578,475 
775	140,351,160,613,89,220,151,565,461,90 
776	269,970,774,561,465,359,431,946,783,904 
777	78,659,253,163,894,128,141,452,807,480 
778	218,58,327,668,377,635,718,751,126,814 
779	608,626,581,218,327,58,759,849,751,377 
780	174,853,776,1051,569,471,1057,218,668,734 
781	925,340,272,563,120,419,921,666,107,630 
782	956,218,608,58,668,1057,54,1178,212,1143 
783	956,581,635,626,759,629,218,327,814,399 
784	659,491,354,1042,161,129,911,570,432,927 
785	950,117,927,512,354,405,161,881,659,1025 
786	151,480,89,84,803,231,263,589,203,843 
787	668,58,956,663,690,343,642,506,751,212 
788	946,1132,36,196,260,757,1135,920,1108,1155 
789	950,141,131,405,665,294,129,117,1006,881 
790	953,220,687,527,1003,660,107,736,272,95 
791	431,423,520,554,603,674,75,618,929,1043 
792	336,293,137,613,157,220,972,249,565,107 
793	100,650,137,972,438,497,151,890,22,747 
794	67,249,89,972,122,438,100,14,202,480 
795	802,106,799,59,259,47,334,9,469,636 
796	608,581,626,635,327,759,629,615,126,642 
797	893,427,8,341,978,60,1035,765,742,127 
798	956,608,626,635,581,58,668,751,814,109 
799	218,834,615,668,734,718,1178,854,776,327 
800	626,629,608,399,1103,104,15,177,1086,490 
801	175,479,141,168,862,163,659,279,807,81 
802	431,423,276,634,520,554,674,603,1043,237 
803	80,218,668,956,58,60,608,926,816,834 
804	314,38,45,336,316,14,659,442,452,894 
805	279,14,4,531,277,497,89,199,555,97 
806	591,690,250,1088,218,60,668,176,172,58 
807	259,799,802,730,689,20,59,77,32,1043 
808	431,423,149,618,475,75,674,237,520,648 
809	250,731,513,86,176,612,195,668,58,189 
810	293,45,659,336,766,224,106,802,825,141 
811	157,60,218,608,688,731,974,668,956,58 
812	265,531,145,660,391,231,272,220,797,35 
813	431,423,276,634,527,603,554,218,668,834 
814	950,432,911,927,10,354,93,1004,413,770 
815	660,216,442,329,4,163,391,925,272,807 
816	431,423,634,520,149,614,554,929,237,674 
817	314,279,797,234,100,151,168,531,972,266 
818	423,634,554,520,75,618,1043,614,48,149 
819	431,423,276,520,618,578,929,237,48,527 
820	469,659,224,9,308,160,852,638,686,175 
821	731,250,591,598,513,172,690,472,77,133 
822	431,423,634,520,224,276,674,554,603,237 
823	95,120,719,687,107,527,340,736,982,821 
824	668,718,956,377,854,54,734,471,723,1068 
825	608,626,635,581,759,629,218,58,820,1116 
826	591,250,86,513,690,403,172,598,189,82 
827	997,242,650,145,202,107,972,424,19,272 
828	423,431,65,554,75,618,603,520,475,530 
829	21,220,221,855,371,199,186,204,122,224 
830	431,634,554,75,65,520,149,475,1043,148 
831	431,423,634,276,520,108,674,554,603,237 
832	218,668,834,854,431,956,377,718,58,816 
833	608,956,635,626,322,15,195,1011,1093,734 
834	431,648,634,56,65,475,740,543,618,416 
835	431,423,634,554,520,149,618,929,1043,358 
836	635,626,629,882,820,195,608,581,1086,15 
837	591,731,86,513,612,472,176,335,1088,944 
838	970,341,765,8,427,440,1035,528,978,708 
839	956,608,581,626,635,759,629,322,642,1011 
840	1003,660,246,95,272,687,527,120,736,719 
841	7,38,45,303,336,4,202,160,272,660 
842	956,608,581,635,626,759,58,399,177,377 
843	613,157,233,660,272,107,1003,120,687,95 
844	145,613,168,351,481,266,452,894,30,807 
845	168,580,160,438,855,217,67,163,452,231 
846	431,634,276,423,520,603,578,527,358,237 
847	242,168,124,452,245,438,497,170,128,266 
848	862,890,265,578,245,107,216,199,687,497 
849	280,245,279,613,140,452,163,128,253,807 
850	431,634,423,618,75,252,603,929,258,662 
851	447,1028,203,432,911,1000,1038,494,584,772 
852	567,708,946,36,34,465,528,958,1132,1172 
853	613,972,22,481,438,803,659,953,494,122 
854	635,626,1093,1116,629,343,943,8,581,1151 
855	218,608,58,668,327,734,718,54,626,212 
856	431,423,634,520,554,1036,614,149,1043,530 
857	489,542,1135,1035,740,765,446,1155,1052,1180 
858	252,431,806,65,237,932,586,292,532,662 
859	834,668,956,854,377,615,1178,471,775,876 
860	423,634,65,75,554,276,662,149,929,520 
861	218,668,58,956,688,926,591,1088,608,816 
862	843,659,531,175,84,150,494,950,253,360 
863	834,377,962,54,956,615,577,471,212,1089 
864	280,89,512,351,216,431,197,461,890,452 
865	635,820,1093,426,814,882,1116,525,104,621 
866	72,224,681,155,316,371,303,659,277,349 
867	282,183,369,431,193,423,520,218,276,668 
868	277,145,151,120,272,369,1003,660,138,391 
869	608,635,626,956,759,581,629,177,402,490 
870	567,489,1172,595,260,1135,1108,740,765,446 
871	543,244,36,196,958,376,904,742,1172,269 
872	129,843,10,354,294,762,911,994,1085,117 
873	759,635,956,820,629,626,195,1116,58,849 
874	279,45,31,230,97,197,855,191,199,220 
875	7,38,280,140,293,580,234,438,282,168 
876	431,423,96,634,520,149,614,218,956,276 
877	60,688,731,978,591,218,11,974,608,427 
878	38,216,369,797,168,160,202,89,220,100 
879	249,531,355,479,100,231,137,890,894,369 
880	608,668,327,626,734,54,759,1178,723,820 
881	554,634,276,423,520,603,578,237,674,48 
882	423,276,674,603,520,554,614,1043,75,578 
883	100,659,950,141,294,281,129,762,625,843 
884	336,216,442,894,355,660,925,163,497,272 
885	86,513,753,403,516,1034,787,401,82,1088 
886	314,140,72,100,369,613,438,230,175,151 
887	950,843,659,762,129,141,911,413,625,494 
888	731,799,893,591,86,1151,77,688,59,787 
889	279,369,230,201,855,351,31,155,204,100 
890	1021,639,423,218,60,731,608,974,668,956 
891	279,140,369,371,351,799,41,802,106,674 
892	431,423,634,554,75,618,520,929,662,614 
893	175,351,137,242,253,369,316,6,659,862 
894	626,759,629,1093,608,1103,195,956,322,914 
895	218,834,58,668,608,377,718,723,327,663 
896	168,145,862,163,479,438,807,6,35,659 
897	14,221,578,862,107,245,821,216,890,565 
898	155,270,431,423,276,520,634,603,614,218 
899	7,151,451,303,336,798,950,279,117,843 
900	668,718,431,615,962,54,212,1089,471,58 
901	7,31,157,221,280,367,60,431,423,520 
902	659,280,181,253,452,145,277,894,81,803 
903	195,426,525,992,1116,943,1093,104,612,164 
904	469,802,748,20,995,852,334,694,315,825 
905	30,280,336,137,21,265,220,145,660,107 
906	314,279,204,371,100,613,481,14,96,128 
907	802,742,106,469,9,995,852,334,455,950 
908	591,86,472,598,1151,172,133,1034,805,917 
909	635,626,608,629,956,820,1093,814,870,58 
910	950,659,129,911,762,413,447,141,354,432 
911	36,542,757,595,742,543,1035,1108,269,386 
912	431,423,765,740,929,149,56,475,554,662 
913	798,659,141,953,316,843,163,22,613,665 
914	86,688,427,1151,787,405,106,82,189,172 
915	950,843,659,447,413,491,911,129,354,432 
916	314,7,4,45,336,355,168,277,855,84 
917	191,438,249,201,277,855,580,638,424,497 
918	531,217,145,160,894,202,660,272,35,231 
919	431,423,554,75,618,65,149,578,237,258 
920	151,45,141,950,145,843,659,953,162,279 
921	802,799,674,259,77,59,730,20,689,47 
922	14,216,249,220,797,565,107,497,660,122 
923	608,218,58,581,327,1057,734,635,663,1178 
924	950,129,927,742,354,447,413,1025,893,10 
925	7,282,280,980,19,270,342,674,276,165 
926	618,554,932,586,532,292,237,662,1046,372 
927	893,742,101,970,431,11,237,740,1035,357 
928	791,543,595,465,489,196,904,757,1172,376 
929	820,629,195,399,525,814,581,1169,15,164 
930	431,554,634,276,618,237,252,603,287,520 
931	472,598,1151,189,215,82,401,496,427,759 
932	314,45,280,230,303,89,98,371,972,253 
933	7,314,799,802,106,237,382,742,674,512 
934	753,513,992,690,172,1151,176,262,401,688 
935	591,250,86,1151,262,598,472,189,1034,176 
936	799,20,59,161,259,636,315,77,47,748 
937	249,145,217,89,277,438,497,14,128,150 
938	580,231,438,953,122,277,160,217,253,266 
939	659,438,452,481,100,150,494,14,35,894 
940	668,854,718,54,608,577,816,212,505,775 
941	100,150,163,580,894,253,807,141,6,277 
942	378,431,423,218,87,956,520,668,634,276 
943	231,157,31,230,431,423,520,276,634,603 
944	431,554,423,252,618,603,520,906,1043,358 
945	799,802,259,106,674,47,20,59,1043,636 
946	423,276,634,603,614,520,1043,48,554,1036 
947	950,349,129,141,589,405,117,881,294,279 
948	106,455,17,659,20,166,995,825,852,777 
949	834,218,854,58,54,1178,962,734,1051,839 
950	431,218,668,834,854,423,276,377,956,718 
951	731,591,802,688,690,405,427,106,250,799 
952	1028,93,911,141,203,762,447,432,129,659 
953	231,157,137,351,221,293,578,199,565,145 
954	282,606,218,668,956,58,431,834,854,60 
955	157,282,221,27,218,668,956,431,60,58 
956	38,314,303,280,277,442,202,217,497,199 
957	216,245,242,100,89,479,22,890,481,438 
958	122,141,855,163,78,479,438,864,862,659 
959	253,659,14,231,452,128,145,155,224,497 
960	956,834,668,58,718,54,734,471,723,1068 
961	168,145,160,163,253,277,807,660,351,137 
962	431,578,554,634,276,603,287,687,48,618 
963	280,140,183,204,1021,639,342,217,497,199 
964	183,280,96,1021,369,45,197,19,688,52 
965	742,799,512,802,893,970,765,237,106,648 
966	231,451,45,369,183,797,14,100,97,650 
967	927,447,1025,117,584,354,10,432,1028,413 
968	591,250,86,1151,262,172,598,189,1034,133 
969	168,797,480,120,613,568,89,563,497,272 
970	145,163,137,329,580,659,122,6,424,30 
971	543,1035,512,765,244,359,324,196,376,791 
972	218,668,956,718,54,615,775,1057,942,734 
973	843,1028,447,141,129,93,762,432,203,659 
974	431,423,634,520,276,554,603,527,614,218 
975	956,218,668,718,723,58,962,1178,734,885 
976	218,668,834,58,854,54,608,577,1057,816 
977	561,774,543,904,946,765,792,359,489,283 
978	442,140,480,81,613,202,120,35,329,563 
979	7,231,279,282,96,191,342,741,293,80 
980	843,950,798,141,1028,93,203,911,659,762 
981	218,668,58,615,834,54,577,926,754,327 
982	648,893,247,970,774,357,1155,341,237,269 
983	431,423,276,96,674,520,634,603,554,1043 
984	157,38,578,431,87,554,237,634,252,276 
985	431,276,423,603,520,634,554,48,1043,674 
986	843,203,145,950,1028,120,1000,497,91,494 
987	431,237,220,578,21,89,461,527,972,191 
988	7,314,451,96,137,14,481,72,217,242 
989	141,294,950,129,659,405,762,881,281,1121 
990	442,371,72,580,855,175,242,14,245,972 
991	1021,193,218,668,956,58,60,608,688,731 
992	635,626,759,581,956,820,399,327,109,870 
993	659,613,131,798,141,294,842,281,625,242 
994	145,277,442,890,217,497,220,479,391,660 
995	512,893,742,247,561,950,341,405,648,129 
996	7,280,155,230,224,191,157,303,52,245 
997	282,431,423,634,276,520,674,554,603,237 
998	423,634,276,75,603,929,358,578,530,372 
999	204,481,38,224,355,438,342,766,405,117 
1000	862,145,580,163,67,351,175,807,452,128 
1001	7,231,980,97,19,122,265,201,855,997 
1002	549,660,138,272,120,231,107,479,95,972 
1003	950,354,432,911,584,1004,1028,1025,129,491 
1004	369,438,224,14,124,151,266,659,168,230 
1005	953,30,140,4,137,160,855,329,163,272 
1006	163,925,660,151,807,666,272,630,340,563 
1007	431,634,554,276,423,252,65,618,520,578 
1008	591,731,86,403,992,612,472,172,176,335 
1009	218,58,854,377,718,926,471,751,1178,775 
1010	45,157,369,613,220,233,277,199,4,107 
1011	218,956,668,834,58,377,1178,734,723,942 
1012	157,314,282,155,201,336,31,1021,14,220 
1013	431,276,520,527,634,423,603,578,358,48 
1014	591,753,731,513,86,992,1151,172,189,262 
1015	314,38,45,293,140,4,438,855,122,175 
1016	1003,246,527,687,120,719,272,736,95,883 
1017	731,802,591,86,250,1151,799,688,516,513 
1018	543,893,366,759,970,891,683,943,1034,515 
1019	280,293,855,242,89,217,497,137,224,141 
1020	447,354,432,129,491,1004,584,772,362,659 
1021	277,580,438,145,4,797,89,52,78,497 
1022	4,266,242,442,438,855,378,953,72,342 
1023	731,86,612,1151,516,513,598,992,753,802 
1024	883,736,1003,461,719,900,203,396,563,568 
1025	950,803,843,170,141,911,117,203,129,659 
1026	512,742,893,101,357,765,341,1155,416,912 
1027	799,20,259,59,742,77,636,543,730,469 
1028	950,843,665,659,22,911,351,1028,203,447 
1029	59,799,77,259,86,57,745,446,250,774 
1030	451,193,314,39,11,204,641,688,60,759 
1031	234,613,253,747,481,494,492,565,564,154 
1032	843,950,203,447,911,432,494,1000,93,584 
1033	591,250,1151,690,513,753,403,472,427,978 
1034	7,204,423,674,614,520,431,799,657,60 
1035	38,4,481,124,181,140,175,659,170,320 
1036	140,674,799,32,1043,106,730,199,276,802 
1037	280,204,279,89,369,198,117,336,405,893 
1038	862,953,122,890,660,272,650,107,391,120 
1039	591,992,86,1151,403,427,1034,82,612,262 
1040	45,277,145,282,30,855,972,202,997,122 
1041	626,629,759,195,882,15,450,642,1169,915 
1042	431,276,554,237,520,578,634,674,603,1043 
1043	731,591,250,513,86,690,176,1151,820,335 
1044	956,608,581,58,327,626,1057,377,663,847 
1045	314,7,78,72,181,659,798,452,131,145 
1046	276,423,634,554,520,603,578,674,48,237 
1047	431,603,554,674,75,520,1043,578,48,65 
1048	94,237,186,431,578,862,168,204,627,78 
1049	137,280,155,96,431,218,423,668,276,520 
1050	802,469,9,748,59,455,259,334,995,17 
1051	145,140,479,122,351,803,249,128,150,22 
1052	469,9,334,1031,783,77,57,937,47,319 
1053	427,86,591,1151,753,82,341,405,8,189 
1054	802,106,351,799,137,100,216,627,201,855 
1055	580,145,163,175,150,438,807,329,128,277 
1056	759,608,629,581,956,322,327,450,621,1168 
1057	218,956,834,377,854,54,615,734,1089,847 
1058	231,157,183,201,378,270,431,276,674,520 
1059	950,843,681,129,78,659,117,447,911,84 
1060	446,783,1132,1135,260,196,517,979,542,595 
1061	231,7,282,155,650,423,431,276,218,674 
1062	355,168,479,660,35,890,202,163,272,972 
1063	218,581,327,626,635,58,1057,663,814,642 
1064	355,277,862,894,35,972,78,199,67,659 
1065	413,469,852,454,17,494,748,161,570,166 
1066	431,634,674,276,603,520,1043,578,48,32 
1067	659,140,843,531,950,175,154,150,145,285 
1068	145,242,438,163,452,953,100,659,128,6 
1069	4,45,480,89,277,124,843,253,438,659 
1070	580,145,224,371,220,191,972,19,531,78 
1071	276,554,634,520,423,603,578,237,674,48 
1072	431,554,276,603,520,65,618,1043,258,578 
1073	659,447,494,491,432,911,1028,1000,706,772 
1074	7,279,140,45,96,201,197,100,580,21 
1075	543,742,970,648,427,765,8,740,878,34 
1076	218,668,834,377,718,926,212,615,577,471 
1077	218,668,58,591,608,731,1088,690,663,54 
1078	608,327,195,399,1116,621,642,422,1169,915 
1079	659,469,480,494,852,249,166,748,625,491 
1080	145,220,890,30,282,202,233,424,191,797 
1081	438,234,100,253,137,151,78,72,659,371 
1082	608,956,759,626,581,218,58,642,814,343 
1083	431,668,218,834,276,520,718,377,423,854 
1084	635,608,759,956,629,814,849,1116,642,1011 
1085	759,1093,820,629,525,399,870,956,238,8 
1086	956,218,608,581,1057,58,834,668,751,759 
1087	431,423,554,276,75,520,65,603,237,258 
1088	336,78,141,613,480,659,162,438,855,217 
1089	96,218,668,688,60,58,956,591,731,608 
1090	431,423,634,276,520,554,603,358,75,614 
1091	431,423,276,520,554,674,618,929,1043,237 
1092	230,442,204,371,855,160,497,224,452,316 
1093	956,635,626,759,581,629,849,218,1093,668 
1094	7,314,862,613,217,953,650,497,168,442 
1095	480,843,950,72,84,22,45,659,494,203 
1096	797,216,336,242,442,145,128,479,183,197 
1097	956,608,218,581,327,58,626,635,734,642 
1098	431,634,554,276,520,578,929,65,237,48 
1099	293,266,862,371,175,145,438,452,117,589 
1100	635,626,1093,849,343,426,313,870,978,427 
1101	431,578,554,108,237,634,276,618,603,520 
1102	731,612,1151,262,172,944,805,37,917,343 
1103	659,279,175,277,100,145,494,972,798,310 
1104	250,86,690,1151,513,753,172,1034,688,335 
1105	659,748,469,106,802,9,825,842,112,17 
1106	431,276,634,554,520,578,674,1043,48,618 
1107	893,427,731,561,82,1025,513,366,992,117 
1108	820,1093,1103,608,814,956,322,1086,15,402 
1109	431,276,520,423,634,554,603,237,578,527 
1110	731,591,250,86,690,787,992,403,612,262 
1111	218,956,854,377,718,723,577,471,816,615 
1112	668,854,377,718,431,54,58,471,962,212 
1113	218,956,668,58,834,608,54,926,816,458 
1114	431,634,276,423,1043,252,75,578,32,730 
1115	423,520,276,149,554,614,674,603,929,237 
1116	279,45,266,96,342,855,862,145,798,117 
1117	87,423,431,614,286,520,674,634,276,603 
1118	431,634,276,603,520,618,252,929,48,1043 
1119	542,376,1052,1035,440,774,247,269,912,832 
1120	427,759,943,399,608,343,195,629,688,15 
1121	634,554,65,276,149,674,603,520,614,530 
1122	742,561,543,247,341,970,740,904,791,269 
1123	38,191,351,14,216,580,578,431,276,527 
1124	956,218,608,58,668,615,377,663,212,577 
1125	7,78,150,181,316,798,659,131,141,266 
1126	580,168,480,163,280,807,481,81,452,35 
1127	218,58,377,615,608,751,663,723,847,126 
1128	731,591,690,86,688,513,992,172,787,598 
1129	155,137,378,431,423,19,520,218,276,614 
