0	93,634,4,264,764,853,482,1050,9,387 
1	219,363,250,96,110,1175,439,770,90,1092 
2	161,53,240,953,253,83,425,9,41,111 
3	324,1347,866,360,676,1194,470,20,146,250 
4	853,224,9,243,116,958,272,920,395,110 
5	224,264,360,71,1076,470,548,83,1010,866 
6	204,1071,205,161,135,425,905,450,1459,263 
7	1232,20,569,9,1078,719,243,1013,628,264 
8	439,245,361,235,847,12,264,884,224,218 
9	9,127,439,522,243,96,286,548,626,1109 
10	722,83,157,1044,307,71,277,1107,614,317 
11	380,171,1145,584,697,116,1109,655,79,684 
12	5,20,987,374,451,62,387,713,726,644 
13	467,13,455,62,264,374,1078,1181,271,1145 
14	676,357,8,1059,256,1136,142,743,899,782 
15	218,1071,543,1169,893,522,71,904,264,177 
16	361,771,760,844,327,60,672,483,719,588 
17	911,218,1247,1044,292,1335,866,337,79,467 
18	521,470,25,127,157,110,883,92,904,1145 
19	42,738,1084,1044,628,83,1076,10,614,439 
20	116,997,810,20,271,467,844,451,884,672 
21	584,224,1061,218,975,20,397,280,363,1247 
22	66,235,194,1115,1166,1042,132,754,157,307 
23	119,718,307,387,600,522,202,380,3,250 
24	393,853,550,457,202,9,212,374,19,157 
25	422,999,18,748,257,1271,652,882,244,432 
26	1107,618,782,424,577,521,1240,292,1274,294 
27	116,360,397,550,676,361,238,584,975,847 
28	940,357,198,1398,364,824,1266,7,771,496 
29	219,572,800,28,958,1302,1317,939,1115,1076 
30	5,235,344,194,1044,1002,271,28,264,157 
31	1417,119,900,493,324,899,459,94,522,1071 
32	844,1001,387,548,20,1423,423,397,518,829 
33	71,20,330,90,628,238,799,304,1201,387 
34	750,33,1160,220,121,1022,235,697,71,559 
35	618,18,516,292,672,1388,676,71,1384,644 
36	1078,997,960,360,467,357,627,644,238,53 
37	193,672,577,422,497,810,899,709,116,1460 
38	194,816,910,628,1044,28,425,632,80,1423 
39	942,38,1266,1287,327,1274,498,191,12,271 
40	116,264,670,810,713,71,360,62,361,79 
41	1315,1323,1071,673,424,1261,900,531,106,522 
42	387,9,292,644,238,277,191,670,563,1071 
43	271,277,1044,1146,614,317,25,310,730,455 
44	1445,592,339,28,94,1452,98,784,800,958 
45	353,20,292,14,116,847,907,518,53,843 
46	684,853,859,397,920,324,990,292,1205,1347 
47	360,387,1185,146,655,853,1398,451,839,1076 
48	218,353,387,451,810,1085,277,1130,220,7 
49	600,202,116,110,550,457,96,3,901,146 
50	489,422,328,1130,191,360,407,600,18,928 
51	360,387,531,853,558,1071,480,1031,350,684 
52	446,1107,121,672,264,1287,7,139,353,1044 
53	116,404,600,79,63,224,1059,522,324,3 
54	1102,1109,750,328,380,416,25,198,954,511 
55	676,593,782,1059,61,79,579,224,255,779 
56	20,79,25,470,670,810,1076,600,548,522 
57	470,676,146,361,9,882,1045,768,353,907 
58	55,1109,159,352,1251,33,220,582,71,191 
59	301,218,62,810,121,1044,194,413,563,471 
60	9,360,387,292,238,522,1044,218,18,413 
61	23,771,628,1323,437,194,420,782,847,953 
62	782,129,357,963,439,91,836,61,1209,244 
63	9,116,212,20,782,238,853,1059,522,960 
64	43,1118,975,305,990,950,778,299,897,273 
65	714,396,424,432,1034,406,1145,296,1274,953 
66	244,9,110,1247,79,1271,478,963,387,697 
67	20,387,853,514,324,627,294,1130,422,1315 
68	324,116,277,514,593,760,882,600,470,361 
69	1284,614,1132,28,159,42,450,1019,587,690 
70	983,953,705,450,524,1443,367,845,619,973 
71	9,191,324,600,760,79,899,232,1024,407 
72	905,672,235,413,1049,569,910,572,1422,284 
73	220,1010,1281,135,304,20,528,370,202,426 
74	20,866,844,1423,810,423,451,1140,464,1078 
75	683,1045,937,307,9,584,1240,110,364,357 
76	191,1341,12,218,496,1417,439,5,214,287 
77	292,1247,364,361,18,708,53,676,94,73 
78	121,53,62,212,684,13,307,5,859,588 
79	20,9,116,1232,357,599,1074,627,470,387 
80	632,93,810,286,253,1084,765,395,53,1132 
81	66,67,1097,953,1460,1364,1044,1443,614,161 
82	360,387,627,292,294,90,782,683,149,264 
83	9,224,713,116,127,71,307,90,1071,600 
84	277,683,218,119,708,1175,159,96,586,468 
85	1250,810,253,1175,1072,271,324,748,177,62 
86	360,286,593,960,670,294,457,119,424,397 
87	286,361,1323,799,1384,1219,2,470,498,256 
88	853,127,361,457,94,96,1315,432,531,1017 
89	983,556,524,1254,450,614,240,326,488,637 
90	722,816,425,619,1117,1115,810,572,28,1132 
91	9,1085,20,522,71,116,18,218,626,127 
92	42,953,445,1135,951,111,524,886,730,748 
93	224,71,407,857,146,328,110,405,937,563 
94	697,8,1232,599,531,96,317,670,422,480 
95	116,866,218,522,1344,517,470,243,844,1271 
96	1424,71,1034,954,1068,543,391,18,157,606 
97	470,1071,782,244,202,387,721,89,432,1102 
98	212,121,20,202,467,599,451,25,1209,1266 
99	980,71,1107,286,47,9,127,928,543,684 
100	224,4,204,1225,71,5,655,12,121,127 
101	1031,387,713,292,1315,90,1194,866,467,413 
102	514,238,110,96,1390,202,853,1001,600,139 
103	146,853,324,898,291,9,676,496,238,1107 
104	305,235,694,1045,649,168,1317,800,622,194 
105	292,116,20,1232,455,422,7,18,1078,1033 
106	810,451,730,845,42,100,722,1422,1254,277 
107	963,1109,407,328,92,180,942,670,199,1047 
108	116,20,9,866,627,782,374,525,517,307 
109	369,1107,1209,202,806,618,599,1144,933,96 
110	75,104,844,760,224,59,18,422,672,93 
111	1218,592,387,457,25,1128,361,1011,324,224 
112	765,121,844,317,264,1059,764,139,157,253 
113	1209,198,600,142,40,407,1390,242,426,608 
114	294,1390,146,291,328,9,904,572,522,782 
115	782,849,294,116,1457,212,522,1130,379,360 
116	866,1124,955,9,116,517,5,828,96,653 
117	413,116,593,1107,799,360,261,5,18,328 
118	1332,218,1357,482,1083,464,1133,391,514,1145 
119	25,810,1102,43,387,212,565,238,224,127 
120	676,853,127,142,937,146,457,250,893,1321 
121	355,1229,146,1374,1041,264,649,291,1423,1021 
122	738,380,180,8,361,1007,10,1247,1390,129 
123	277,307,90,1076,1169,25,253,424,20,771 
124	600,328,110,673,272,1417,25,357,71,324 
125	1364,1459,1431,953,367,76,132,1202,342,459 
126	604,1290,722,339,735,425,1044,820,841,284 
127	211,722,1459,549,132,326,65,632,1048,589 
128	1120,721,422,61,853,27,564,60,116,950 
129	71,1271,397,33,324,1315,432,238,885,20 
130	859,593,684,299,748,357,498,62,400,856 
131	360,980,771,782,18,1074,422,470,676,90 
132	218,866,191,116,1107,884,291,980,517,8 
133	593,191,110,257,214,18,744,1035,980,122 
134	18,360,294,464,670,424,71,324,92,593 
135	782,202,3,328,470,719,1074,407,379,243 
136	874,256,25,824,626,4,91,563,397,1240 
137	496,550,1023,824,1203,807,745,19,897,439 
138	294,307,110,613,119,656,77,439,391,40 
139	1384,847,47,954,476,199,478,642,127,1421 
140	439,328,676,496,1024,3,397,782,882,139 
141	960,593,307,683,480,670,853,1145,286,110 
142	1371,1323,20,1076,264,121,18,292,439,975 
143	361,140,214,1414,212,121,224,1261,4,242 
144	446,1007,644,1056,142,113,1102,910,431,20 
145	935,606,404,853,522,618,212,918,191,3 
146	470,1315,522,424,189,96,626,856,14,880 
147	8,824,238,493,479,302,855,1000,710,508 
148	387,627,202,1071,522,110,273,464,721,514 
149	550,92,563,256,1058,543,11,126,1335,329 
150	387,836,110,324,250,684,1035,71,928,337 
151	1386,522,945,1071,15,162,7,884,4,9 
152	256,12,238,874,1102,88,764,433,432,1203 
153	644,1102,116,329,422,178,387,357,25,264 
154	218,713,990,853,1001,290,446,1128,337,1085 
155	450,991,156,983,906,150,1049,910,42,794 
156	1211,701,893,1002,997,464,882,855,470,599 
157	387,464,324,218,457,584,360,676,908,1045 
158	641,193,307,406,824,550,439,25,1175,238 
159	157,439,593,139,360,64,93,334,387,1059 
161	810,467,224,20,16,859,271,25,400,1442 
162	1203,584,1435,592,531,1221,256,901,824,980 
163	425,643,450,211,696,828,111,997,432,310 
164	722,450,1459,906,344,1044,609,284,1336,1097 
165	601,572,758,1002,253,1431,906,1135,690,1132 
166	157,1059,262,290,296,474,628,999,391,263 
167	705,801,425,643,772,951,524,42,205,156 
168	1109,328,256,12,1175,205,1009,238,94,357 
169	360,218,464,1045,5,379,277,853,92,171 
170	407,9,18,422,439,380,883,498,606,1001 
171	360,387,218,853,224,238,1044,307,96,71 
172	79,12,433,264,238,224,336,853,96,116 
173	299,975,224,256,675,604,900,264,593,273 
174	810,467,212,20,317,588,468,1078,116,159 
175	705,983,1459,524,488,36,808,943,156,1115 
176	1071,910,954,83,38,421,1122,1044,491,667 
177	584,782,1109,1107,738,212,451,777,1410,599 
178	1229,179,94,305,28,934,1427,308,851,1280 
179	1347,292,387,472,1149,1450,146,1410,1058,21 
180	937,71,324,700,218,1315,407,980,806,47 
181	307,899,194,361,110,836,829,397,290,287 
182	467,292,387,901,782,357,980,1191,897,53 
183	92,119,135,70,821,683,999,903,40,1411 
184	676,47,1130,626,1190,259,1053,514,14,479 
185	285,997,222,92,194,253,903,387,1371,292 
186	238,387,1251,563,239,1088,142,178,578,19 
187	953,1194,1198,1097,253,1070,951,549,730,571 
188	271,218,416,180,1034,612,1102,220,96,116 
189	1038,495,478,142,599,127,1130,110,292,104 
190	28,693,1374,962,934,623,694,1132,429,219 
191	738,220,550,563,523,328,388,266,2,120 
192	181,277,459,93,765,317,271,25,159,168 
193	446,150,764,910,83,301,1044,1223,1221,171 
194	292,360,1107,672,264,357,92,110,670,422 
195	543,20,470,1020,847,286,387,1074,127,1319 
196	1274,202,93,116,760,277,1136,1266,25,271 
197	1457,140,713,683,584,721,387,1059,422,1107 
198	387,786,1169,374,180,793,1145,1151,238,439 
199	110,423,980,9,457,1347,480,238,584,469 
200	1194,866,250,9,433,238,550,218,96,1344 
201	1261,550,900,836,1120,275,244,47,114,220 
202	563,171,1107,1007,59,618,380,328,676,88 
203	79,191,563,90,135,1109,3,1024,676,357 
204	578,214,146,8,738,1059,1390,3,357,618 
205	116,1107,292,357,782,593,424,387,264,1266 
206	404,172,900,146,853,25,433,1205,1181,149 
207	425,804,758,1342,1044,111,1145,614,1197,953 
208	18,493,1226,329,389,526,935,1247,544,398 
209	12,672,424,422,202,18,384,883,1247,119 
210	980,935,797,1369,847,592,361,512,626,866 
211	357,174,110,116,1390,405,514,600,1410,1168 
212	218,1219,43,277,455,194,305,1335,179,1229 
213	480,882,824,379,43,139,264,684,294,854 
214	909,191,224,238,79,866,1271,980,1390,432 
215	713,853,721,361,9,457,584,287,1105,139 
216	363,1384,647,139,470,1219,27,474,432,10 
217	361,51,79,903,900,277,439,1076,116,324 
218	214,676,738,202,328,474,782,256,204,543 
219	161,637,414,1023,211,1019,83,315,614,1115 
220	857,96,782,275,232,1107,593,1181,90,958 
221	810,121,243,277,317,48,684,90,1076,527 
222	71,626,171,1071,853,1024,256,25,866,954 
223	672,264,363,71,397,70,400,5,522,3 
224	53,353,240,1196,76,1135,856,5,953,614 
225	205,572,194,1019,905,317,828,339,1084,856 
226	344,1056,301,1034,1215,317,446,1166,644,1423 
227	59,422,1274,424,79,1323,9,738,294,202 
228	866,360,782,9,627,96,286,1344,51,317 
229	387,71,191,543,14,866,548,844,142,539 
230	79,292,493,110,470,50,119,463,439,684 
231	836,79,238,220,397,110,422,27,1320,676 
232	1280,693,361,479,486,1122,1374,1302,220,1419 
233	1423,159,844,218,292,588,42,43,1252,522 
234	422,980,79,1384,847,280,238,498,770,71 
235	342,202,79,672,1107,75,380,697,522,235 
236	1109,327,478,25,515,357,1102,27,9,1058 
237	422,427,857,1059,206,327,380,202,79,59 
238	328,157,93,627,470,363,357,1107,218,264 
239	618,18,93,593,292,329,71,464,708,672 
240	53,455,16,264,588,997,627,421,1181,684 
241	407,1102,676,380,422,328,388,782,1217,928 
242	116,810,5,806,853,238,960,361,1390,451 
243	1323,422,380,918,670,543,849,202,332,373 
244	1102,424,204,327,1424,100,1001,553,294,955 
245	158,983,794,414,841,601,758,609,1019,706 
246	91,1347,626,593,202,1059,1024,92,464,79 
247	684,220,62,9,146,374,467,433,238,307 
248	47,277,224,12,457,900,110,672,261,9 
249	450,468,735,425,991,1048,1222,488,845,983 
250	847,66,1319,374,218,142,202,70,18,407 
251	307,1076,764,939,90,1371,157,5,406,290 
252	157,4,119,1319,470,220,397,478,515,903 
253	8,782,404,1098,498,435,191,695,1203,1164 
254	214,9,168,806,250,387,999,407,10,286 
255	844,997,53,9,713,1044,829,670,764,93 
256	353,997,264,53,277,93,20,168,810,451 
257	25,243,764,719,455,1035,883,844,899,672 
258	806,18,435,684,478,797,220,70,1001,1145 
259	5,264,253,121,997,459,43,317,271,950 
260	1262,1185,1203,1323,71,18,608,256,855,218 
261	62,277,243,212,317,51,1423,423,53,849 
262	182,20,543,360,721,483,262,514,743,670 
263	9,395,405,1059,765,193,243,683,572,79 
264	719,522,9,670,219,1078,627,1085,1315,324 
265	106,1326,1092,1350,264,50,384,245,1271,900 
266	211,816,450,161,326,1342,1048,1042,711,338 
267	782,847,1390,672,1209,999,286,116,1074,294 
268	1135,951,53,240,845,588,816,468,1196,1423 
269	572,1132,683,609,459,816,1234,632,1196,989 
270	1437,245,806,191,413,676,874,738,4,634 
271	1109,91,256,1068,238,1077,354,1424,380,521 
272	387,1344,100,18,844,317,497,672,1211,342 
273	360,90,413,1033,782,1247,71,522,363,950 
274	772,1111,1198,1068,1045,1217,148,391,642,715 
275	1107,593,71,93,79,738,782,116,263,127 
276	254,256,20,984,884,695,1347,523,1207,128 
277	424,1122,387,202,62,345,1164,433,1315,432 
278	71,238,360,79,119,90,470,480,292,1024 
279	1089,793,508,9,542,243,603,273,600,329 
280	111,459,10,953,450,563,810,632,470,284 
281	387,324,264,514,43,1033,593,1071,676,810 
282	425,339,65,1254,801,758,735,1097,953,951 
283	146,198,262,472,592,9,360,48,61,1250 
284	907,202,218,493,404,360,676,600,1411,541 
285	556,265,42,983,804,1024,683,414,1047,1087 
286	350,782,196,522,457,3,256,364,1320,1102 
287	326,632,132,589,906,944,1115,1197,42,417 
288	305,1015,721,623,277,168,770,1229,1252,1452 
289	307,127,110,220,238,334,1172,514,379,294 
290	1130,1109,592,829,189,218,309,219,810,459 
291	536,202,292,531,608,243,360,797,786,276 
292	71,191,238,88,357,324,1315,110,782,91 
293	667,51,809,697,548,670,681,110,218,245 
294	264,810,997,317,1093,455,121,20,1076,177 
295	670,71,191,844,1059,1274,543,2,432,1130 
296	83,150,572,845,42,1460,973,692,450,563 
297	146,277,294,1059,290,47,119,618,243,113 
298	1440,62,71,139,387,9,684,584,743,770 
299	91,171,3,18,275,1185,25,157,218,119 
301	253,609,150,53,1194,696,983,235,451,1135 
302	159,748,1423,477,25,2,116,1137,79,497 
303	111,1459,997,42,1044,83,953,991,467,1135 
304	146,695,291,307,1151,478,1435,1072,198,1203 
305	218,1085,451,1232,1221,361,235,910,548,18 
306	317,810,111,468,997,1044,121,5,253,159 
307	53,810,121,5,353,849,235,764,569,83 
308	10,1109,821,675,178,71,59,563,1424,1024 
309	543,1109,387,18,357,25,433,9,397,874 
310	1071,238,146,25,12,432,1102,91,96,157 
311	1132,84,450,1048,589,111,444,820,571,66 
312	609,722,65,816,810,692,622,886,953,1121 
313	106,90,521,71,48,271,899,1326,251,47 
314	793,71,116,90,1410,480,438,807,569,357 
315	999,327,424,243,427,18,771,1209,454,644 
316	505,1058,377,286,198,1020,626,807,1015,221 
317	960,550,455,397,721,277,140,307,70,46 
318	239,999,96,1344,433,264,712,857,515,903 
319	62,218,307,121,20,235,413,3,955,93 
320	1101,8,18,807,543,1390,68,1240,836,1248 
321	360,1046,277,90,317,38,960,271,379,110 
322	910,438,344,1056,446,1232,157,342,235,1223 
323	708,422,899,122,50,92,836,1071,1315,853 
324	1107,93,606,157,291,1323,277,9,673,1269 
325	42,1300,772,211,609,1431,905,83,951,1443 
326	1059,224,238,9,171,627,603,379,243,286 
327	3,496,193,12,275,856,593,550,397,899 
328	721,9,1217,14,116,379,670,853,433,467 
329	171,472,1024,100,8,397,480,204,304,1285 
330	432,168,79,48,1393,1172,238,424,27,885 
331	93,271,765,83,515,577,618,16,1053,181 
332	623,420,962,94,324,960,106,80,856,189 
333	256,470,883,719,1191,1319,581,936,899,157 
334	116,191,980,670,1390,324,853,1035,25,627 
335	1078,9,264,191,317,357,110,719,810,760 
336	1424,432,291,1001,1007,294,171,606,977,1191 
337	100,387,20,670,238,482,955,1390,264,353 
338	724,1105,676,1179,307,122,885,33,337,34 
339	79,464,600,90,387,1247,1071,304,631,432 
340	451,218,253,839,193,588,198,1371,764,9 
341	527,224,116,748,90,307,1116,79,958,600 
342	1390,387,412,952,770,543,413,1296,328,1384 
343	1071,1457,327,829,407,432,1130,550,612,290 
344	523,171,256,821,624,354,83,266,675,963 
345	106,246,168,904,357,1047,1045,612,673,694 
346	644,424,18,328,806,9,1105,521,238,51 
347	1194,149,718,424,360,250,79,489,397,509 
348	93,116,765,292,277,218,90,810,599,18 
349	569,884,218,910,844,451,53,764,588,41 
350	244,1015,626,432,243,531,361,79,474,121 
351	1187,1048,65,1197,1042,1342,161,459,820,315 
352	836,191,116,782,224,599,543,110,25,433 
353	489,1136,424,2,71,244,1242,799,397,628 
354	353,980,264,116,317,810,382,997,218,191 
355	220,1203,531,1424,294,387,204,114,806,569 
356	367,42,571,937,1443,211,156,983,637,943 
357	953,42,983,735,943,1431,111,801,22,836 
358	387,224,90,782,422,317,593,1116,627,328 
359	600,79,793,866,1001,748,644,328,1071,676 
360	1166,204,599,464,281,782,997,292,1241,271 
361	191,676,9,1166,219,849,116,243,890,261 
362	714,331,433,71,342,1166,1169,1211,18,1001 
363	1336,132,1135,816,549,830,1443,1197,735,339 
364	256,1071,328,432,238,244,626,286,1175,1320 
366	224,1001,361,307,548,337,470,191,71,9 
367	851,693,1041,179,962,28,649,1015,457,140 
368	1410,1044,748,159,600,193,317,257,1102,1098 
369	1107,1209,1059,244,79,224,543,407,191,27 
370	25,550,264,62,866,793,1130,810,238,121 
371	238,71,224,1059,593,676,960,675,914,278 
372	119,18,110,482,286,116,255,387,782,655 
373	53,277,317,62,360,1423,1093,455,468,177 
374	451,271,5,159,193,121,25,235,1181,993 
375	905,589,1084,161,132,820,1290,1115,549,1254 
376	194,934,1045,277,975,694,784,991,1374,309 
377	280,1166,220,212,806,361,214,387,627,883 
378	326,643,804,571,66,1459,158,820,572,132 
379	1024,68,71,1109,1384,387,337,483,807,646 
380	387,788,361,258,96,853,328,374,859,264 
381	1028,536,480,592,1369,8,496,280,361,146 
382	1194,212,782,146,1410,96,672,874,1145,528 
383	910,317,468,83,1044,425,240,588,735,622 
384	218,116,387,191,18,292,670,525,884,882 
385	445,42,571,951,1460,459,1044,845,326,722 
386	324,292,928,9,600,1107,564,599,391,1319 
387	433,714,853,670,496,256,1059,71,18,397 
388	1092,243,531,1105,189,9,937,980,1015,224 
389	470,116,92,782,1390,324,12,238,363,90 
390	520,1071,25,92,291,569,1047,672,1074,960 
391	1071,450,110,12,810,563,1247,292,116,1135 
392	25,135,71,370,897,480,256,9,626,8 
393	934,962,627,243,1374,522,355,1034,649,250 
394	853,328,292,238,1074,14,626,374,606,224 
395	470,357,1071,1386,522,1074,110,12,676,219 
396	8,676,3,579,618,804,954,110,294,224 
397	1107,3,1015,127,324,1130,824,34,206,1059 
398	359,361,79,317,771,897,1077,498,481,245 
399	464,360,116,599,672,482,768,278,294,697 
400	934,193,800,355,189,106,721,179,896,429 
401	1390,413,836,387,829,302,713,168,218,885 
402	1263,1118,960,676,530,213,238,1109,90,1344 
403	292,360,243,391,482,357,224,782,1074,901 
404	360,121,218,294,866,1033,79,836,88,627 
405	292,224,243,670,844,397,7,79,424,264 
406	189,292,558,134,20,1271,291,435,297,683 
407	758,696,632,459,589,419,1146,1048,264,1002 
408	224,9,191,337,387,600,593,793,482,748 
409	364,480,189,145,1231,1151,901,100,1319,898 
410	79,856,1136,286,1092,9,836,470,760,18 
411	735,295,443,240,1115,571,943,549,622,700 
412	425,194,1084,696,326,820,549,1342,1048,1148 
413	384,79,12,18,1147,1074,627,644,684,9 
414	264,277,25,62,467,433,894,1078,422,218 
415	1365,1091,1078,212,20,360,387,1191,1332,39 
416	550,1107,324,1071,904,782,1168,27,307,1000 
417	424,422,18,9,1136,183,543,771,71,387 
418	1071,328,550,593,110,726,883,1390,670,27 
419	1059,478,626,242,683,890,1024,796,304,432 
420	353,121,810,20,844,159,765,62,644,286 
421	1059,521,224,92,110,958,393,683,426,263 
422	899,238,1098,191,797,281,147,243,232,1364 
423	412,1390,684,160,869,255,18,294,894,624 
424	944,1290,643,271,194,888,1115,1254,1187,1443 
425	1144,644,7,1236,93,271,997,38,262,1287 
426	433,634,1398,139,48,79,1411,782,1269,1155 
427	53,317,271,121,997,467,468,1107,387,83 
428	256,202,135,522,3,294,628,1205,542,90 
429	342,672,18,569,1060,5,157,79,119,9 
430	512,437,644,563,782,2,424,489,357,890 
431	364,290,600,79,1180,328,140,307,334,214 
432	20,71,238,866,550,782,142,980,110,317 
433	360,292,264,713,238,424,20,25,307,672 
434	18,20,218,387,264,1107,422,433,374,5 
435	292,407,853,243,18,191,110,1393,294,497 
436	1457,361,8,550,782,954,455,875,1181,172 
437	75,15,202,9,672,1035,760,292,700,1175 
438	264,471,317,121,997,292,212,116,1093,307 
439	224,857,275,1175,121,1035,869,172,1261,603 
440	398,1424,327,1102,427,1238,958,92,553,178 
441	424,1390,387,935,324,360,291,522,950,810 
442	53,353,16,810,997,62,271,93,111,240 
443	810,353,771,25,90,357,5,522,422,93 
444	248,327,71,574,913,883,836,214,874,1102 
445	42,803,735,265,295,983,801,1087,1300,28 
446	1124,224,9,866,713,899,424,1390,793,965 
447	111,569,1135,5,260,150,1148,643,85,1197 
448	676,550,324,836,110,71,531,782,909,624 
449	83,307,459,899,1196,672,722,94,950,290 
450	569,644,238,20,1056,914,866,1047,275,512 
451	71,387,1059,422,497,1179,1089,1315,525,324 
452	71,119,79,286,238,899,171,893,407,712 
453	1085,292,472,681,433,1347,464,670,1001,361 
454	168,307,79,218,829,958,439,836,1109,655 
455	719,1247,393,836,25,672,219,670,673,290 
456	71,116,202,5,563,126,464,2,1102,353 
457	794,696,983,450,408,193,1148,1390,5,1166 
458	600,9,405,708,342,327,1085,324,191,250 
459	218,901,116,224,782,264,71,96,670,221 
460	1107,563,18,238,224,113,676,157,277,357 
461	317,53,16,467,62,1078,765,235,238,5 
462	353,116,121,627,292,713,20,829,939,93 
463	9,857,324,71,90,171,676,263,1393,627 
464	408,1135,205,1086,161,450,156,609,244,224 
465	353,292,1247,847,588,844,264,451,695,90 
466	92,146,760,401,327,470,1078,191,670,438 
467	1059,20,291,262,593,627,374,1157,18,908 
468	738,424,427,644,1424,1105,770,1428,1162,380 
469	79,719,893,531,324,406,432,404,627,423 
470	3,146,782,256,407,116,220,71,191,626 
471	738,135,459,632,905,572,433,246,888,59 
472	202,116,627,853,294,113,277,43,264,262 
473	62,121,146,243,147,214,824,424,467,786 
474	83,951,1423,816,25,194,1196,845,42,1048 
475	360,713,1411,213,1232,204,853,463,990,142 
476	116,360,292,90,307,422,96,592,294,280 
477	53,353,345,880,726,62,598,1093,439,357 
478	435,1410,550,407,294,1208,1126,71,793,495 
479	361,672,1314,882,604,714,1325,21,241,478 
480	135,79,220,603,224,275,256,110,676,324 
481	628,738,427,432,806,113,424,79,836,357 
482	1232,584,218,1026,20,782,350,599,988,100 
483	1045,1001,543,457,592,665,110,353,464,719 
484	875,1059,243,202,273,581,1035,684,263,1390 
485	387,360,20,853,53,202,670,90,277,271 
486	262,218,871,980,684,393,859,413,1107,1274 
487	1254,450,1079,425,1422,794,1132,614,1290,1150 
488	79,238,407,550,1185,393,232,512,328,470 
489	600,47,1107,395,1053,986,1175,1071,292,782 
490	363,305,146,194,1261,40,493,460,361,429 
491	847,806,531,361,522,357,1098,874,489,899 
492	853,292,464,407,47,277,1185,243,433,220 
493	422,387,9,593,855,317,92,90,1107,110 
494	25,224,318,277,397,292,883,719,4,71 
495	836,219,397,79,387,88,168,433,47,1315 
496	387,844,243,713,1315,719,71,670,859,1035 
497	20,121,451,844,387,517,569,116,1076,588 
498	436,824,424,433,547,243,191,760,93,250 
499	75,438,18,526,1144,849,569,498,1410,196 
500	218,374,9,522,726,853,286,464,588,90 
501	224,146,719,88,361,256,307,517,20,290 
502	743,593,242,489,1268,264,387,202,893,675 
503	224,387,127,859,853,593,1035,1071,324,317 
504	413,824,799,374,990,91,90,1219,147,582 
505	550,721,782,294,1074,942,478,343,670,92 
506	1045,713,1116,824,1015,433,768,483,990,193 
507	962,1045,721,353,960,198,261,649,235,1047 
508	457,1128,324,110,748,1347,1315,599,470,1071 
509	550,266,1053,160,1071,25,1092,474,246,1410 
510	161,194,1002,944,675,1058,83,28,904,157 
511	1135,803,735,445,156,772,886,973,795,801 
512	336,218,212,512,204,672,433,543,121,770 
513	9,855,788,438,405,424,913,464,1085,56 
514	79,246,542,522,8,7,256,25,606,70 
515	18,1059,1107,482,100,1266,593,296,584,718 
516	191,1107,1344,714,244,673,18,218,25,127 
517	1148,983,845,111,801,417,906,1443,488,1342 
518	1149,676,171,91,204,324,391,8,291,543 
519	264,292,277,317,271,218,121,522,424,191 
520	459,367,1284,132,326,417,455,589,1187,845 
521	810,20,824,5,264,387,218,96,531,253 
522	291,676,1240,244,1024,110,198,453,382,713 
523	670,71,9,142,286,1105,243,673,244,1136 
524	1181,467,317,991,93,1241,224,111,193,400 
525	1191,1339,740,427,995,1294,1283,951,628,288 
526	853,935,387,1390,25,884,1071,238,79,748 
527	224,748,286,1035,1217,256,244,600,9,719 
528	1232,874,853,1147,199,893,182,292,387,262 
529	20,683,360,224,191,469,618,627,264,272 
530	310,1054,810,277,903,953,1135,210,71,622 
531	62,433,212,9,387,264,364,1221,695,764 
532	146,79,422,96,470,250,324,168,407,220 
533	3,626,256,1426,294,1109,1071,624,34,218 
534	96,79,219,110,250,243,457,836,168,584 
535	238,899,584,12,294,248,1225,1435,147,574 
536	1414,1001,180,849,357,220,218,1102,307,536 
537	218,387,866,782,374,433,472,1085,482,1347 
538	493,1390,382,744,8,1369,1040,51,198,9 
539	20,1077,1078,271,584,543,317,12,180,482 
540	1107,218,25,277,618,294,360,91,9,599 
541	292,423,1085,1145,360,1191,673,244,847,1013 
542	218,191,550,324,96,18,464,482,1045,836 
543	180,9,1034,1109,632,79,296,1107,1015,66 
544	353,71,387,79,1311,670,539,799,467,1247 
545	935,859,149,713,476,975,9,1261,19,1036 
546	261,824,670,849,405,224,110,599,1235,584 
547	324,1107,853,593,357,71,464,146,139,433 
548	853,20,9,1347,600,627,673,18,782,79 
549	116,446,5,121,9,672,422,1340,960,157 
550	116,387,202,191,235,19,292,88,146,1071 
551	782,12,328,238,242,380,644,455,424,522 
552	644,59,847,357,422,521,914,286,1136,813 
553	433,250,439,307,328,324,21,157,204,496 
554	20,1130,810,235,307,5,25,782,253,939 
555	71,191,20,224,480,244,139,760,14,771 
556	897,387,637,14,853,1102,432,182,683,1372 
557	853,218,127,191,9,531,1347,1085,548,591 
558	422,110,12,424,324,593,806,439,1035,1098 
559	722,1044,194,159,810,1049,65,1358,240,730 
560	363,522,96,110,244,202,397,1315,122,600 
561	214,1102,457,433,361,127,25,515,435,890 
562	220,114,100,1332,531,1203,292,9,481,1130 
563	191,238,9,34,1033,713,899,928,407,244 
564	1166,799,413,220,1414,253,286,264,218,432 
565	1194,353,397,218,292,5,142,350,1166,760 
566	900,1247,363,71,350,853,470,119,1315,397 
567	684,920,1442,224,593,121,632,264,267,277 
568	1232,531,1172,885,738,204,592,432,20,543 
569	404,328,426,593,439,1058,220,1102,840,202 
570	960,218,194,379,522,1089,273,1191,243,817 
571	439,202,918,3,847,329,738,828,307,156 
572	244,110,361,422,670,387,496,286,27,748 
573	1232,628,433,853,1074,721,563,554,212,25 
574	1274,1109,628,828,191,310,422,497,1033,9 
575	439,1107,157,467,515,35,40,127,958,111 
576	360,853,116,20,893,1166,655,238,522,531 
577	1107,853,676,901,357,980,514,9,1232,327 
578	264,53,387,20,467,844,627,271,374,588 
579	1001,424,1172,786,1386,782,550,243,1260,357 
580	145,364,218,189,146,1045,292,539,676,853 
581	71,12,670,18,110,1109,9,433,397,515 
582	817,581,261,379,1340,899,11,1335,327,476 
583	256,1074,30,781,1098,1047,79,297,579,1119 
584	243,1315,470,9,548,464,454,899,18,90 
585	387,292,360,361,397,264,157,191,121,96 
586	218,20,451,90,301,264,1137,374,317,1001 
587	271,765,121,212,997,810,673,157,455,451 
588	425,1135,1079,735,637,459,905,692,1044,1364 
589	618,593,1209,1053,91,71,79,18,958,96 
590	470,119,422,676,1107,627,71,96,1078,424 
591	121,253,446,264,451,53,1211,344,3,1078 
592	782,824,422,294,1033,1166,220,360,18,599 
593	693,28,459,409,219,157,106,429,1130,1427 
594	363,708,470,122,550,70,18,644,670,61 
595	853,146,1390,202,637,277,939,357,250,1287 
596	412,212,1390,1332,424,936,277,38,146,25 
597	224,93,264,672,7,18,287,670,467,238 
598	424,578,1151,212,149,844,224,1076,1390,180 
599	1060,1211,100,438,204,171,116,1102,1007,563 
600	772,1443,42,953,265,735,1202,637,195,1198 
601	301,413,451,810,286,384,19,1044,1340,910 
602	722,425,1135,488,132,801,614,951,643,1202 
603	146,531,9,307,294,836,955,263,762,673 
604	251,644,424,396,357,474,953,857,1323,332 
605	191,387,238,980,71,413,121,829,482,1130 
606	900,127,292,470,244,1130,12,1071,1217,672 
607	400,416,212,121,609,299,307,451,317,93 
608	93,1287,146,855,212,764,643,261,61,1109 
609	20,853,71,464,1024,482,171,599,676,324 
610	361,218,1175,191,670,92,238,404,958,387 
611	116,248,1050,360,987,238,1340,433,422,1033 
612	721,79,592,277,70,1054,361,1335,168,290 
613	324,470,92,127,721,61,942,483,1217,913 
614	317,765,121,264,1044,83,632,157,577,446 
615	357,782,1098,890,493,238,1347,942,542,422 
616	416,264,277,451,235,1078,193,317,748,1181 
617	856,14,51,697,700,1323,1109,96,245,917 
618	1135,905,211,161,205,1084,1115,683,943,249 
619	824,397,96,496,127,1315,480,853,1001,531 
620	719,1015,407,140,189,855,277,900,498,847 
621	115,565,603,651,294,439,1000,354,824,523 
622	387,71,224,990,96,1070,381,1089,292,721 
623	191,224,244,626,116,20,455,1315,292,470 
624	451,1215,159,1137,748,168,1194,218,1311,853 
625	1384,384,96,708,292,1421,70,422,584,191 
626	3,849,512,238,1194,71,455,1232,116,9 
627	253,439,307,159,397,294,904,28,572,1071 
628	387,1033,83,759,1179,159,810,494,983,1089 
629	93,9,1107,424,157,243,853,550,1151,1209 
630	1107,1209,139,244,760,395,9,1384,178,489 
631	866,548,1251,259,423,517,328,1179,168,277 
632	368,951,5,339,1135,28,614,417,62,810 
633	550,1109,883,20,882,522,999,600,96,1410 
634	1136,328,193,159,424,1384,918,363,738,856 
635	782,357,294,824,79,8,96,854,847,700 
636	960,714,18,432,261,292,1390,543,1201,683 
637	286,1384,19,672,261,328,721,363,116,1247 
638	7,212,121,9,264,593,859,20,272,810 
639	1115,810,425,203,803,1034,609,194,210,705 
640	824,312,20,672,301,842,481,853,218,292 
641	180,1098,71,676,459,893,432,1071,474,1007 
642	317,93,264,451,765,25,212,159,1181,1076 
643	277,810,271,62,317,235,360,673,1273,286 
644	422,1282,71,1247,361,715,676,708,146,294 
645	1459,951,42,339,1422,111,549,754,790,1049 
646	1166,220,531,116,853,307,1241,900,719,1001 
647	387,789,1347,218,1071,291,1085,1001,764,360 
648	960,1194,224,397,670,232,899,782,854,603 
649	563,272,12,600,324,404,644,91,178,593 
650	25,1194,205,632,160,883,79,194,882,353 
651	218,446,360,5,121,53,100,191,413,424 
652	342,79,866,119,673,980,1071,235,708,1383 
653	264,25,53,1377,451,16,20,224,253,212 
654	253,844,1024,500,1034,423,157,562,128,1166 
655	53,214,455,1414,121,672,271,1050,317,467 
656	432,90,514,821,291,1350,1411,387,676,79 
657	387,518,360,294,116,464,2,292,904,600 
658	253,317,844,451,588,25,765,1273,168,111 
659	264,202,96,1033,672,277,157,92,79,47 
660	238,204,371,388,256,721,357,923,539,96 
661	1177,425,820,161,841,240,459,944,637,450 
662	327,243,773,1098,855,307,670,264,550,357 
663	694,1041,219,851,1280,800,925,48,1206,429 
664	1087,754,260,111,375,1431,156,722,587,524 
665	999,947,628,1323,1437,1334,652,958,286,806 
666	505,464,307,1243,285,1411,1054,960,391,133 
667	191,19,1243,599,307,294,79,1024,361,697 
668	191,745,218,482,464,960,12,324,171,139 
669	387,147,79,286,518,224,424,307,119,655 
670	577,25,618,224,62,12,206,264,765,455 
671	468,810,317,277,253,177,25,588,424,159 
672	849,357,498,3,1166,603,1203,508,324,397 
673	572,326,722,816,339,211,159,161,991,679 
674	905,1084,408,845,775,1079,459,1068,943,722 
675	1166,1059,360,743,379,1107,1274,676,1136,294 
676	1269,48,18,328,859,171,482,113,250,1001 
677	1194,844,353,277,910,220,271,317,1044,799 
678	531,1076,292,470,387,264,20,748,110,771 
679	43,1423,264,253,181,451,894,810,1107,92 
680	61,599,146,422,585,397,126,220,242,455 
681	363,708,799,277,12,422,847,672,770,1045 
682	1045,18,1240,294,472,590,483,189,1335,514 
683	232,960,899,1386,496,379,9,171,189,4 
684	1274,119,604,1001,3,626,454,1015,194,900 
685	593,1107,1209,139,553,4,272,782,395,1267 
686	91,71,92,9,1347,760,512,866,670,381 
687	1078,212,585,1071,894,1249,121,1201,277,357 
688	9,670,292,238,110,96,127,866,1130,1035 
689	433,1347,697,866,1085,68,563,461,1203,853 
690	470,603,1261,1315,92,224,387,618,1384,191 
691	202,627,277,522,168,119,116,810,90,884 
692	696,161,1115,1084,845,1082,194,943,905,1150 
693	810,1196,445,1042,696,194,845,111,211,150 
694	264,387,467,218,110,522,1390,224,317,191 
695	9,844,292,1232,695,62,433,719,423,1315 
696	1211,116,1241,1411,157,882,476,997,1194,701 
697	3,1247,193,307,915,950,70,413,744,489 
698	432,424,3,756,1219,714,1293,353,644,189 
700	368,905,643,1097,1084,1044,1019,758,253,1068 
701	344,59,843,157,495,569,264,1423,218,353 
702	116,464,5,111,387,474,599,1044,307,25 
703	910,20,157,353,344,317,439,531,844,681 
704	849,328,628,178,1109,855,498,120,712,405 
705	824,695,328,483,371,18,810,1083,676,592 
706	1107,18,599,765,7,543,9,1266,369,292 
707	475,1118,672,942,232,96,198,361,1363,1319 
708	256,12,548,874,360,893,713,9,539,1010 
709	253,264,353,765,609,301,442,691,344,644 
710	264,271,5,53,1044,194,1223,1076,94,587 
711	1148,983,730,692,950,1044,804,643,619,845 
712	9,292,116,1047,676,439,1074,202,422,14 
713	816,614,368,722,951,28,1197,572,1084,1115 
714	9,914,387,764,628,18,88,432,1059,714 
715	90,1076,360,18,244,806,1323,328,277,51 
716	910,344,438,1056,1215,764,342,111,1047,13 
717	853,116,224,836,292,191,715,146,697,214 
718	177,277,62,468,1273,53,317,16,292,997 
719	738,256,380,1424,91,705,129,1175,432,1185 
720	220,1232,9,1010,292,697,224,482,676,256 
721	1271,244,1351,543,768,1315,676,121,748,939 
722	111,467,451,264,495,319,937,240,884,235 
723	218,181,1078,53,1273,259,670,9,96,294 
724	676,1058,1424,71,1007,393,1047,474,79,214 
725	212,62,224,9,116,866,271,599,764,146 
726	218,866,980,238,782,1085,644,1071,90,381 
727	829,264,1336,844,235,111,828,83,193,1344 
728	224,307,684,713,71,859,193,374,990,387 
729	696,132,983,1019,801,643,459,951,111,425 
730	810,264,5,467,317,301,829,400,220,713 
731	889,1116,1036,796,824,461,204,498,600,881 
732	644,18,380,563,91,543,2,670,1024,90 
733	264,25,62,997,353,1078,455,451,20,1093 
734	425,295,1342,42,758,810,410,1079,385,317 
735	522,146,627,465,883,387,71,531,1390,550 
736	361,920,684,110,432,628,853,20,113,27 
737	550,600,422,857,1071,618,61,119,218,191 
738	482,853,1232,116,700,1074,1047,91,738,1145 
739	180,626,79,1068,812,523,958,27,250,76 
740	25,874,1203,121,467,628,100,824,71,684 
741	482,1185,628,238,327,1001,91,20,294,337 
742	853,146,676,12,439,218,713,3,599,47 
743	584,119,360,224,628,507,18,285,272,1157 
744	253,159,844,271,468,1076,62,609,93,28 
745	9,1269,1059,1267,202,1274,218,294,10,446 
746	25,224,522,9,79,424,110,515,264,238 
747	894,7,1217,224,262,893,588,146,433,246 
748	464,360,218,96,277,90,202,324,599,844 
749	983,808,845,637,1222,211,1047,319,711,295 
750	292,1347,676,1424,20,391,713,244,1410,424 
751	836,1390,238,71,853,294,1362,1180,324,397 
752	357,1203,1240,1319,489,646,806,79,1435,897 
753	213,628,387,437,497,1232,433,304,548,593 
754	111,459,25,194,1084,83,1431,804,614,845 
755	884,20,1291,1078,235,1034,7,1130,644,451 
756	910,563,874,1034,588,256,866,344,51,1144 
757	1319,360,700,268,1386,535,675,1130,586,736 
758	387,9,1251,517,88,713,379,853,90,5 
759	1085,51,866,472,1207,71,497,353,548,844 
760	219,550,991,310,1023,623,699,851,94,198 
761	782,676,250,3,1000,1001,954,220,116,404 
762	853,387,96,676,202,116,250,139,593,433 
763	271,422,116,191,543,980,264,18,244,525 
765	413,5,393,457,1390,261,218,950,1089,1338 
766	51,1270,361,1194,489,358,744,343,413,143 
767	413,1107,498,1164,1015,324,849,882,149,634 
768	387,20,844,116,224,676,264,110,670,360 
769	224,859,360,238,517,1102,522,191,422,480 
770	218,5,451,884,121,433,670,997,62,212 
771	291,171,381,885,71,1166,626,482,123,1185 
772	531,387,8,1001,3,100,522,328,168,439 
773	1426,171,550,1175,543,8,34,675,275,893 
774	1115,339,1042,66,1023,132,326,1194,953,663 
775	9,628,380,88,44,116,224,1102,328,844 
776	634,432,824,697,337,387,1335,1203,193,768 
777	292,853,191,422,18,387,277,470,1145,810 
778	531,238,51,782,432,588,1102,154,218,514 
779	380,563,1185,407,218,1077,213,542,1348,744 
780	20,116,360,71,853,599,543,2,782,92 
781	1107,1059,116,387,904,782,40,676,113,1209 
782	253,905,810,672,111,344,696,1403,1044,692 
783	1107,25,360,294,599,1203,670,9,584,381 
784	730,1042,473,317,1284,66,28,284,1383,156 
785	53,467,264,455,121,25,548,1078,1423,855 
786	802,1398,357,8,1072,1384,1028,51,824,854 
787	25,20,673,159,286,588,90,16,53,327 
788	381,1217,224,937,110,644,255,191,893,244 
789	1024,697,954,634,328,96,337,238,1232,874 
790	146,853,980,531,859,806,191,71,1347,464 
791	90,307,1390,294,146,829,88,1033,212,866 
792	191,712,324,91,3,119,328,256,433,1219 
793	218,116,387,464,121,697,713,810,853,1232 
794	1385,5,1135,368,1459,1187,76,450,953,161 
795	472,715,697,1074,100,1116,8,901,975,169 
796	292,218,433,93,467,584,2,451,884,859 
797	111,425,951,722,735,754,468,1044,367,1087 
798	61,1247,324,92,8,599,975,70,670,683 
799	224,684,379,116,397,464,599,1059,307,760 
800	146,937,324,464,292,243,116,191,1182,770 
801	550,782,110,19,422,193,683,1261,1181,744 
802	53,218,277,253,397,159,768,1177,1048,1034 
803	1060,1059,380,116,593,464,292,294,1001,202 
804	218,264,292,387,25,71,697,317,16,114 
805	623,48,307,94,960,189,361,509,856,1041 
806	264,672,212,116,360,472,791,670,459,397 
807	522,220,264,603,1348,177,116,324,157,1315 
808	85,425,1459,886,571,194,132,973,1002,637 
809	1107,600,980,1209,206,1059,116,202,171,91 
810	211,609,735,414,953,1459,1042,488,240,622 
811	853,48,324,1315,92,1261,1015,181,676,439 
812	1074,191,264,1315,859,397,357,853,592,433 
813	563,853,307,644,224,1324,1209,9,193,14 
814	1459,240,111,754,367,271,1364,1175,1111,1202 
815	1102,79,202,910,844,836,1185,1024,32,110 
816	1068,1175,1077,1426,632,266,470,647,1009,122 
817	93,121,18,550,361,451,593,836,1390,853 
818	264,810,121,1390,93,713,238,433,413,261 
819	1084,1459,1044,459,132,738,161,632,1056,637 
820	20,599,202,116,171,18,262,1133,238,1047 
821	422,292,853,424,1166,522,327,360,328,96 
822	578,1102,178,71,978,79,1109,433,853,90 
823	1410,518,844,916,479,14,253,183,771,198 
824	324,387,9,96,202,20,360,432,844,422 
825	1424,60,12,999,119,344,380,202,110,613 
826	713,232,387,360,264,600,224,20,47,676 
827	71,256,1203,676,866,224,1232,1185,304,397 
828	738,1274,1424,129,1059,18,1105,497,178,71 
829	224,531,591,238,397,684,903,250,193,1175 
831	1384,202,420,23,980,514,18,334,90,183 
832	211,886,443,754,205,1084,295,804,1254,943 
833	202,910,828,628,344,157,357,1027,9,7 
834	25,910,9,1418,884,515,606,844,1348,857 
835	1085,257,522,719,18,193,191,493,409,1410 
836	1109,954,135,110,60,903,328,244,335,91 
837	135,224,738,12,238,1071,624,19,127,1058 
838	900,460,934,538,1206,307,960,140,713,297 
839	506,1044,93,202,628,111,256,157,432,422 
840	556,265,1254,808,1336,1049,1079,85,938,758 
841	198,357,1398,51,847,600,871,1008,395,1130 
842	910,569,253,844,644,83,157,433,168,1276 
843	1410,1078,439,672,292,782,317,294,202,59 
844	726,53,109,454,353,1386,1334,1274,44,373 
845	1390,387,277,806,593,810,212,218,110,893 
846	1074,1119,853,1232,584,324,14,7,218,20 
847	111,1390,562,1019,951,451,696,928,317,19 
848	292,470,79,1315,387,224,92,116,708,958 
849	79,238,110,191,199,626,899,380,563,1136 
850	1272,1289,391,480,20,71,301,634,655,1031 
851	1172,885,100,220,1232,1271,307,1179,1071,387 
852	413,51,1001,531,573,439,1102,71,515,738 
853	459,690,801,1187,1196,549,1068,692,414,804 
854	211,240,803,772,983,36,443,730,1115,589 
855	51,980,700,1144,1034,439,1431,603,16,807 
856	240,211,609,1044,265,801,905,886,1443,1422 
857	1436,360,451,897,543,14,374,901,53,676 
858	157,202,782,672,422,1107,360,464,1071,277 
859	90,264,387,79,193,451,116,939,793,1089 
860	744,71,1390,3,893,238,958,899,92,738 
861	238,1424,1058,388,478,1102,329,10,92,191 
862	202,135,550,397,328,294,683,599,263,9 
863	433,238,191,20,278,204,304,1038,745,464 
864	218,5,603,220,866,374,713,1340,342,1109 
865	550,361,327,478,836,142,60,683,214,782 
866	836,1107,122,178,1168,1209,550,917,618,1274 
867	883,357,27,542,459,328,1410,8,256,1175 
868	407,328,992,96,380,422,918,12,977,547 
869	334,424,387,578,640,1105,135,19,1066,899 
870	836,550,160,1362,25,1051,667,670,1035,250 
871	608,1274,18,71,1059,670,516,395,411,119 
872	100,684,9,752,859,141,1221,397,234,969 
873	20,765,1044,713,1394,863,2,272,1211,259 
874	9,8,238,960,433,116,73,294,196,446 
875	614,1044,1148,425,906,339,950,132,1423,1196 
876	391,1393,342,240,764,1060,572,438,958,1240 
877	224,79,806,12,738,797,307,59,424,600 
878	264,292,1044,713,277,422,464,9,20,121 
879	975,220,1045,286,748,768,214,307,387,242 
880	344,758,459,150,132,1196,319,194,1177,1179 
881	115,1071,578,439,380,1323,667,1414,212,644 
883	53,292,360,960,627,997,20,1145,191,1044 
884	1107,859,299,684,738,853,592,1287,93,593 
885	569,1071,1166,157,997,1056,12,159,1287,219 
886	1078,1155,83,364,15,882,246,542,198,700 
887	380,291,836,960,92,357,782,100,116,79 
888	360,264,1240,189,3,1088,810,110,146,292 
889	202,1386,92,413,708,357,12,127,397,1107 
890	42,488,589,1048,1459,637,820,1049,1115,410 
891	1135,76,1290,983,462,1002,1202,338,367,845 
892	51,884,697,628,809,771,218,1147,844,1013 
893	1015,311,1108,623,851,339,1032,1261,958,770 
894	439,328,489,63,900,859,1185,782,1315,51 
895	387,88,439,1109,224,937,517,457,2,304 
896	810,264,121,93,271,235,609,588,253,939 
897	430,628,202,543,139,1030,360,256,1323,213 
898	1347,350,171,1074,482,514,697,907,202,670 
899	171,713,958,1001,79,1119,324,1059,250,255 
900	210,156,445,953,937,886,414,730,240,36 
901	684,62,5,317,467,262,855,243,593,920 
902	866,1010,387,213,1221,469,793,1344,182,218 
903	1232,381,220,20,25,824,264,1147,1446,238 
904	905,794,795,1079,1336,622,161,983,1342,555 
905	244,748,1098,79,292,70,397,422,670,782 
906	154,14,301,847,496,220,328,387,782,48 
907	1059,387,291,262,292,464,379,18,92,357 
908	1044,451,264,317,591,951,903,1240,80,1019 
909	79,202,627,847,397,250,20,768,903,937 
910	1390,638,990,902,651,1205,5,695,1226,1225 
911	1045,242,413,387,14,1015,139,297,1315,990 
912	673,592,1109,324,94,307,198,853,157,627 
913	71,218,563,1211,360,264,874,5,34,1024 
914	565,836,724,1320,644,294,250,1362,248,1172 
915	271,111,467,451,253,93,455,991,344,670 
916	264,294,116,844,810,469,1185,673,149,1130 
917	16,471,264,588,317,455,5,93,548,771 
918	135,1034,157,205,569,474,277,910,180,203 
919	1254,555,326,643,84,1084,425,65,76,571 
920	708,400,110,667,744,60,871,724,493,234 
921	3,127,550,352,433,899,250,424,581,1332 
922	1107,202,1209,9,424,318,627,1269,847,600 
923	847,1085,884,464,866,1319,9,700,451,525 
924	1177,588,468,953,571,408,414,705,845,42 
925	387,975,715,1384,768,980,676,799,286,5 
926	1068,80,132,368,905,683,910,83,307,643 
927	836,115,724,122,439,782,43,515,324,1175 
928	253,25,235,79,264,387,1024,202,19,214 
929	726,16,471,1145,238,317,467,109,181,1077 
930	83,59,111,168,319,353,450,28,997,444 
931	30,357,793,670,583,942,15,219,684,1347 
932	387,9,79,328,397,290,202,470,361,127 
933	90,324,273,264,292,110,157,294,683,224 
934	975,847,51,1045,71,1435,980,855,1026,294 
935	624,9,1044,224,93,277,238,424,194,1250 
936	1302,1445,1041,623,934,264,851,1206,157,1427 
937	111,1459,425,1422,692,1148,211,417,326,953 
938	404,600,113,322,64,202,25,27,857,224 
939	600,855,364,110,1076,184,681,1085,127,525 
940	93,467,292,627,782,14,387,7,684,38 
941	722,804,211,632,637,459,1049,795,53,756 
942	64,387,683,1045,292,324,96,116,424,1411 
943	445,240,735,1459,1460,983,571,410,905,587 
944	407,71,238,387,497,1203,422,88,797,719 
945	168,1001,1335,593,397,1337,79,4,748,1050 
946	980,1107,244,280,8,2,464,360,1332,714 
947	307,220,806,695,96,670,624,238,700,1166 
948	218,20,213,1384,432,683,96,110,1109,446 
949	119,676,47,116,294,600,189,992,543,836 
950	853,292,387,71,20,748,191,1145,79,464 
951	158,42,816,425,211,722,1422,450,953,614 
952	18,342,463,369,262,543,20,100,599,980 
953	1111,403,886,951,1082,845,632,943,295,310 
954	786,360,9,294,593,387,1390,1203,866,71 
955	360,20,543,1085,584,387,817,423,92,453 
956	302,859,592,542,824,496,515,294,1000,246 
957	660,935,1347,523,404,1185,18,899,918,307 
958	1177,1254,1443,1049,906,589,619,571,240,1117 
959	5,218,1423,353,844,960,695,1001,1398,1007 
960	3,79,286,238,874,667,89,899,569,883 
961	5,765,264,53,684,467,844,572,16,1442 
962	25,238,357,439,422,256,157,644,1107,627 
963	18,1269,918,139,712,859,71,242,917,878 
964	397,328,96,9,470,350,522,220,1071,907 
965	85,1135,571,1254,1047,845,1054,42,1013,886 
966	398,1424,1060,281,1232,1105,342,806,528,438 
967	1209,676,618,108,369,782,71,296,760,514 
968	745,676,238,20,1105,47,1107,224,1145,470 
969	205,1044,614,1459,953,722,1135,161,692,1097 
970	357,522,79,498,1054,220,397,90,836,18 
971	512,670,361,71,482,433,220,1319,954,1130 
972	810,243,357,238,899,422,997,987,849,468 
973	218,374,901,116,782,53,528,353,584,25 
974	824,859,522,920,935,361,700,202,397,244 
975	1102,588,670,1185,353,9,304,116,824,422 
976	810,1160,198,246,121,59,51,1076,567,48 
977	230,432,3,1384,14,598,882,799,483,61 
978	212,243,393,864,1122,264,219,1194,25,588 
979	600,273,1315,899,328,625,1001,738,290,1071 
980	830,1431,841,1150,1284,1084,1422,816,1358,1197 
981	391,79,713,480,857,550,119,146,625,324 
982	614,973,1135,735,161,589,1132,1422,571,1460 
983	512,244,836,79,874,91,1077,214,380,2 
984	250,836,328,110,292,96,350,25,935,626 
985	286,193,599,1384,422,5,214,12,324,883 
986	218,387,360,697,1232,539,423,482,695,771 
988	407,96,1109,202,1011,999,797,19,899,600 
989	202,424,18,357,1323,9,806,849,245,1071 
990	309,1045,1427,673,1023,1445,962,1317,28,784 
991	637,42,1044,111,696,951,459,886,767,100 
992	934,1315,360,1194,1374,856,193,851,770,1317 
993	856,470,387,779,14,853,424,139,644,96 
994	928,470,899,79,382,1347,1035,915,464,496 
995	292,9,353,59,1347,253,1015,903,51,1232 
996	347,524,921,937,803,1023,748,1128,571,845 
997	157,1232,1071,584,79,2,520,1102,94,670 
998	748,599,853,799,771,19,980,191,782,374 
999	178,756,437,363,1247,193,202,1314,683,1209 
1000	168,360,96,193,990,1179,146,106,1015,3 
1001	782,238,439,667,96,413,883,522,670,3 
1002	53,16,277,1078,116,25,235,588,243,301 
1003	593,26,521,1209,324,395,224,116,714,139 
1004	9,470,992,238,745,708,70,721,328,489 
1005	1024,1217,1098,393,1071,238,457,593,450,667 
1006	1181,627,1071,76,16,782,550,997,794,159 
1007	849,1102,281,522,439,700,224,1053,328,238 
1008	218,220,116,467,1051,455,277,422,543,464 
1009	999,79,1105,1058,243,522,1007,977,963,110 
1010	474,622,178,683,1044,425,380,608,1068,296 
1011	836,1362,1390,439,515,61,670,361,202,27 
1012	93,264,765,1076,1400,25,16,5,299,764 
1013	726,1185,238,954,523,670,454,1149,914,424 
1014	213,2,256,1424,146,328,1384,71,79,1232 
1015	531,238,1172,786,433,374,146,214,593,424 
1016	1311,16,824,1181,588,25,1072,578,1023,997 
1017	608,1107,738,357,628,857,327,411,9,626 
1018	855,224,1053,317,271,75,1168,243,253,405 
1019	726,588,374,111,14,884,353,670,239,987 
1020	132,425,1135,1115,632,643,1084,450,706,85 
1021	336,79,5,248,71,204,672,1251,12,8 
1022	1241,71,470,1071,670,960,883,324,12,1211 
1023	550,3,738,667,573,806,285,986,71,380 
1024	1145,363,1427,962,70,851,531,177,181,1023 
1025	697,807,670,771,592,901,855,1191,695,897 
1026	425,951,886,1196,1048,450,730,804,1117,571 
1027	859,387,397,116,464,676,18,20,1059,1399 
1028	224,1090,119,9,191,1035,937,1147,713,96 
1029	218,13,374,25,467,1145,954,1078,1050,264 
1030	457,1045,202,1130,391,1194,90,550,1261,244 
1031	918,628,1219,714,9,407,2,413,670,1201 
1032	512,83,271,563,1024,10,38,764,79,2 
1033	1107,618,563,206,178,277,79,644,116,1175 
1034	899,255,232,591,713,256,893,350,337,676 
1035	511,1059,1107,849,644,202,1426,517,1172,554 
1036	391,1321,8,364,146,94,721,80,218,264 
1037	387,20,965,360,980,291,191,599,424,661 
1038	71,992,194,626,413,106,963,1107,676,470 
1039	413,18,1386,70,1071,726,683,836,71,191 
1040	899,939,915,193,1071,1225,603,1340,753,80 
1041	595,127,928,352,1217,470,199,218,1332,1083 
1042	387,592,198,1107,514,432,397,676,307,139 
1043	111,1372,801,178,417,738,310,1068,524,1049 
1044	1443,754,905,886,1254,210,417,524,488,804 
1045	292,360,782,202,627,599,1085,110,531,1424 
1046	738,307,592,670,478,19,157,177,294,363 
1047	1221,20,264,451,563,1344,592,478,189,588 
1048	181,468,235,253,522,421,53,317,218,416 
1049	294,220,1372,853,1107,483,543,191,238,715 
1050	512,1024,204,357,191,676,1185,171,523,715 
1051	159,413,194,79,93,235,205,572,1084,810 
1052	1115,804,632,816,194,339,555,609,417,841 
1053	22,1042,455,194,161,794,462,1385,1166,614 
1054	157,1424,644,523,1347,171,25,146,1426,910 
1055	1459,161,194,1135,730,1342,983,326,1443,568 
1056	844,670,468,1315,18,847,9,47,1384,42 
1057	413,18,5,350,353,363,1274,328,93,1251 
1058	220,71,238,1074,531,670,1172,264,243,997 
1059	121,810,271,20,1044,764,224,116,836,628 
1060	809,547,432,2,497,1010,93,1328,1077,592 
1061	1058,83,380,56,1007,764,342,20,25,407 
1062	980,721,599,512,584,1203,554,550,256,411 
1063	211,205,905,1364,556,445,1084,973,692,943 
1064	1328,9,360,999,20,424,110,93,909,264 
1065	1078,810,243,681,433,271,670,539,809,939 
1066	450,425,53,451,884,711,65,218,1084,194 
1067	387,324,110,202,470,3,600,116,4,14 
1068	1201,9,292,244,599,328,92,627,202,191 
1069	239,455,1241,488,622,240,450,271,83,468 
1070	317,1076,18,157,277,93,627,12,253,644 
1072	421,1051,212,1194,810,53,177,149,220,844 
1073	550,71,1217,836,1426,482,599,238,142,393 
1074	550,388,329,478,91,1320,238,1071,83,230 
1075	627,1033,264,422,782,522,670,294,593,25 
1076	328,79,1102,1185,531,146,219,556,120,96 
1077	264,5,177,810,181,116,19,1148,1185,90 
1078	264,277,1175,470,363,71,810,202,9,1323 
1079	1232,204,482,387,171,715,374,1085,126,898 
1080	543,20,980,198,139,71,1107,771,261,1266 
1081	79,413,387,400,328,498,1390,847,493,261 
1082	116,760,1130,1098,244,379,721,360,181,1102 
1083	361,307,305,193,355,429,1419,1302,1229,991 
1084	238,380,18,903,328,464,294,697,79,676 
1085	550,180,238,8,191,91,266,171,836,25 
1086	224,238,517,857,116,893,146,119,512,748 
1087	890,1116,1033,685,1456,1211,1098,337,952,321 
1088	1198,53,455,953,240,1084,637,235,808,937 
1089	573,539,807,221,764,474,782,554,897,391 
1090	1044,474,90,696,1274,471,360,400,62,683 
1091	975,451,1384,1045,71,1107,586,1219,5,1371 
1092	20,874,71,584,438,350,588,1013,750,975 
1093	836,115,1107,986,978,935,1175,286,683,782 
1094	676,291,387,853,1107,202,90,713,432,1217 
1095	111,488,1336,810,1342,637,572,1048,1148,845 
1096	1059,1107,202,370,193,667,1440,712,550,115 
1097	271,20,765,264,844,997,627,360,277,4 
1098	1044,193,515,253,158,1459,609,683,571,1145 
1099	115,432,96,1071,64,328,514,106,928,71 
1100	361,357,1102,836,9,364,1194,147,220,264 
1101	353,121,264,5,16,446,467,93,13,899 
1102	271,264,277,844,471,467,181,292,1078,1044 
1103	382,771,854,543,328,799,1040,9,665,695 
1104	754,150,459,1426,953,256,1027,1135,845,563 
1105	5,1423,277,25,844,387,116,439,20,284 
1106	756,1164,844,10,180,1384,1015,202,1102,1044 
1107	543,92,213,91,593,328,110,599,20,470 
1108	1033,719,836,670,1344,525,79,771,191,713 
1109	893,324,387,20,291,224,292,116,4,721 
1110	683,432,799,202,290,1015,836,1107,345,198 
1111	1185,20,451,212,374,33,1414,1232,264,581 
1112	1136,1323,1219,878,1017,286,201,370,139,683 
1113	20,1232,218,1147,220,824,866,182,1203,1085 
1114	8,1098,238,357,489,833,180,1089,1040,214 
1115	360,1078,90,764,16,470,1030,681,212,277 
1116	829,439,94,146,96,486,307,1130,1456,3 
1117	393,413,1410,457,202,958,439,8,280,168 
1118	404,1200,324,958,903,292,1071,1347,1031,116 
1119	1443,951,772,425,572,1202,111,210,1187,211 
1120	1071,4,157,1219,1371,515,307,722,495,600 
1121	1001,786,584,885,433,673,550,836,243,748 
1122	764,9,232,899,191,116,238,272,404,1071 
1123	1116,1347,782,713,1057,184,898,1230,1107,514 
1124	57,899,79,202,191,292,683,1078,1107,836 
1125	93,764,844,71,387,263,2,20,238,765 
1126	637,368,111,856,1135,576,845,632,326,240 
1127	244,836,397,407,853,292,550,202,1201,955 
1128	1166,171,180,482,1071,464,1085,199,100,893 
1129	459,1044,1443,1132,1342,368,1364,758,1117,816 
1130	595,1439,212,182,584,599,467,220,1083,476 
1131	65,696,1187,692,1084,951,76,339,419,690 
1132	1196,1115,939,425,556,705,309,1076,42,816 
1133	517,1130,548,1085,670,539,218,264,432,96 
1134	277,261,361,446,307,1232,855,218,21,695 
1135	218,644,71,235,1071,474,238,627,286,764 
1136	116,1209,1059,9,294,157,238,676,25,395 
1137	1084,205,1042,905,549,696,730,158,1048,1196 
1138	874,20,824,1078,238,1185,39,7,62,1109 
1139	747,975,363,1109,465,439,328,954,738,96 
1140	243,883,670,1147,381,127,9,292,110,593 
1141	93,424,25,986,146,387,628,360,83,307 
1142	1118,721,1045,379,550,799,514,457,280,297 
1143	918,1136,712,424,628,71,432,1371,437,496 
1144	360,1240,464,481,467,295,1435,1335,262,92 
1145	855,79,1145,1045,20,261,782,853,960,980 
1146	738,3,563,12,543,70,836,606,1185,1107 
1147	326,425,983,601,794,1115,345,1290,1202,1 
1148	810,829,220,121,1185,16,271,20,301,799 
1149	79,810,243,202,844,328,387,307,146,70 
1150	1107,357,514,947,79,363,1168,404,1024,1155 
1151	59,644,424,18,738,329,1265,553,427,714 
1152	464,218,719,357,224,1033,364,307,806,853 
1153	146,1070,683,439,360,193,157,292,119,521 
1154	467,588,264,271,25,844,121,855,51,424 
1155	211,42,614,326,450,194,906,1044,810,549 
1156	459,1115,83,775,549,1132,1175,622,524,180 
1157	71,357,307,782,238,224,202,88,180,721 
1158	93,765,439,264,71,1384,168,20,159,397 
1159	1185,550,1058,1457,92,79,407,25,489,797 
1160	367,953,76,425,841,375,211,1082,845,1459 
1161	360,387,464,191,599,771,451,901,202,294 
1162	116,292,1033,204,127,1274,110,1107,18,599 
1163	59,328,424,9,238,357,329,12,782,3 
1164	575,106,784,1194,1023,1092,94,649,851,420 
1165	910,157,1232,344,894,588,1071,212,764,1185 
1166	683,975,498,407,882,1321,978,1190,146,988 
1167	478,670,1109,60,890,180,554,238,294,824 
1168	810,5,159,62,264,468,277,726,1135,284 
1169	722,425,459,53,339,951,1132,735,804,1097 
1170	1102,628,90,824,407,180,302,1039,51,935 
1171	292,218,9,353,467,681,543,771,1107,361 
1172	51,1217,1085,294,1047,292,256,1185,782,1013 
1173	387,360,1315,599,844,980,467,121,202,191 
1174	478,1107,721,670,683,824,435,859,224,363 
1176	960,262,482,43,920,18,116,337,9,541 
1177	397,599,350,393,1024,212,464,1107,676,1182 
1178	596,735,983,455,1150,888,1087,66,42,1042 
1179	810,53,277,425,317,951,1385,455,203,1194 
1180	360,261,1107,90,294,292,253,771,379,93 
1181	1320,328,836,999,1059,782,565,224,1155,578 
1182	531,885,1107,786,9,328,387,1000,1203,350 
1183	71,90,360,423,584,593,799,199,893,573 
1184	116,387,218,292,264,771,884,238,1085,327 
1185	92,853,286,708,360,407,1145,294,917,586 
1186	53,810,1423,344,997,159,1170,765,953,62 
1187	146,433,191,844,992,79,1410,676,955,478 
1188	59,1323,534,1136,714,1274,9,521,992,2 
1189	218,697,451,884,1085,353,9,914,235,1203 
1190	470,424,243,232,1045,9,1085,713,958,324 
1191	1107,43,1384,121,178,259,647,667,424,1141 
1192	764,264,569,439,588,357,212,9,301,810 
1193	1135,1115,1187,326,1002,1290,414,375,1082,830 
1194	803,210,111,194,156,454,758,1459,1177,997 
1195	25,9,116,422,20,782,719,78,1107,673 
1196	1437,923,65,510,1077,413,432,1164,843,874 
1197	202,238,9,294,593,286,387,470,1390,432 
1198	19,1001,457,1074,343,336,261,1335,63,92 
1199	12,1247,238,593,27,770,836,683,708,139 
1200	20,464,374,853,360,1411,451,119,264,482 
1201	422,1211,470,715,1386,593,670,191,585,997 
1202	9,890,670,478,563,20,844,423,1372,644 
1203	990,708,391,1247,496,493,1240,1315,715,110 
1204	1342,1115,722,326,1254,692,111,572,339,1459 
1205	569,264,438,20,874,1001,884,121,1085,603 
1207	1015,770,1315,157,94,844,397,291,1314,327 
1208	60,92,470,361,8,1269,1219,1074,157,1046 
1209	771,350,980,5,1144,20,684,422,384,212 
1210	975,738,744,1000,307,1362,721,1194,768,380 
1211	1085,1140,472,478,1076,600,626,9,220,1172 
1212	271,317,90,157,531,295,42,28,291,953 
1213	726,16,240,880,65,468,202,1145,1423,400 
1214	1232,218,182,853,817,731,262,397,960,1130 
1215	218,20,464,9,713,844,1232,96,1315,238 
1216	1447,495,438,542,1189,1395,437,401,958,146 
1217	193,5,684,387,522,19,955,90,581,844 
1218	9,824,531,18,424,1098,744,836,189,748 
1220	71,20,464,256,202,119,672,673,847,627 
1221	1048,549,1135,856,1342,905,1196,488,722,696 
1222	572,758,614,609,80,1197,1187,589,408,111 
1223	324,744,999,600,309,593,480,853,1247,935 
1224	935,859,1390,1098,606,1347,112,1050,116,857 
1225	218,627,317,360,9,844,455,670,277,1078 
1226	131,91,191,644,92,1185,327,1058,760,83 
1227	387,866,218,9,116,599,451,171,670,1347 
1228	928,218,20,116,470,224,395,9,79,96 
1229	387,1194,627,713,90,250,599,71,374,550 
1230	859,218,684,593,770,387,224,1390,672,525 
1231	177,53,218,765,16,997,121,62,829,157 
1232	1180,882,51,238,548,1362,397,121,476,695 
1233	586,708,681,496,1217,363,1045,20,713,782 
1234	1398,1109,478,1130,747,1102,191,178,88,79 
1235	439,294,96,844,71,27,1424,1315,836,168 
1236	1044,132,459,76,417,42,816,193,643,1097 
1237	905,794,572,1422,801,804,193,679,1097,735 
1238	212,765,271,53,1287,7,1059,202,387,451 
1239	204,439,1203,214,180,721,1109,256,676,880 
1240	211,156,53,983,794,1115,1196,408,271,953 
1241	1274,1323,53,724,987,264,214,1151,1046,627 
1242	20,387,497,46,198,472,997,268,1232,1383 
1243	1092,244,299,1458,609,639,1076,637,990,786 
1244	683,1044,218,20,599,782,202,385,1194,1440 
1245	214,61,1071,978,748,1102,422,387,160,738 
1246	307,881,627,866,110,224,360,9,793,324 
1247	116,224,96,937,90,470,760,600,119,294 
1248	116,1344,71,422,890,672,627,1089,263,218 
1249	387,360,264,292,987,218,928,243,374,324 
1250	212,412,433,859,146,243,62,1287,9,360 
1251	425,735,804,888,211,572,42,488,1196,730 
1252	1002,944,589,1132,310,407,1044,735,571,25 
1253	20,121,212,224,1221,5,416,548,292,277 
1254	1196,417,1019,156,425,810,1048,445,905,1146 
1255	135,191,738,958,474,626,92,563,244,110 
1257	132,614,953,951,194,632,1132,42,211,1049 
1258	53,1423,588,62,451,93,25,644,695,20 
1259	146,14,9,1105,63,1378,482,59,220,676 
1260	910,1223,344,271,997,7,844,25,644,1044 
1261	161,1459,953,132,488,1115,589,614,1132,450 
1262	1024,569,423,390,302,251,4,1276,1225,369 
1263	740,1107,1059,364,387,724,514,324,509,146 
1264	470,899,110,928,1217,1098,324,496,79,713 
1265	1347,980,782,220,928,1203,327,135,1074,482 
1266	116,53,670,1340,277,1456,1247,1059,122,697 
1267	470,1247,999,250,782,424,779,1315,522,1098 
1268	91,1107,202,218,1269,626,324,1386,464,563 
1269	264,307,584,1107,292,90,157,96,25,572 
1270	563,903,899,387,464,191,88,4,853,599 
1271	765,212,317,121,271,764,424,470,324,599 
1272	571,953,194,758,820,1431,632,211,614,1084 
1273	9,25,92,116,146,250,218,572,890,626 
1274	571,804,410,211,1079,1150,801,549,1132,1019 
1275	451,416,25,433,317,218,53,277,901,515 
1276	676,1411,782,292,191,250,119,202,1347,255 
1277	738,380,474,12,626,992,523,196,388,204 
1278	397,9,387,14,853,550,212,238,303,93 
1279	1175,70,683,110,193,119,470,360,1145,1274 
1280	673,816,1148,253,983,1459,83,451,1342,28 
1281	1156,849,604,1078,3,829,939,1160,360,796 
1282	424,518,1364,644,1034,856,893,714,422,1386 
1283	261,1107,202,9,1179,882,474,600,30,592 
1284	1049,801,571,194,1148,1044,1084,1048,973,1197 
1285	900,600,958,92,1175,328,713,1181,1247,424 
1286	368,29,643,1097,1320,1141,393,76,66,106 
1287	224,71,127,975,292,238,1035,360,1172,517 
1288	79,432,357,824,422,676,63,90,3,48 
1289	1132,1148,571,820,211,28,643,804,794,905 
1290	547,999,9,79,71,634,139,250,246,238 
1291	1059,379,960,684,1390,286,324,890,875,670 
1292	1130,20,146,464,357,1047,220,202,1424,304 
1293	100,20,1413,142,914,380,1105,7,701,988 
1294	238,697,9,71,256,25,96,1098,115,1109 
1295	1045,1076,1194,900,708,770,363,497,90,1108 
1296	404,18,1209,496,708,593,3,10,413,110 
1297	910,344,317,884,764,1223,5,659,451,62 
1298	683,856,836,537,799,1114,1018,1254,328,1009 
1299	353,588,317,810,581,1034,41,1047,25,1414 
1300	82,389,1145,1026,122,1436,817,1335,1285,1226 
1301	1340,455,528,684,829,457,1160,478,264,612 
1302	445,1431,210,205,135,943,1047,578,260,938 
1303	1084,150,845,194,62,1460,643,572,711,563 
1304	868,9,96,1071,470,457,388,644,202,219 
1305	387,432,627,1031,523,92,292,1347,40,424 
1306	1122,1116,829,387,163,582,806,321,20,337 
1307	810,62,451,910,16,5,572,344,307,844 
1308	866,213,96,584,599,71,809,324,9,1435 
1309	853,292,1107,1175,361,942,782,893,20,291 
1310	464,853,202,387,360,324,893,908,100,676 
1311	1076,193,939,1390,168,829,572,768,584,1240 
1312	277,53,177,218,317,765,1273,307,719,43 
1313	1058,90,799,165,497,826,806,371,328,56 
1314	393,3,1390,1024,593,343,1335,950,816,400 
1315	360,292,672,1390,71,5,96,670,960,928 
1316	5,464,116,853,111,100,844,1335,463,684 
1317	1232,584,543,327,71,541,482,280,433,1203 
1318	628,25,205,433,256,1084,672,432,523,474 
1319	853,1347,1098,79,96,1024,14,670,71,588 
1320	20,866,9,884,844,1185,224,853,304,353 
1321	1398,1168,116,292,1209,531,543,1001,79,700 
1322	160,220,1251,25,433,413,301,218,1215,1051 
1323	1274,47,290,206,912,1209,626,422,1417,672 
1324	673,71,25,360,9,593,127,96,782,672 
1325	942,212,271,884,455,438,1086,810,569,160 
1326	980,855,940,847,806,422,116,700,1098,1155 
1327	9,935,256,523,807,512,426,628,294,806 
1328	738,73,628,1393,497,676,294,432,59,328 
1329	25,588,1056,253,317,83,1078,1166,563,119 
1330	363,202,878,422,1219,1265,50,26,474,71 
1331	326,1135,375,211,132,161,1044,414,240,1132 
1332	1060,1424,204,1059,424,18,1050,342,1274,1232 
1333	468,997,451,62,1273,844,111,5,93,670 
1335	836,307,676,146,1076,324,71,483,1172,683 
1336	25,1078,116,764,271,1211,1071,224,202,11 
1337	14,550,588,307,48,246,1127,242,700,439 
1338	202,64,782,672,1386,243,71,149,1347,1175 
1339	218,353,849,543,807,599,901,46,5,844 
1340	599,116,92,422,1059,93,202,884,20,424 
1341	158,722,326,549,950,1097,375,690,83,1186 
1342	53,277,25,253,1390,353,271,1423,1194,980 
1343	93,1314,628,178,14,317,1219,1287,1116,307 
1344	1024,786,244,523,407,51,100,432,853,695 
1345	885,786,146,407,90,661,719,523,292,1015 
1346	9,202,139,854,536,853,928,806,857,670 
1347	16,353,387,116,259,598,1191,277,1102,328 
1348	988,146,1398,498,1424,489,743,119,482,377 
1349	683,119,286,470,738,363,1390,18,786,139 
1350	62,212,684,416,220,387,1340,531,261,585 
1351	242,538,770,960,245,183,897,534,397,1262 
1352	433,212,114,149,1332,628,1296,873,246,277 
1353	424,422,1136,667,437,18,59,644,647,1265 
1354	1071,135,9,238,397,1107,294,543,836,92 
1355	550,1251,464,397,218,658,903,1059,721,224 
1356	47,127,407,90,202,224,893,586,171,1411 
1357	121,765,265,1431,1364,722,13,150,1122,1194 
1358	569,672,1223,884,202,463,522,849,782,1410 
1359	146,786,361,387,885,292,817,550,70,128 
1360	261,1107,25,140,116,1266,1287,416,327,618 
1361	853,110,360,96,673,18,79,407,119,493 
1362	93,253,264,317,810,609,277,446,307,1223 
1363	1315,919,992,213,361,1271,738,380,191,360 
1364	1437,1077,1384,573,976,71,874,1111,1333,68 
1365	957,1059,782,464,422,600,71,1194,328,202 
1366	71,543,824,8,397,1024,1426,294,439,1071 
1367	71,550,1092,806,786,243,295,672,387,670 
1368	810,307,829,353,844,16,357,51,159,997 
1369	1023,1276,1266,1034,592,467,1194,1001,997,318 
1370	1144,543,218,18,495,25,726,478,451,202 
1371	696,159,810,1115,1042,1097,66,794,1135,1290 
1372	191,482,433,409,218,1024,1185,350,714,582 
1373	997,116,292,844,1078,1252,159,765,522,442 
1374	569,438,344,939,874,884,235,5,253,451 
1375	782,1104,1155,543,302,942,1107,219,1264,176 
1376	1101,259,71,191,593,264,159,405,713,250 
1377	844,353,1251,1158,387,432,264,397,829,14 
1378	467,277,307,859,471,224,116,20,1191,387 
1379	83,42,1364,205,93,1287,953,28,157,1115 
1380	291,1320,1350,90,518,106,1189,186,129,405 
1381	244,714,1092,191,328,189,139,738,297,1162 
1382	20,268,1085,681,433,595,673,360,1221,1191 
1383	592,219,168,146,1247,28,119,439,193,853 
1384	816,1254,5,1049,1197,326,549,801,841,253 
1385	550,20,455,79,242,1109,470,280,481,975 
1386	1293,344,1034,71,439,1276,1071,91,884,180 
1387	25,450,572,563,83,804,1049,1068,571,884 
1388	433,756,344,844,672,592,1084,691,413,18 
1389	115,853,384,292,1247,116,70,1200,935,40 
1390	327,433,361,116,1439,655,793,954,218,446 
1391	244,90,626,387,256,1109,407,474,1315,198 
1392	782,457,1045,1410,856,990,324,328,244,116 
1393	578,724,1320,603,424,61,324,877,457,1349 
1394	121,20,218,62,53,451,13,25,16,874 
1395	1269,75,18,493,76,588,329,182,7,722 
1396	18,1107,411,9,71,157,432,428,202,474 
1398	38,25,357,360,569,20,782,239,664,1130 
1399	218,5,360,71,9,374,18,771,119,397 
1400	393,48,244,1047,324,470,37,1059,861,857 
1401	92,470,422,543,4,324,986,286,1107,90 
1402	655,697,457,100,71,92,695,1185,673,1335 
1403	1423,983,451,844,944,53,439,765,177,277 
1404	670,847,454,280,588,773,980,224,595,1205 
1405	592,1419,28,784,339,1445,460,457,1032,1023 
1406	79,324,12,157,853,1107,1191,214,721,334 
1407	810,264,353,271,997,235,673,455,301,644 
1408	1145,543,1390,676,294,238,291,1105,14,714 
1409	71,220,1410,5,55,70,397,362,1175,33 
1410	250,486,1017,939,193,1045,768,1009,546,324 
1411	482,20,238,764,1074,202,539,517,593,681 
1412	903,600,71,1209,1059,110,563,1240,18,191 
1413	191,588,271,422,79,244,243,218,512,684 
1414	676,255,628,369,296,189,1209,592,294,470 
1415	262,218,380,20,292,847,360,424,328,1274 
1416	708,928,721,770,672,899,683,335,96,407 
1417	100,829,387,806,824,670,407,920,593,497 
1418	276,9,292,127,1323,673,20,732,87,518 
1419	1084,897,550,829,1023,80,219,788,212,528 
1420	696,161,683,643,794,445,459,450,571,80 
1421	20,387,90,238,697,584,563,374,191,1424 
1422	608,1274,422,474,999,294,960,1007,992,91 
1423	100,897,9,1071,224,806,71,202,543,110 
1424	357,238,256,9,224,1390,1024,96,483,743 
1425	1059,628,342,1450,672,618,157,79,627,299 
1426	1194,324,856,470,70,853,1045,935,292,435 
1427	871,53,1356,998,446,364,218,439,1410,25 
1428	160,387,433,853,294,578,810,218,439,53 
1429	53,264,810,765,121,455,1282,243,212,585 
1430	25,202,884,7,1203,157,238,116,246,92 
1432	253,159,451,844,264,301,672,62,287,950 
1433	710,9,859,440,387,304,96,676,328,79 
1434	1018,435,542,261,738,1393,562,854,60,696 
1435	224,404,522,853,146,424,9,1071,272,590 
1436	218,264,770,464,90,397,53,92,88,47 
1437	593,1213,859,364,110,256,1107,119,745,413 
1438	1107,324,836,550,708,455,712,474,157,64 
1440	242,80,1175,432,61,202,1084,25,32,92 
1441	713,307,600,191,406,407,238,990,116,1015 
1442	975,960,360,46,489,883,202,432,142,1217 
1443	218,286,3,92,126,160,595,476,1247,212 
1444	62,264,997,810,301,844,829,884,1166,764 
1445	1085,20,859,1107,387,1191,866,218,9,277 
1446	111,65,425,614,643,326,845,459,906,619 
1447	218,980,9,866,472,670,374,71,771,96 
1448	59,424,738,764,523,521,1274,1071,821,1030 
1449	735,1443,983,845,810,1049,1048,1148,1202,549 
1450	550,721,204,975,1005,853,126,224,374,464 
1451	424,1251,1031,1247,514,836,1071,676,110,578 
1452	1274,1323,581,202,328,782,71,1211,556,970 
1453	9,361,243,264,836,695,522,439,475,100 
1454	238,512,135,71,569,1211,470,20,243,1179 
1455	191,18,116,1109,360,79,88,1010,683,14 
1456	1323,146,489,738,782,578,357,14,600,593 
1457	292,324,676,238,353,439,522,397,110,71 
1458	264,1078,353,116,439,292,181,271,1185,27 
1459	855,697,218,20,304,19,32,422,750,472 
1460	9,980,522,243,387,286,782,360,465,413 
1461	211,111,445,953,240,42,905,132,524,249 
1462	954,644,670,563,292,71,324,224,705,928 
1463	191,135,550,1201,474,599,760,294,489,4 
1464	116,522,464,93,713,71,673,202,397,836 
1465	1323,918,424,380,18,437,1107,1424,1337,498 
1466	1459,735,211,414,951,1049,637,1222,845,1148 
1467	997,353,1078,264,765,1423,277,844,243,1144 
1468	277,713,387,292,5,1044,261,844,843,1390 
1469	243,1205,1044,592,998,83,684,369,1398,589 
1470	588,16,468,317,726,997,271,400,1423,684 
1471	1060,1337,1007,342,380,100,1424,59,262,1274 
1472	220,480,3,79,1024,496,191,168,531,498 
1473	20,810,847,433,62,121,277,235,361,884 
1474	450,468,722,317,569,816,264,451,1459,417 
1475	53,810,765,317,277,62,764,1241,1423,998 
1476	380,214,439,79,14,238,963,129,92,397 
1477	468,1251,844,997,946,177,87,1423,43,1216 
1478	1045,90,1374,768,28,264,1015,1179,189,962 
1479	572,375,459,265,1290,804,614,1187,951,205 
1480	722,1364,1044,1459,1196,951,468,572,194,132 
1481	42,905,794,886,76,989,1459,637,339,845 
1482	62,121,53,25,235,588,684,181,287,1166 
1483	158,794,820,326,194,953,804,339,1431,1097 
1484	1323,681,433,439,250,799,334,387,12,248 
1485	387,9,470,116,514,191,1315,1347,374,168 
1486	71,91,224,1424,626,327,310,142,204,4 
1487	1010,539,676,238,914,432,92,191,1074,304 
1488	224,238,328,857,292,1035,824,404,422,470 
1489	1175,826,328,935,10,893,1426,360,857,362 
1490	256,286,543,1271,874,147,721,9,1045,883 
1491	110,1085,407,612,670,522,20,224,119,220 
1492	1115,375,696,1403,205,1002,459,1284,944,1431 
1493	455,810,264,116,844,317,467,593,71,157 
1494	1059,393,261,859,1217,139,496,920,191,676 
1495	1107,1252,277,317,515,264,572,684,212,75 
1496	950,450,468,264,451,673,983,1048,25,211 
1497	1424,220,71,79,3,1102,294,12,1109,242 
1498	1048,983,973,948,211,161,758,672,589,1097 
1499	1135,159,886,983,1443,1372,253,754,367,589 
1500	810,765,253,235,841,1027,673,67,1076,601 
1501	541,146,1398,498,1155,61,728,907,122,202 
1502	1015,486,572,261,264,784,1427,98,243,1041 
1503	253,903,1071,944,506,738,211,1364,591,1033 
1504	219,429,43,649,264,696,572,1034,1041,194 
1505	550,8,543,61,1320,439,224,328,71,171 
1506	470,12,292,370,593,958,3,999,719,672 
1507	177,36,317,25,705,1,1252,906,1023,632 
1508	997,353,317,588,277,20,1078,53,253,96 
1509	264,353,243,1078,588,684,470,859,928,794 
1510	844,353,276,292,1323,5,1251,235,548,771 
1511	425,816,1132,408,951,549,950,1070,1196,943 
1512	1136,110,407,770,244,361,672,25,292,1001 
1513	433,432,738,9,1007,148,270,474,1059,1047 
1514	111,450,235,157,711,83,884,950,906,758 
1515	468,451,455,42,111,1247,471,764,235,722 
1516	572,568,953,1364,1132,271,810,76,820,368 
1517	910,121,83,344,764,844,317,1044,16,157 
1518	1087,735,295,886,524,210,596,156,937,205 
1519	859,43,1077,1287,455,457,743,400,1384,721 
1520	264,8,51,219,327,1083,531,1179,48,90 
1521	439,159,328,578,697,963,135,178,782,79 
1522	910,271,810,344,121,844,764,1078,159,455 
1523	20,360,1232,423,121,548,539,1282,810,1296 
1525	353,16,317,264,471,235,588,25,1251,667 
1526	983,111,705,845,211,414,1254,375,417,1274 
1527	765,16,271,264,277,997,25,212,859,1181 
1528	135,202,407,1058,903,191,256,380,204,1068 
1529	232,713,470,127,116,1098,71,593,255,1399 
1530	770,90,3,157,1015,721,810,644,355,1045 
1531	10,536,1262,413,25,51,1201,18,264,317 
1532	83,344,950,997,177,844,730,168,468,1252 
1533	1378,218,866,853,627,1044,1390,713,47,439 
1534	18,918,361,1136,286,714,543,2,489,675 
1536	1273,43,991,439,94,259,146,1076,531,357 
1537	900,770,1001,634,1323,19,1411,844,592,1108 
1538	62,93,25,765,317,844,467,272,181,1181 
1539	135,1144,354,196,3,1457,1059,91,721,224 
1540	20,111,726,116,5,157,588,673,810,191 
1541	592,1383,622,1019,632,1194,1115,810,549,1002 
1542	218,673,277,20,53,317,191,874,157,829 
1543	220,121,264,1221,588,1078,455,400,748,531 
1544	459,1254,1002,158,758,643,696,284,1252,973 
1545	242,1268,88,1251,202,96,360,1201,432,541 
1546	522,45,1340,1185,3,302,32,1264,889,62 
1547	905,801,425,886,161,1342,576,1084,1202,1049 
1548	661,884,292,20,361,655,935,1094,147,697 
1549	644,357,272,521,1071,563,1217,25,866,1047 
1550	277,264,25,10,353,121,116,94,459,180 
1551	1185,100,847,374,556,20,1254,700,126,191 
1552	810,467,243,317,53,307,235,330,1023,1194 
1553	1347,518,423,433,628,1047,291,1015,121,139 
1554	62,467,121,53,684,264,1078,1181,271,1071 
1555	178,307,646,70,550,1129,624,25,363,1071 
1557	264,829,193,271,1044,121,839,497,604,1344 
1558	206,9,543,20,603,577,224,760,286,198 
1559	810,181,317,1071,121,177,884,292,1051,572 
1560	205,211,886,614,1049,1019,921,1132,711,1422 
1561	603,181,146,5,253,1261,424,1071,212,59 
1562	730,42,156,983,690,790,754,1146,1148,614 
1563	424,644,251,1060,380,1323,427,1071,422,1337 
1564	75,18,495,1074,357,577,1209,760,142,157 
1565	1191,481,20,1074,855,901,1046,79,882,451 
1566	271,1044,264,53,194,467,62,451,632,572 
1567	433,515,272,1371,857,400,292,47,277,271 
