0	89,329,504,164,365,514,174,341,530,452 
1	44,125,135,498,110,547,728,305,645,233 
2	89,151,504,214,514,43,197,174,239,280 
3	190,329,233,214,365,403,65,197,62,83 
4	190,125,498,5,452,151,361,547,110,643 
5	89,233,164,125,180,16,239,450,60,629 
6	44,329,498,43,305,449,233,164,110,302 
7	44,125,65,483,547,155,361,452,74,181 
8	44,125,135,483,110,197,438,5,155,104 
9	125,44,498,728,361,483,5,305,438,8 
10	89,504,521,514,239,341,214,62,180,483 
11	44,125,141,361,537,728,197,438,74,181 
12	125,44,141,5,537,110,74,11,305,27 
13	44,135,5,537,361,183,110,449,728,619 
14	89,449,108,125,16,239,450,180,489,161 
15	44,125,329,5,117,197,547,155,18,286 
16	89,190,151,180,147,514,125,241,450,470 
17	89,329,43,60,341,498,164,483,62,268 
18	44,125,141,65,483,117,151,155,305,8 
19	44,125,483,110,361,11,452,183,155,108 
20	44,113,60,449,5,645,452,155,108,337 
21	44,125,89,483,110,117,11,645,543,27 
22	141,44,135,214,521,183,537,504,645,337 
23	44,135,521,504,164,498,365,483,65,239 
24	190,329,151,164,60,341,197,365,483,155 
25	44,141,498,60,449,305,645,728,452,205 
26	164,183,329,365,174,197,83,5,341,483 
27	125,44,214,117,728,11,197,305,619,621 
28	44,125,135,110,151,117,547,645,183,619 
29	89,233,108,521,16,125,180,530,138,268 
30	44,125,141,537,728,11,74,5,113,488 
31	43,449,521,164,44,239,241,214,483,47 
32	44,125,498,151,361,117,547,11,645,286 
33	113,214,180,151,498,521,365,5,305,62 
34	44,329,361,151,155,483,728,452,110,205 
35	44,141,125,113,483,403,521,305,183,365 
36	470,89,62,96,521,138,672,147,44,134 
37	89,135,449,521,164,5,197,504,305,6 
38	89,44,108,365,341,180,16,514,239,452 
39	190,125,141,728,483,361,305,155,5,254 
40	125,214,361,537,5,483,452,449,110,164 
41	44,125,65,110,113,537,452,5,361,286 
42	125,44,214,728,197,110,645,113,452,183 
43	89,504,190,450,241,268,56,125,147,403 
44	44,125,341,141,537,361,110,645,6,488 
45	141,44,151,5,537,452,117,449,521,219 
46	89,135,233,450,180,16,125,341,62,5 
47	113,329,125,43,365,521,65,60,239,83 
48	44,125,135,403,110,547,197,74,5,8 
49	125,44,65,117,537,361,197,619,438,322 
50	44,329,214,108,504,43,365,450,452,547 
51	44,125,341,305,728,113,155,11,5,18 
52	89,125,233,504,341,365,60,305,645,547 
53	449,521,83,44,530,138,135,470,241,498 
54	89,108,44,180,174,147,341,514,197,537 
55	89,135,233,180,341,365,16,403,630,96 
56	89,521,135,214,62,514,239,450,403,629 
57	125,44,498,110,113,728,151,547,645,85 
58	44,125,214,483,155,5,113,645,305,643 
59	113,135,498,521,60,197,65,5,483,18 
60	125,44,89,483,5,197,547,74,438,205 
61	89,135,483,361,117,547,305,645,449,205 
62	44,125,341,547,452,151,361,438,11,233 
63	504,449,183,530,190,514,241,470,135,806 
64	113,135,180,183,521,108,197,537,403,8 
65	44,141,113,449,43,183,483,233,117,11 
66	113,329,183,305,521,164,452,483,233,547 
67	44,125,341,155,197,113,645,619,151,104 
68	190,135,521,498,43,197,60,537,483,155 
69	190,135,125,504,214,498,197,403,483,138 
70	44,329,341,449,537,5,521,110,43,205 
71	44,125,498,197,155,110,5,151,438,488 
72	190,125,135,117,728,151,5,155,438,85 
73	89,44,521,214,125,174,514,241,489,483 
74	44,125,214,197,11,483,438,113,488,74 
75	125,44,141,361,5,547,117,155,11,621 
76	44,125,498,537,361,483,645,305,110,322 
77	329,498,483,197,5,155,547,438,645,337 
78	89,329,498,403,504,197,305,62,645,147 
79	190,329,125,504,498,43,197,450,174,489 
80	113,190,135,341,197,483,504,174,403,361 
81	89,135,164,151,504,174,514,268,65,181 
82	44,125,135,537,5,449,117,645,452,43 
83	44,329,498,110,151,547,155,645,5,108 
84	113,329,108,151,365,483,537,197,438,630 
85	44,125,498,537,547,5,11,113,151,8 
86	125,44,214,483,547,5,197,6,488,621 
87	141,135,214,197,537,108,361,504,117,174 
88	44,125,141,5,197,483,438,113,219,120 
89	190,329,135,62,403,197,645,341,65,672 
90	44,89,341,5,361,117,547,305,452,43 
91	190,449,214,108,62,197,180,164,60,241 
92	190,329,108,214,43,180,65,239,514,174 
93	449,190,470,108,521,183,404,135,214,305 
94	44,125,89,547,11,155,483,6,181,183 
95	125,44,60,155,645,361,452,11,74,449 
96	141,498,452,197,110,438,337,483,788,181 
97	44,125,498,537,151,155,547,6,205,286 
98	89,233,44,62,174,341,180,241,268,56 
99	521,43,190,365,135,34,183,16,56,450 
100	44,125,89,452,361,155,11,113,197,8 
101	44,125,5,197,645,449,483,728,233,205 
102	125,44,141,403,537,452,483,361,488,833 
103	125,44,214,113,483,728,537,619,438,8 
104	113,341,60,151,504,65,483,361,365,630 
105	44,125,498,361,537,110,11,452,151,619 
106	233,504,62,450,329,239,180,83,268,305 
107	190,135,521,60,341,365,450,483,305,174 
108	89,151,62,164,498,341,197,60,483,16 
109	44,449,108,214,62,404,125,239,341,645 
110	141,89,135,498,483,305,117,449,728,85 
111	190,449,151,43,365,214,483,60,174,672 
112	190,151,164,108,341,498,60,65,174,302 
113	89,135,329,108,450,498,174,197,514,530 
114	44,125,65,452,110,547,197,11,205,833 
115	125,44,65,141,180,537,483,619,6,643 
116	125,44,60,728,537,547,452,113,438,621 
117	125,44,214,113,11,5,197,151,438,27 
118	44,125,214,151,117,483,197,438,305,911 
119	44,125,498,403,483,547,438,11,305,8 
120	141,341,183,197,728,449,645,521,164,205 
121	190,135,504,180,403,365,62,60,450,117 
122	44,135,341,305,183,728,361,645,110,74 
123	329,135,341,43,65,183,365,5,75,256 
124	125,44,89,361,547,5,728,452,197,621 
125	113,125,302,183,645,5,43,365,403,16 
126	44,125,329,197,728,155,5,452,619,181 
127	141,135,483,155,728,361,537,452,108,337 
128	44,125,89,11,155,728,547,645,361,911 
129	44,125,403,537,5,110,645,74,438,833 
130	125,44,65,155,537,483,438,5,305,104 
131	44,125,341,197,547,74,483,219,438,181 
132	89,233,135,125,514,214,450,60,403,672 
133	44,125,498,5,537,305,117,361,547,8 
134	89,329,125,108,43,183,514,365,537,489 
135	141,65,89,180,75,619,483,74,43,205 
136	141,44,341,197,483,521,361,645,108,619 
137	89,449,151,214,62,341,197,174,241,470 
138	44,329,214,110,483,197,547,151,74,18 
139	125,135,141,537,155,151,645,337,452,322 
140	89,449,329,16,450,214,514,239,530,483 
141	449,239,241,83,672,514,159,630,268,47 
142	89,329,108,62,180,239,341,138,514,161 
143	125,44,65,5,361,449,547,305,438,521 
144	44,135,483,108,197,452,233,645,164,621 
145	44,141,125,65,483,155,18,337,11,302 
146	89,135,341,180,233,5,483,60,239,16 
147	449,233,365,16,329,62,151,138,183,483 
148	44,135,151,341,108,183,645,483,110,11 
149	89,449,329,239,241,530,268,341,180,47 
150	190,329,183,164,521,60,43,5,450,96 
151	449,89,43,214,125,174,514,147,16,56 
152	44,125,60,403,537,155,5,305,197,529 
153	89,135,183,365,341,498,60,483,305,530 
154	44,125,498,547,537,361,155,151,452,219 
155	141,135,403,197,183,361,452,155,305,43 
156	113,329,233,498,403,365,65,5,305,489 
157	190,329,521,164,233,43,483,365,5,11 
158	125,44,89,728,11,645,547,438,449,27 
159	44,125,135,728,645,113,305,155,6,215 
160	141,135,183,60,504,43,5,365,18,728 
161	190,329,125,365,403,214,60,450,514,361 
162	89,135,233,183,450,174,197,341,498,83 
163	89,233,504,43,180,450,241,489,83,470 
164	89,329,180,341,498,365,60,65,62,547 
165	125,44,498,117,645,547,483,537,5,621 
166	44,504,108,62,530,16,341,125,537,302 
167	113,108,190,672,83,164,404,239,180,456 
168	190,233,504,125,214,180,60,197,268,5 
169	125,44,214,117,155,5,197,151,113,181 
170	89,151,233,498,365,241,60,645,483,672 
171	44,89,341,5,361,117,183,645,305,85 
172	44,125,135,5,547,452,438,197,543,643 
173	44,141,214,5,483,110,11,645,452,643 
174	44,125,361,483,5,438,155,305,11,27 
175	44,125,60,361,728,547,110,18,6,449 
176	44,125,341,113,197,155,728,151,11,8 
177	190,44,108,125,214,180,239,197,470,452 
178	125,44,329,341,537,110,5,449,547,543 
179	89,449,43,521,62,125,403,197,16,5 
180	233,164,44,174,268,450,514,138,125,470 
181	44,141,341,498,197,547,728,645,183,75 
182	44,125,498,151,483,110,452,11,645,322 
183	190,135,498,180,403,365,197,62,483,728 
184	89,135,214,233,365,60,197,65,537,438 
185	190,504,233,197,514,65,138,241,403,305 
186	44,125,89,728,547,117,537,305,151,205 
187	89,190,183,62,16,450,498,174,147,403 
188	44,141,329,197,155,110,117,361,452,6 
189	44,125,214,728,483,155,11,438,452,181 
190	190,341,180,197,645,521,305,504,233,75 
191	89,44,190,239,241,180,62,147,96,630 
192	44,125,60,483,361,728,5,11,151,27 
193	89,233,521,365,164,125,60,403,239,268 
194	44,125,135,361,5,110,547,74,305,219 
195	44,89,65,537,361,547,5,151,305,205 
196	44,125,89,728,110,5,361,11,219,85 
197	44,125,89,5,117,452,483,305,113,75 
198	44,113,180,521,197,483,361,233,365,514 
199	89,504,108,125,16,450,239,514,197,256 
200	190,329,164,504,521,108,197,365,305,219 
201	214,44,113,504,403,197,110,151,438,672 
202	89,504,135,329,62,214,174,470,96,56 
203	125,44,214,547,197,110,155,151,621,27 
204	113,190,329,504,183,197,361,302,155,452 
205	44,125,180,110,361,11,305,438,183,788 
206	449,44,241,514,672,83,190,214,138,483 
207	151,504,43,180,241,341,483,630,56,514 
208	44,125,214,728,361,155,11,438,645,643 
209	44,125,65,537,110,547,483,438,151,18 
210	44,125,141,110,305,728,5,438,155,8 
211	44,125,341,728,645,5,11,113,197,120 
212	44,65,329,403,197,438,361,6,788,181 
213	89,190,233,180,125,239,241,147,268,34 
214	449,504,365,180,183,16,514,268,470,138 
215	44,498,180,403,60,108,483,233,365,630 
216	141,89,537,449,305,164,547,361,117,219 
217	44,329,141,11,197,547,483,155,5,18 
218	44,125,498,113,110,728,361,305,11,337 
219	44,135,449,521,504,108,233,43,728,74 
220	89,135,233,62,180,341,197,16,450,83 
221	44,125,141,155,361,483,438,197,11,85 
222	44,449,135,521,62,108,514,672,180,60 
223	141,135,89,537,5,645,728,183,305,219 
224	125,44,60,110,547,728,155,113,483,181 
225	89,164,43,180,514,214,174,241,268,34 
226	125,44,498,361,197,483,18,5,452,85 
227	44,125,65,155,197,6,645,11,619,85 
228	190,449,164,365,341,180,60,62,65,489 
229	44,214,547,449,521,43,117,5,110,74 
230	89,135,233,341,214,498,450,483,197,629 
231	190,504,16,151,530,514,96,498,256,672 
232	449,108,96,365,151,159,239,672,44,413 
233	44,89,135,113,547,728,438,305,11,337 
234	113,135,233,183,341,197,65,75,537,16 
235	521,504,183,125,450,180,341,268,214,161 
236	44,125,65,537,5,645,483,547,305,85 
237	89,329,164,504,60,498,403,65,514,75 
238	190,164,449,498,403,60,174,537,268,110 
239	44,125,483,60,403,361,449,537,438,108 
240	44,125,60,113,645,110,219,197,75,33 
241	125,329,214,483,403,205,547,117,5,450 
242	44,125,341,537,483,547,113,305,74,488 
243	113,43,44,470,672,365,214,83,806,256 
244	521,147,241,62,329,83,96,403,44,180 
245	141,44,135,151,183,117,305,110,452,8 
246	44,141,498,151,197,117,361,537,305,108 
247	449,108,164,180,16,239,530,514,450,47 
248	190,233,449,214,180,125,514,197,498,302 
249	141,44,89,645,110,305,452,183,728,286 
250	470,233,504,151,44,365,83,214,159,537 
251	44,125,329,483,547,5,645,197,155,99 
252	89,135,521,180,108,197,483,305,5,547 
253	44,125,214,113,5,361,452,305,645,543 
254	190,135,151,164,62,450,214,96,16,83 
255	44,135,117,645,537,483,449,452,155,302 
256	329,44,113,110,645,521,449,117,305,75 
257	141,89,135,197,5,361,43,452,108,62 
258	449,108,151,470,135,241,159,96,125,75 
259	233,151,450,489,43,521,62,108,147,404 
260	89,521,449,498,197,403,174,5,65,241 
261	44,125,89,110,728,155,547,5,645,85 
262	44,125,135,537,110,361,452,74,483,205 
263	44,329,498,449,483,645,164,365,537,18 
264	125,44,214,151,728,547,5,155,11,286 
265	44,135,498,403,233,645,108,504,43,438 
266	44,89,728,197,361,110,483,305,452,449 
267	125,44,214,110,438,547,219,151,645,449 
268	44,135,60,483,5,521,537,117,438,62 
269	449,470,108,514,147,672,214,16,450,456 
270	89,151,521,214,16,514,147,489,450,403 
271	44,125,135,645,197,117,452,305,11,488 
272	125,44,214,117,361,483,197,11,151,286 
273	113,125,498,108,504,521,483,164,645,302 
274	44,141,135,449,645,183,305,361,164,543 
275	504,449,108,180,43,125,5,174,197,438 
276	44,125,537,483,151,452,11,547,5,164 
277	190,449,108,233,151,537,183,75,147,302 
278	89,108,329,365,214,514,239,197,470,645 
279	44,135,197,449,483,155,537,521,547,18 
280	44,125,65,728,483,361,6,337,5,8 
281	521,108,138,241,190,16,329,96,239,403 
282	141,113,214,183,449,504,645,547,5,85 
283	44,125,151,183,449,117,5,452,438,788 
284	125,44,214,197,547,155,438,645,181,488 
285	125,44,498,547,361,151,305,155,5,488 
286	113,329,5,108,183,180,43,365,530,672 
287	125,44,89,361,197,155,117,205,74,788 
288	521,151,135,180,214,514,341,197,16,629 
289	141,44,341,498,5,110,452,361,183,11 
290	125,44,498,728,197,155,5,547,452,543 
291	44,125,341,728,645,197,5,452,488,75 
292	44,141,135,180,537,197,110,183,117,18 
293	190,329,498,521,483,537,645,108,504,547 
294	44,135,403,108,449,43,645,452,537,450 
295	141,44,341,117,197,305,155,11,18,8 
296	190,233,183,125,498,365,197,403,305,629 
297	44,60,341,117,361,219,110,645,27,305 
298	89,329,151,125,365,341,630,239,483,489 
299	125,44,214,6,155,361,452,11,5,104 
300	125,44,141,197,728,110,155,5,452,183 
301	125,44,498,483,117,438,183,645,305,181 
302	125,44,141,452,537,5,151,110,305,337 
303	125,44,60,110,117,547,483,645,452,621 
305	190,135,504,164,498,60,197,483,514,241 
306	44,183,504,233,365,43,403,483,268,530 
307	190,329,125,43,341,483,365,403,514,452 
308	125,44,214,645,5,483,361,110,788,643 
309	141,329,151,164,504,645,43,65,5,268 
310	190,44,449,341,125,214,197,498,180,18 
311	125,44,498,537,113,645,151,155,11,8 
312	89,329,449,164,403,43,483,537,117,85 
313	89,233,164,62,403,197,16,498,341,75 
314	44,125,65,117,547,645,155,452,11,164 
315	89,190,151,214,341,180,239,241,514,34 
316	190,135,183,233,65,498,197,365,452,75 
317	141,135,5,361,438,645,117,155,449,6 
318	44,498,537,5,403,43,305,504,108,543 
319	44,125,728,537,155,110,11,74,6,75 
320	125,44,341,155,547,197,728,645,305,254 
321	514,365,89,151,470,138,183,530,268,57 
322	125,44,65,547,113,11,99,643,205,8 
323	44,125,341,728,361,117,483,5,452,75 
324	89,44,183,62,365,180,239,341,16,489 
325	44,125,498,361,197,537,547,5,11,621 
326	44,329,89,498,117,361,151,5,305,488 
327	89,521,43,174,450,16,268,514,239,452 
328	44,125,141,403,361,197,11,74,151,215 
329	125,498,183,5,547,361,537,452,155,219 
330	89,135,504,164,214,43,341,197,537,155 
331	125,44,60,361,113,6,5,438,452,104 
332	44,141,341,728,438,155,645,6,151,181 
333	113,329,214,197,183,403,117,43,645,110 
334	44,135,233,108,449,164,537,43,504,11 
335	44,125,498,547,155,197,728,18,452,286 
336	89,135,449,214,365,16,514,403,147,5 
337	521,108,365,190,16,135,138,174,96,630 
338	125,44,214,197,483,5,547,155,728,75 
339	44,125,65,537,197,438,305,155,645,643 
340	44,125,498,728,537,645,155,305,543,151 
341	141,498,180,449,537,361,110,452,108,504 
342	141,65,452,728,483,11,155,164,547,643 
343	44,125,498,537,547,361,286,305,205,529 
344	44,125,141,483,728,117,197,113,452,75 
345	89,108,164,62,16,239,125,241,96,75 
346	125,341,5,155,117,452,645,11,110,85 
347	141,89,16,151,134,159,138,190,183,180 
348	190,135,183,62,365,174,60,341,450,302 
349	190,125,89,11,5,117,155,361,151,788 
350	190,135,504,498,43,180,450,197,483,645 
351	44,125,65,537,361,155,5,197,438,75 
352	44,125,498,547,110,117,483,438,74,619 
353	449,521,44,83,404,241,214,16,135,125 
354	44,125,483,537,728,361,117,305,155,233 
355	44,125,141,361,197,483,645,305,11,488 
356	125,44,110,151,11,547,117,645,6,18 
357	44,125,135,117,197,219,537,543,286,75 
358	141,44,183,5,452,233,728,108,521,6 
359	190,108,62,183,403,498,125,197,268,241 
360	125,44,214,110,547,537,5,11,452,643 
361	125,498,89,403,197,537,728,645,5,181 
362	44,125,341,361,547,645,113,151,788,488 
363	113,329,180,403,233,164,43,483,365,728 
364	44,125,498,728,155,483,197,11,645,85 
365	89,135,183,180,214,341,60,498,174,645 
366	89,135,449,164,108,180,450,305,483,155 
367	521,233,147,365,151,530,672,239,197,75 
368	190,214,183,197,728,302,645,403,155,337 
369	190,329,521,504,108,403,365,60,65,155 
370	44,113,214,452,547,164,233,728,151,11 
371	44,125,498,117,728,361,547,151,452,322 
372	190,141,135,537,452,645,110,164,155,233 
373	449,504,83,151,241,239,197,489,498,341 
374	44,89,135,125,241,450,214,16,268,672 
375	108,183,521,241,329,530,83,135,96,47 
376	44,125,537,403,728,219,452,483,181,322 
377	113,135,214,197,60,233,483,365,110,18 
378	470,233,62,89,164,239,514,672,44,341 
379	44,125,180,110,117,113,452,5,483,75 
380	44,135,60,108,521,117,43,728,452,6 
381	190,108,449,180,62,214,60,174,514,138 
382	44,125,498,361,645,197,6,155,113,120 
383	44,125,180,483,117,197,361,305,205,75 
384	44,125,498,117,197,547,110,305,438,619 
385	89,521,108,62,180,450,498,514,60,75 
386	89,44,233,125,180,241,214,147,197,60 
387	125,44,498,537,728,483,645,5,197,181 
388	504,108,164,365,239,183,470,498,268,630 
389	44,329,728,305,537,361,117,205,113,8 
390	125,329,498,728,180,488,18,305,113,643 
391	190,504,233,164,180,62,341,65,514,138 
392	89,504,365,135,239,241,514,489,125,470 
393	190,44,113,449,403,43,547,108,645,11 
394	89,329,504,365,450,341,197,483,60,96 
395	164,44,183,125,180,138,197,62,60,629 
396	89,504,44,135,514,174,268,239,214,341 
397	89,135,151,498,403,197,60,483,174,117 
398	44,125,89,547,361,155,5,6,645,75 
399	125,89,361,547,151,483,449,155,728,286 
400	125,60,65,117,337,6,197,429,483,219 
401	89,329,164,197,498,60,62,174,483,110 
402	141,233,43,404,190,239,138,159,135,9 
403	113,135,151,180,108,197,483,365,450,788 
404	233,89,365,174,125,62,268,239,450,34 
405	44,329,125,504,233,365,403,60,537,543 
406	504,151,183,214,241,125,489,450,147,672 
407	125,498,135,141,5,110,645,305,483,205 
408	89,233,151,62,239,450,514,147,174,630 
409	190,329,233,65,214,164,403,5,537,547 
410	44,125,89,498,117,197,155,5,305,85 
411	190,233,151,60,514,450,537,197,498,18 
412	89,135,537,65,180,108,365,514,483,911 
413	190,44,214,117,483,452,728,361,645,219 
414	89,449,108,214,164,341,483,239,16,96 
415	89,183,521,62,329,164,60,125,498,241 
416	125,44,341,113,5,547,438,728,151,181 
417	190,135,233,151,365,498,60,483,305,452 
418	44,125,141,110,483,361,728,155,438,488 
419	141,135,151,521,233,197,5,155,361,147 
420	44,125,135,197,537,117,305,645,449,450 
421	44,125,341,361,449,60,5,305,11,365 
422	125,44,65,113,483,151,117,452,5,488 
423	89,233,135,514,16,164,180,62,450,404 
424	504,135,164,16,180,214,241,483,147,404 
425	44,125,498,728,361,197,452,151,547,8 
426	141,65,151,449,728,8,11,110,219,645 
427	89,183,164,16,180,341,514,239,96,672 
428	190,135,233,504,498,180,197,514,60,75 
429	44,135,521,504,498,60,65,5,365,530 
430	44,125,214,110,483,197,151,11,788,8 
431	44,141,341,110,117,5,305,728,452,43 
432	125,44,498,5,547,452,438,197,305,543 
433	89,44,108,62,241,530,125,174,450,645 
434	125,44,65,403,547,728,74,305,645,488 
435	44,125,60,11,155,483,110,151,305,619 
436	44,125,341,117,5,197,452,438,645,27 
437	190,108,135,214,180,403,174,241,341,280 
438	44,125,341,141,361,728,5,547,305,488 
439	89,135,521,180,43,341,16,514,483,530 
440	113,135,341,197,521,233,305,450,365,728 
441	89,329,214,498,305,183,361,547,537,85 
442	125,44,65,155,547,117,5,483,438,85 
443	62,108,365,16,159,96,630,329,183,57 
444	125,44,60,483,197,219,11,151,113,52 
445	190,108,183,197,403,138,498,57,630,96 
446	44,329,521,537,233,197,43,164,305,619 
447	44,125,60,110,361,113,645,155,305,322 
448	44,504,365,521,108,239,268,672,62,174 
449	190,329,449,164,62,365,174,483,514,256 
450	125,44,89,547,18,5,438,337,181,8 
451	89,135,521,164,43,403,197,537,174,117 
452	89,151,180,241,498,514,197,341,365,96 
453	190,135,151,214,180,60,62,197,16,361 
454	190,44,89,43,521,498,341,60,504,134 
455	141,44,341,483,361,117,728,305,155,108 
456	190,135,183,403,504,537,5,645,452,219 
457	89,521,44,164,365,125,174,197,630,483 
458	449,470,233,43,62,514,16,147,277,134 
459	190,329,151,214,180,498,239,483,514,138 
460	125,141,498,197,645,5,117,728,155,75 
461	125,44,141,483,110,197,11,438,788,522 
462	89,108,449,514,214,180,239,125,5,452 
463	89,125,329,43,214,16,183,241,514,75 
464	89,233,449,180,365,214,450,305,483,452 
465	44,135,329,197,483,645,110,6,537,621 
466	125,135,11,361,151,645,483,110,74,788 
467	190,504,43,183,530,521,514,241,450,268 
468	89,135,164,43,183,403,537,365,450,645 
469	44,125,498,403,547,438,151,155,361,233 
470	44,125,141,65,361,110,728,305,452,621 
471	504,62,108,43,365,630,514,470,277,489 
472	164,183,365,174,180,214,16,450,57,5 
473	113,504,530,329,239,672,83,183,456,806 
474	141,233,96,138,147,489,151,190,164,34 
475	190,141,180,5,74,438,113,547,183,286 
476	44,89,5,537,197,521,117,504,75,205 
477	44,125,728,117,113,155,151,645,438,181 
478	44,125,60,117,110,452,11,645,483,183 
479	190,44,180,449,60,498,174,483,110,537 
480	341,62,498,233,403,630,537,60,65,672 
481	190,135,60,449,125,62,65,365,537,268 
482	125,60,329,180,197,11,452,5,483,85 
483	113,449,329,521,43,75,483,183,62,219 
484	329,89,361,113,305,11,108,5,205,75 
485	44,125,341,113,155,483,110,547,11,337 
486	44,141,113,449,5,43,452,233,483,450 
487	190,449,151,65,514,483,239,403,5,645 
488	449,164,62,365,43,83,96,413,450,147 
489	190,329,183,197,43,174,403,65,483,11 
490	44,125,197,547,645,110,361,728,155,619 
491	190,329,180,403,65,43,5,452,305,788 
492	190,449,233,450,164,197,483,65,403,75 
493	44,498,135,728,537,197,74,438,113,911 
494	44,329,135,537,197,108,504,403,60,788 
495	113,135,233,498,108,125,197,16,630,75 
496	190,329,233,180,341,183,197,83,241,450 
497	89,151,43,125,180,241,530,341,96,629 
498	44,125,498,483,5,197,547,113,183,27 
499	44,449,329,239,450,183,16,470,62,155 
500	62,108,521,365,135,630,329,341,57,629 
501	530,233,89,83,135,329,183,514,672,214 
502	125,44,141,117,483,113,361,197,452,183 
503	190,135,341,403,60,521,365,43,452,489 
504	44,125,498,110,74,547,483,219,305,75 
505	44,125,141,452,155,547,151,11,197,833 
506	190,135,341,521,498,62,305,197,403,75 
507	44,329,180,361,728,547,151,5,452,219 
508	89,151,108,183,147,514,125,241,489,280 
509	190,135,151,233,483,504,537,62,361,75 
510	44,125,89,117,438,11,5,452,788,75 
511	190,135,233,43,65,365,174,62,60,110 
512	125,44,60,361,151,5,197,452,11,85 
513	44,125,498,645,361,113,5,305,74,488 
514	125,44,361,117,74,645,537,728,452,621 
515	44,125,89,11,151,361,547,337,438,120 
516	89,113,483,197,361,155,537,452,521,619 
517	449,151,190,108,62,83,329,514,450,57 
518	44,125,65,117,547,361,11,151,645,27 
519	141,135,214,449,5,483,18,305,452,6 
520	89,135,151,183,498,450,180,197,514,96 
521	89,449,190,147,514,174,83,268,629,240 
522	190,89,341,183,60,164,233,365,305,62 
523	190,135,151,197,183,60,174,365,483,219 
524	190,135,341,365,62,521,305,630,174,110 
525	89,521,164,214,62,450,514,60,83,630 
526	44,329,180,65,108,60,452,5,547,85 
527	190,164,233,180,183,365,60,341,65,16 
528	44,125,135,537,403,110,728,305,452,643 
529	125,44,65,110,537,547,5,197,151,643 
530	89,521,164,239,180,147,268,450,530,404 
531	44,125,341,110,113,619,6,488,645,8 
532	44,329,151,365,108,403,197,60,62,630 
533	113,521,329,135,214,183,83,151,256,34 
534	113,329,214,164,449,521,645,305,43,788 
535	44,141,197,403,305,117,521,547,5,75 
536	44,141,329,403,449,547,11,645,5,174 
537	190,135,329,62,365,498,60,450,483,18 
538	89,214,403,151,365,504,197,60,174,18 
539	44,141,135,341,728,117,449,155,74,164 
540	190,164,449,403,62,268,341,174,197,537 
541	44,125,341,155,197,117,74,5,305,8 
542	89,449,135,214,180,138,16,483,239,630 
543	125,44,329,65,117,483,438,11,151,488 
544	141,44,498,197,361,305,537,183,6,619 
545	44,125,89,113,537,361,155,74,151,205 
546	449,190,44,365,62,239,183,241,214,806 
547	141,498,483,5,197,151,728,183,438,181 
548	44,125,135,11,403,197,113,110,367,183 
549	44,125,180,110,117,141,155,11,73,833 
550	113,44,214,180,197,365,305,164,62,404 
551	449,43,521,44,329,164,135,514,138,180 
552	190,151,449,197,60,65,403,174,483,16 
553	44,125,214,547,155,403,305,645,452,75 
554	190,135,180,403,60,498,365,197,5,16 
555	125,44,403,547,110,645,74,18,117,543 
556	190,151,180,504,43,197,305,60,65,16 
557	44,135,60,483,361,183,155,645,18,543 
558	449,470,44,183,241,329,96,147,498,305 
559	44,125,498,113,361,452,547,155,5,788 
560	125,44,341,113,110,537,483,219,728,27 
561	125,44,89,728,537,438,5,305,543,18 
562	141,43,108,159,190,164,60,256,47,414 
563	96,504,449,470,89,514,147,43,521,629 
564	190,108,151,180,365,498,62,197,174,256 
565	44,135,537,5,108,183,117,305,110,543 
566	504,108,514,164,147,16,135,241,138,483 
567	44,125,214,728,110,197,113,11,6,452 
568	89,341,361,197,449,108,537,155,117,6 
569	233,190,108,16,147,62,83,329,34,806 
570	504,365,268,239,159,450,630,96,164,60 
571	233,470,44,214,498,672,96,151,197,174 
572	504,164,365,514,450,530,83,489,96,645 
573	113,329,233,498,537,197,65,450,365,256 
574	141,44,341,180,452,197,361,117,728,630 
575	89,329,151,125,60,403,62,197,239,83 
576	89,329,498,65,108,60,365,483,43,16 
577	190,164,135,62,214,180,60,239,197,489 
578	89,233,498,537,60,504,197,403,268,205 
579	135,214,65,728,183,305,547,449,645,85 
580	44,329,403,504,5,361,108,521,110,438 
581	530,504,239,241,159,329,190,183,630,403 
582	233,449,151,190,365,450,34,83,96,341 
583	44,125,403,504,108,5,537,18,164,174 
584	125,44,214,403,113,645,305,5,728,449 
585	113,108,44,365,60,329,404,96,180,256 
586	44,125,135,547,645,117,5,305,197,619 
587	113,135,233,341,43,197,305,537,483,75 
588	108,89,449,241,147,329,239,96,138,159 
589	44,125,180,117,113,110,547,452,438,488 
590	504,89,44,16,147,241,514,239,341,185 
591	89,183,449,504,365,62,498,403,483,788 
592	125,329,341,183,5,305,537,365,361,619 
593	449,530,256,108,241,159,190,151,147,174 
594	108,449,404,329,514,147,44,96,135,489 
595	190,449,630,108,16,514,404,197,483,57 
596	233,521,83,44,147,183,514,672,470,57 
597	190,125,521,65,43,483,60,403,537,239 
598	44,135,180,483,60,233,403,452,361,62 
599	44,125,141,483,361,305,151,728,438,488 
600	44,125,89,403,728,197,483,205,74,85 
601	190,329,498,403,504,5,43,537,483,219 
602	125,498,89,537,361,547,5,6,488,18 
604	449,365,239,183,159,62,514,329,47,10 
605	449,504,521,470,530,498,138,214,630,489 
606	113,164,239,530,44,16,190,329,404,537 
607	514,329,125,180,483,214,630,672,504,6 
608	190,365,43,341,60,241,239,174,403,256 
609	43,365,498,214,135,672,530,147,256,450 
610	44,125,498,728,547,483,645,337,438,215 
611	89,504,183,164,521,16,96,214,125,305 
612	89,498,483,547,117,537,728,110,452,788 
613	125,44,60,117,155,788,452,5,113,543 
614	147,514,43,521,96,16,403,414,214,60 
615	44,125,135,151,197,547,728,11,155,911 
616	449,89,16,83,151,514,450,147,329,483 
617	190,329,214,183,43,65,197,403,514,305 
618	190,329,361,197,547,403,645,643,337,286 
619	89,498,125,151,239,214,404,60,672,117 
620	89,329,135,125,214,514,197,403,268,489 
621	113,44,329,164,65,60,365,403,483,241 
622	470,190,233,43,83,16,450,44,256,180 
623	125,44,498,205,361,483,6,11,27,151 
624	113,329,164,498,483,43,117,403,62,630 
625	44,135,341,60,43,5,365,537,65,75 
626	190,504,449,43,521,60,365,34,197,452 
627	504,514,530,147,365,16,329,183,135,34 
628	44,125,341,65,537,452,547,361,11,337 
629	89,449,521,365,43,403,174,60,483,489 
630	89,108,183,62,341,450,174,239,403,5 
631	125,44,214,547,117,483,197,645,74,488 
632	125,44,483,403,449,5,155,452,305,85 
633	44,329,233,214,365,498,62,239,403,83 
634	89,470,83,147,96,413,190,134,56,161 
635	113,329,498,60,164,65,403,537,62,11 
636	141,44,329,117,11,645,5,547,75,619 
637	449,521,96,239,62,164,138,190,404,341 
638	44,125,89,645,537,117,219,151,305,52 
639	44,125,214,110,537,197,645,5,18,164 
640	190,214,645,728,11,155,452,438,74,99 
641	89,108,190,365,174,180,268,483,197,117 
642	44,89,135,547,117,449,521,438,5,619 
643	470,530,44,404,630,96,183,365,672,125 
644	89,521,135,164,183,514,450,197,96,672 
645	44,113,341,403,60,521,483,5,537,18 
646	89,341,113,108,183,521,164,504,547,62 
647	504,449,470,521,183,530,138,341,268,302 
648	113,135,498,341,521,164,483,365,117,788 
649	89,108,329,214,62,147,16,514,125,161 
650	44,125,141,537,197,483,645,5,6,27 
651	44,141,498,155,361,5,537,110,305,621 
652	44,125,180,89,11,361,483,302,27,523 
653	164,449,365,341,214,241,630,125,197,60 
654	113,214,60,65,449,504,5,645,110,33 
655	190,108,43,214,268,135,197,498,147,672 
656	44,141,155,728,645,11,302,5,403,522 
657	89,329,521,43,214,504,60,514,197,629 
658	449,470,530,514,241,190,239,329,138,450 
659	113,241,16,239,514,365,89,138,521,80 
660	44,135,113,110,108,521,5,504,537,18 
661	504,233,44,214,514,174,197,62,65,268 
662	108,233,89,197,183,483,96,125,672,159 
663	164,44,233,365,174,341,180,197,239,452 
664	141,504,89,806,268,329,672,16,174,498 
665	89,44,183,214,43,645,233,16,239,8 
666	214,89,197,75,108,521,504,530,43,241 
668	190,329,504,498,341,180,60,197,16,530 
669	113,135,108,65,521,483,43,305,504,6 
670	44,89,18,645,117,11,483,155,361,302 
671	404,239,164,530,147,672,470,806,268,134 
672	151,521,329,174,135,197,341,16,214,450 
673	190,151,180,164,470,96,197,125,341,85 
674	44,125,197,645,521,164,11,233,483,205 
675	190,449,183,504,341,197,483,305,62,489 
676	113,329,341,197,233,645,537,305,483,205 
677	89,190,151,268,174,239,450,530,147,161 
678	190,233,183,341,180,403,16,498,514,138 
679	89,108,164,174,151,268,125,450,470,47 
680	113,83,43,96,521,62,672,134,159,280 
681	44,125,141,403,110,645,361,155,788,183 
682	113,164,403,65,341,183,365,302,514,788 
683	190,135,214,498,233,537,60,483,645,18 
684	190,329,183,62,180,214,403,197,60,34 
685	89,135,403,43,5,645,305,60,108,85 
686	504,43,514,108,530,329,96,672,241,47 
687	89,164,108,174,151,239,450,452,180,83 
688	164,365,239,44,280,329,672,414,34,498 
689	125,44,498,305,110,5,197,438,155,529 
690	89,135,183,537,403,5,504,43,452,205 
691	190,141,65,151,110,452,11,5,155,322 
692	44,329,403,5,108,483,521,43,305,205 
693	44,141,180,151,438,197,5,452,85,233 
694	44,113,108,183,197,43,449,5,256,543 
695	44,89,498,361,117,728,197,74,18,205 
696	190,108,365,62,151,83,241,174,530,630 
697	449,365,470,672,190,96,329,83,450,305 
698	141,180,483,547,164,728,361,11,645,233 
699	449,504,630,159,521,341,96,329,147,403 
700	89,135,151,183,174,125,268,16,60,47 
701	44,125,141,155,361,113,11,151,788,322 
702	44,141,498,5,645,155,361,483,117,619 
703	89,233,151,43,365,180,450,514,147,47 
704	44,449,43,65,60,75,537,514,504,241 
705	44,141,341,117,197,110,155,18,449,337 
706	125,498,135,452,619,60,543,74,438,488 
707	89,44,183,62,450,16,514,268,489,138 
708	125,44,214,537,438,197,155,74,322,75 
709	89,329,190,498,174,125,514,180,341,56 
710	89,135,403,233,60,645,365,483,5,239 
711	190,108,233,135,514,147,214,268,183,56 
712	44,135,180,450,43,498,108,197,62,361 
713	89,96,233,241,239,135,514,672,806,75 
714	141,16,83,514,134,489,277,164,47,57 
715	233,183,43,365,214,125,180,630,83,483 
716	44,141,135,728,5,537,452,645,361,174 
717	190,43,672,630,514,806,530,147,151,452 
718	190,89,141,547,6,645,452,305,110,108 
719	44,125,214,537,117,483,337,11,452,113 
720	113,135,449,483,197,403,305,537,164,174 
721	449,108,233,239,16,470,514,268,630,489 
722	89,108,44,239,268,125,147,214,180,34 
723	44,89,197,645,155,117,452,6,305,621 
724	190,108,630,365,504,151,498,403,65,16 
725	125,44,329,547,728,117,361,452,438,104 
726	125,44,60,547,155,645,483,74,643,522 
727	180,341,60,110,155,537,403,27,205,8 
728	44,89,135,361,65,483,547,110,438,302 
729	125,44,60,151,117,361,155,11,6,104 
730	89,190,233,341,60,5,645,164,530,470 
731	44,125,214,329,197,547,645,11,183,164 
732	44,341,155,361,452,483,449,547,645,75 
733	190,44,125,183,60,305,62,537,483,470 
734	44,125,89,155,361,197,113,18,438,643 
735	504,190,521,16,62,630,214,530,514,5 
736	125,44,341,547,483,728,452,438,6,181 
737	43,83,672,62,329,241,159,158,138,414 
738	449,233,43,365,672,806,16,180,403,489 
739	141,135,180,197,537,728,452,547,305,155 
740	44,329,183,197,537,110,728,155,108,302 
741	329,125,44,504,341,268,241,117,43,5 
742	190,329,183,60,341,365,450,305,5,18 
743	44,125,403,197,483,155,110,547,728,521 
744	141,241,108,43,159,151,672,489,164,134 
745	44,125,65,645,183,5,547,619,305,164 
746	190,135,108,403,180,341,483,65,174,147 
747	190,135,341,60,365,239,164,305,537,11 
748	141,329,65,305,164,452,728,365,537,504 
749	44,404,159,521,806,233,504,214,514,56 
750	141,44,135,728,110,547,5,155,645,85 
751	44,125,5,361,11,183,110,449,452,504 
752	113,135,449,197,164,43,537,110,645,174 
753	190,135,108,183,197,504,498,305,645,117 
754	190,135,521,449,403,43,65,117,5,438 
755	449,89,43,470,329,241,672,239,138,125 
756	89,504,43,365,214,514,147,630,197,256 
757	89,125,521,449,483,361,108,305,164,788 
758	89,44,329,43,214,16,530,241,450,5 
759	108,43,62,135,16,268,83,470,514,341 
760	521,89,43,125,404,470,483,214,341,138 
761	44,125,498,155,5,728,11,361,151,8 
762	190,135,125,498,514,62,365,239,5,241 
763	470,530,159,164,89,16,62,630,414,899 
764	449,89,521,239,16,180,83,57,672,56 
765	449,44,530,498,96,43,404,537,672,62 
766	404,470,365,147,190,159,16,329,214,307 
767	89,233,108,365,125,214,403,341,470,672 
768	89,135,449,514,341,62,483,5,403,361 
769	44,125,117,197,110,452,645,305,151,85 
770	89,521,504,96,329,158,83,630,183,47 
771	44,329,214,483,537,151,197,43,547,85 
772	89,329,125,504,341,164,403,5,514,452 
773	44,135,117,521,110,645,305,108,547,233 
774	113,329,135,341,65,521,5,60,174,75 
775	89,504,365,135,62,450,96,174,403,5 
776	504,233,16,135,138,151,214,44,96,280 
777	125,44,329,645,18,151,483,197,6,286 
778	190,449,164,43,365,197,403,483,239,305 
779	504,44,183,180,62,147,197,174,125,403 
780	141,329,214,183,151,645,256,197,530,174 
781	62,89,233,672,329,44,96,530,365,56 
782	44,341,180,547,361,197,403,74,621,322 
783	141,16,108,89,521,489,134,62,672,180 
784	89,190,329,125,214,483,341,268,241,470 
785	504,147,329,521,151,672,164,180,183,134 
786	190,329,62,365,183,483,60,672,537,96 
787	504,233,329,62,180,514,450,147,530,404 
788	233,183,151,268,174,241,34,514,498,96 
789	141,125,65,449,60,537,108,403,305,11 
790	190,521,151,365,341,197,498,514,5,537 
791	44,65,135,197,547,18,438,483,117,305 
792	108,89,164,147,83,403,514,530,268,57 
793	89,329,233,268,197,180,403,125,514,158 
794	44,141,125,537,449,151,521,110,361,164 
795	44,449,108,62,514,197,239,65,521,117 
796	44,180,214,537,151,183,108,197,452,302 
797	89,164,151,65,341,75,233,498,197,277 
798	164,89,44,135,239,514,138,214,180,403 
799	9,521,16,43,504,83,214,62,138,268 
800	141,135,5,537,728,233,483,155,117,219 
801	521,504,43,147,239,174,16,138,197,470 
802	44,125,498,537,151,728,305,645,452,43 
803	504,470,365,256,241,134,44,521,280,414 
804	449,504,329,514,190,214,183,672,180,75 
805	44,329,135,117,5,728,197,6,483,521 
806	89,183,504,365,174,403,180,5,483,147 
807	108,44,190,62,125,404,138,498,365,96 
808	89,329,183,504,62,197,65,239,514,241 
809	341,44,164,672,322,543,547,806,470,645 
810	449,43,62,159,672,241,489,44,183,341 
811	125,60,214,141,537,11,5,728,438,85 
812	44,329,151,110,537,305,117,361,164,6 
813	89,135,645,483,361,537,521,305,155,74 
814	141,190,645,537,6,164,5,337,75,438 
815	89,190,43,164,214,5,83,96,450,75 
816	44,141,65,183,117,728,361,547,18,205 
817	190,141,214,547,5,403,361,645,155,634 
818	190,44,113,361,449,75,645,108,521,322 
819	449,233,89,530,672,268,498,62,96,80 
820	113,329,403,180,151,521,450,365,117,239 
821	164,233,183,135,125,174,197,62,450,34 
822	449,504,62,108,147,164,672,44,241,413 
823	113,514,147,108,537,239,341,233,83,547 
824	190,108,498,521,341,403,197,302,645,147 
825	44,341,498,65,403,645,197,728,449,438 
826	44,125,89,728,361,403,197,110,11,8 
827	89,521,108,403,180,147,241,268,138,65 
828	190,214,183,498,365,65,403,504,728,75 
829	44,329,214,728,117,547,645,361,483,286 
830	190,341,498,108,403,43,728,846,27,504 
831	113,16,190,60,521,134,62,43,365,341 
832	44,125,65,645,110,728,483,197,286,27 
833	141,537,483,18,728,361,65,164,645,450 
834	113,329,341,498,125,65,403,183,514,117 
835	89,151,233,504,341,5,43,174,645,788 
836	44,125,89,498,197,110,361,117,5,643 
837	449,504,62,108,151,239,83,630,183,483 
838	190,180,197,108,43,302,214,233,341,155 
839	125,44,141,5,537,547,361,110,305,85 
840	44,125,113,5,547,151,403,183,110,788 
841	125,44,65,197,483,117,438,452,337,85 
842	233,43,214,514,239,630,151,806,672,268 
843	449,108,470,672,62,183,241,329,16,57 
844	164,504,365,134,62,214,138,96,151,34 
845	89,504,521,135,147,96,404,498,164,645 
846	113,329,135,498,233,151,60,403,365,205 
847	89,504,44,450,135,268,341,630,629,413 
848	108,504,44,530,470,183,268,34,239,60 
849	89,449,514,329,450,214,16,403,498,341 
850	44,125,155,117,11,74,403,60,522,219 
851	113,135,233,180,108,341,537,239,365,305 
852	233,108,83,521,514,806,329,62,256,413 
853	44,151,135,449,514,498,174,65,197,138 
854	190,329,183,514,630,341,147,239,241,806 
855	89,233,329,174,125,514,450,197,16,483 
856	89,190,183,514,450,147,214,174,180,672 
857	113,125,498,521,365,183,197,65,404,155 
858	44,135,403,197,547,5,645,74,305,286 
859	44,151,125,164,233,537,183,365,504,174 
860	190,449,504,365,180,341,498,197,450,75 
861	125,341,110,89,60,361,547,5,452,393 
862	89,151,329,365,174,180,341,197,403,138 
863	183,164,233,214,280,43,239,16,452,60 
864	113,89,341,43,483,108,305,452,233,75 
865	125,329,180,728,645,6,788,197,452,355 
866	470,504,241,62,83,672,329,135,489,630 
867	44,141,214,110,197,117,305,11,645,788 
868	449,530,16,62,83,239,159,672,256,174 
869	44,329,65,117,361,11,645,438,788,120 
870	125,44,341,197,537,151,110,5,117,286 
871	141,89,521,233,134,404,489,256,183,75 
872	190,125,108,483,504,5,62,403,645,174 
873	89,449,190,135,197,514,239,62,498,60 
874	449,89,233,404,214,630,147,341,239,16 
875	190,329,151,361,43,233,504,365,197,75 
876	470,530,672,190,44,514,34,16,60,361 
877	504,268,43,62,239,147,197,138,629,75 
878	141,113,135,65,43,108,547,305,483,450 
879	125,44,214,11,452,205,155,110,181,254 
880	449,190,108,44,159,498,256,239,630,10 
881	449,450,530,83,96,239,34,62,280,277 
882	141,65,5,452,438,75,117,449,219,911 
883	44,89,498,728,547,117,197,205,438,75 
884	89,135,190,504,197,341,180,241,43,16 
885	44,125,65,117,645,60,155,164,361,254 
886	125,65,60,438,197,74,452,537,155,543 
887	113,233,147,44,89,190,96,239,268,498 
888	89,521,183,60,233,537,361,5,110,219 
889	89,190,125,365,197,341,16,483,75,305 
890	89,151,183,365,214,174,470,125,239,57 
891	89,141,125,449,537,117,155,521,233,74 
892	44,183,108,365,180,174,197,147,483,185 
893	44,141,403,537,305,110,452,11,438,155 
894	449,521,43,96,413,268,47,9,414,135 
895	190,214,537,117,5,11,438,483,18,164 
896	44,125,135,117,155,197,452,5,151,911 
897	449,164,214,43,89,62,125,108,147,241 
898	449,514,521,43,16,83,256,9,329,174 
899	190,141,329,452,74,197,438,449,110,788 
900	113,514,147,16,43,135,241,530,134,483 
901	44,108,62,329,180,504,96,630,164,438 
902	141,214,117,197,645,305,483,110,452,788 
903	44,214,645,504,164,305,108,547,268,728 
904	113,62,159,43,83,164,147,806,329,135 
905	504,521,241,44,147,183,514,239,56,277 
906	190,233,89,404,521,806,514,147,630,60 
907	449,514,151,470,135,43,256,183,180,403 
908	44,125,498,547,483,452,110,18,438,522 
909	44,141,89,113,151,547,438,5,645,286 
910	233,449,514,329,62,151,83,365,183,450 
911	233,108,190,630,672,138,241,239,514,34 
912	44,65,151,183,449,110,537,75,233,6 
913	190,89,449,125,514,645,60,65,470,18 
914	141,159,233,806,241,190,329,34,256,214 
915	113,449,329,470,44,498,62,214,183,239 
916	190,449,214,504,164,233,65,305,60,672 
917	233,190,89,135,498,197,672,62,403,85 
918	89,190,233,125,62,43,239,630,305,413 
919	89,329,233,183,449,62,498,125,341,452 
920	341,108,449,233,268,197,521,302,174,621 
921	504,108,151,450,135,470,83,329,190,498 
922	329,89,341,521,498,18,483,197,33,74 
923	470,16,108,806,62,256,521,164,450,197 
924	449,530,43,521,672,256,16,404,138,134 
925	164,449,214,159,514,174,147,302,96,239 
926	164,233,43,214,180,672,34,138,197,341 
927	404,530,365,470,241,214,44,630,138,180 
928	113,43,147,190,514,135,404,138,83,280 
929	190,44,89,483,197,537,521,449,164,6 
930	190,125,135,65,483,728,5,155,361,833 
931	521,89,43,183,365,16,530,96,158,630 
932	449,108,233,190,239,96,404,183,16,403 
933	214,504,239,403,110,180,254,438,452,219 
934	89,164,108,197,302,403,65,547,151,205 
935	504,521,62,44,164,489,147,450,47,161 
936	190,341,180,329,60,449,645,155,151,833 
937	89,164,504,449,630,403,672,174,180,125 
938	449,233,190,147,214,183,151,180,62,158 
939	43,214,159,27,365,514,89,728,403,80 
940	504,470,190,672,241,514,138,214,135,280 
941	44,190,504,197,341,117,302,452,483,147 
942	44,65,329,537,74,197,522,337,645,219 
