0	378,1021,451,286,367,55,443,282,157,221 
1	35,997,202,163,253,138,265,438,4,340 
2	997,220,314,527,282,578,613,246,216,1003 
3	890,160,216,953,14,122,253,21,107,89 
4	864,280,181,245,140,163,659,122,253,894 
5	759,820,193,250,525,426,992,828,39,403 
6	98,224,168,531,277,659,455,650,155,14 
7	280,137,279,97,191,108,578,520,603,48 
8	543,41,101,341,742,342,648,740,367,595 
9	131,4,789,150,234,777,279,681,950,438 
10	797,314,451,131,198,263,405,360,293,342 
11	157,230,369,94,627,431,464,65,149,614 
12	277,100,216,72,659,481,479,22,953,81 
13	193,39,264,626,606,846,759,956,5,322 
14	351,199,89,371,277,217,424,265,953,150 
15	193,337,606,828,956,581,635,626,759,218 
16	280,137,806,554,292,618,19,650,880,578 
17	106,77,78,694,451,224,612,598,591,209 
18	369,87,431,634,268,276,252,395,224,520 
19	802,78,627,77,730,140,689,371,191,98 
20	181,38,198,843,255,280,45,128,216,351 
21	972,431,221,461,565,492,7,230,442,527 
22	369,155,94,382,650,108,268,520,603,65 
23	100,81,798,22,442,93,494,681,762,120 
24	273,303,659,803,78,531,589,128,494,81 
25	419,391,217,442,163,531,355,921,864,202 
26	231,378,543,157,1021,648,280,970,369,87 
27	864,481,281,925,128,336,659,807,229,204 
28	351,202,270,580,21,170,578,237,900,736 
29	451,4,378,589,45,336,480,497,950,204 
30	94,1021,282,378,230,264,183,87,443,956 
31	78,224,280,268,789,191,201,59,77,112 
32	140,78,128,204,6,145,438,371,162,168 
33	451,41,970,708,101,791,946,1035,244,36 
34	280,452,310,438,175,748,494,6,766,14 
35	244,567,528,708,1172,904,260,376,757,979 
36	286,337,183,193,250,591,367,378,608,828 
37	217,67,894,479,175,141,6,30,266,272 
38	337,418,635,39,1093,608,426,820,1103,849 
39	7,279,137,186,191,554,108,395,165,475 
40	202,137,351,554,220,237,618,687,293,586 
41	451,481,128,175,351,438,160,539,798,231 
42	45,124,249,798,140,351,160,285,452,469 
43	145,217,277,369,168,151,14,438,424,234 
44	202,613,220,997,282,201,4,972,270,168 
45	7,230,431,280,155,423,96,639,27,21 
46	282,369,279,137,140,97,191,378,674,45 
47	221,423,282,634,431,767,140,475,794,520 
48	442,175,100,438,452,798,216,894,972,6 
49	802,293,777,181,789,45,798,230,782,4 
50	531,199,216,67,997,155,277,972,424,894 
51	280,204,855,438,224,355,451,442,100,72 
52	753,513,731,992,612,598,189,176,133,262 
53	314,96,797,639,217,741,80,862,216,919 
54	221,280,512,314,929,395,473,186,232,742 
55	221,282,94,31,431,96,980,520,191,627 
56	273,681,355,1025,100,1085,10,451,911,1004 
57	55,403,513,1151,286,1034,690,82,612,337 
58	320,995,777,334,798,98,175,315,825,310 
59	382,268,423,165,108,186,276,395,906,237 
60	183,980,39,1021,337,443,27,608,828,668 
61	140,191,431,351,554,65,52,634,16,578 
62	124,72,242,665,84,497,117,279,168,175 
63	216,160,249,894,281,45,807,316,539,625 
64	193,39,264,635,606,846,759,5,956,322 
65	122,157,216,277,19,249,549,424,535,230 
66	45,216,660,549,391,890,497,183,535,95 
67	277,4,220,245,168,953,97,660,687,122 
68	140,4,285,329,137,72,30,67,565,862 
69	1021,606,264,27,378,846,39,218,377,854 
70	613,864,481,280,894,128,580,855,253,145 
71	336,231,650,19,719,687,527,140,107,277 
72	72,124,293,216,89,45,539,479,160,855 
73	665,681,154,22,349,531,894,1000,168,273 
74	531,242,202,894,35,479,351,151,497,231 
75	279,230,137,224,314,183,97,650,14,799 
76	797,314,131,451,539,234,162,300,293,367 
77	155,369,7,423,270,279,31,603,191,268 
78	316,124,659,131,681,798,150,98,351,140 
79	7,351,252,554,165,52,186,204,240,603 
80	606,193,846,218,956,337,1021,668,58,5 
81	249,216,650,277,894,220,107,231,497,4 
82	31,155,443,423,980,87,55,94,382,224 
83	451,279,157,38,371,97,191,201,186,303 
84	175,798,128,864,479,320,162,894,163,360 
85	216,155,442,224,4,862,191,204,497,220 
86	250,513,86,980,172,472,176,598,262,1034 
87	481,455,995,166,224,161,59,694,4,570 
88	369,282,270,140,554,224,165,520,21,464 
89	997,650,613,216,21,972,122,245,565,19 
90	280,531,151,497,67,997,855,479,100,197 
91	216,21,122,220,97,265,497,972,272,855 
92	337,39,418,264,846,759,635,626,820,629 
93	494,355,413,112,706,480,166,793,154,454 
94	45,19,550,268,7,165,97,220,191,276 
95	451,124,797,378,38,100,798,129,41,1025 
96	285,155,277,638,766,14,9,363,880,695 
97	4,277,890,497,351,855,220,972,282,438 
98	155,279,140,31,183,204,371,45,650,186 
99	766,970,106,16,799,247,101,341,440,386 
100	72,843,216,452,531,280,168,203,351,175 
101	791,244,465,528,708,196,595,542,260,376 
102	124,451,797,117,355,843,354,413,84,584 
103	140,137,145,431,890,170,22,972,797,747 
104	846,183,1021,980,956,337,218,377,668,776 
105	337,635,426,882,943,828,1093,104,1103,1116 
106	230,150,14,52,438,231,98,799,128,825 
107	360,38,151,362,160,354,469,570,487,154 
108	481,280,355,531,798,175,316,659,160,320 
109	280,19,224,650,423,165,662,97,21,186 
110	221,912,157,94,634,543,87,280,155,395 
111	264,193,39,828,608,581,626,635,759,629 
112	168,480,175,242,253,479,862,580,894,972 
113	336,371,14,191,282,234,316,481,638,98 
114	767,282,155,279,276,650,149,603,586,358 
115	314,797,336,351,255,279,198,531,204,154 
116	217,442,145,997,497,277,438,160,972,266 
117	972,220,233,890,97,565,797,438,855,461 
118	155,369,279,31,140,183,87,639,423,52 
119	216,217,660,442,107,531,231,369,894,890 
120	7,280,231,124,41,78,224,38,117,96 
121	314,45,280,741,336,282,303,265,204,371 
122	193,264,39,606,956,626,5,759,629,849 
123	1021,183,451,286,39,828,635,741,641,399 
124	122,45,613,30,864,266,6,204,234,197 
125	193,606,846,956,183,5,1021,608,58,668 
126	606,193,1021,221,639,39,834,1066,58,137 
127	791,567,708,36,196,1172,904,376,757,543 
128	342,378,980,314,204,690,266,128,405,216 
129	89,580,21,191,201,204,424,52,371,565 
130	245,175,479,316,128,659,438,6,862,122 
131	250,367,766,591,59,802,189,992,403,204 
132	660,613,233,277,4,120,95,391,497,442 
133	659,479,81,452,316,351,22,253,122,349 
134	481,539,354,1028,413,1004,129,681,1137,93 
135	155,224,140,293,131,191,77,336,613,695 
136	216,30,613,972,22,369,355,81,170,90 
137	862,216,168,6,160,35,391,151,864,150 
138	9,455,166,320,694,224,319,798,209,825 
139	280,279,230,183,96,221,94,314,443,270 
140	329,997,168,4,660,217,925,438,277,265 
141	137,224,45,674,802,199,695,689,996,293 
142	543,56,648,1108,1035,244,324,127,231,451 
143	20,469,259,204,314,852,17,181,320,228 
144	451,481,124,96,183,639,128,266,216,349 
145	549,329,140,925,391,894,797,168,666,160 
146	89,112,181,694,315,285,98,695,825,483 
147	124,950,263,266,84,336,479,141,117,168 
148	299,970,269,101,231,1108,627,595,359,247 
149	38,277,220,890,145,580,461,168,687,497 
150	580,855,78,100,355,497,424,224,650,175 
151	451,4,378,797,342,140,78,151,665,128 
152	337,759,820,525,943,731,55,626,882,1116 
153	30,220,67,277,351,4,527,14,855,578 
154	230,650,145,199,35,424,862,79,565,224 
155	797,565,253,157,160,686,155,191,469,268 
156	151,140,145,438,479,163,480,481,580,122 
157	279,554,277,618,186,165,255,4,767,356 
158	742,970,41,774,512,465,783,1035,299,958 
159	279,14,21,224,277,186,438,183,4,555 
160	277,35,9,565,310,747,442,369,531,112 
161	124,797,539,843,681,170,1025,128,84,452 
162	168,160,151,580,35,807,855,925,72,351 
163	193,635,626,629,820,1093,31,195,608,814 
164	279,155,19,191,220,31,497,100,249,424 
165	151,659,273,491,803,852,362,772,432,303 
166	16,98,150,249,438,531,355,112,852,320 
167	7,41,512,893,1021,742,96,481,183,155 
168	7,648,378,342,481,893,970,269,255,567 
169	175,160,438,128,253,245,145,371,894,480 
170	279,140,183,1021,282,197,303,531,613,14 
171	193,606,846,956,218,608,418,58,668,834 
172	369,282,431,270,7,224,191,65,618,929 
173	155,314,230,201,38,627,216,855,186,639 
174	183,45,140,639,242,378,204,231,555,162 
175	797,52,789,855,100,249,89,131,16,98 
176	303,65,293,221,382,285,137,201,469,237 
177	580,21,997,67,461,293,145,883,356,900 
178	193,606,1021,956,639,834,221,157,962,1143 
179	481,797,4,349,78,531,405,442,1025,175 
180	742,561,247,791,465,904,489,708,946,376 
181	798,128,480,613,78,659,894,452,245,320 
182	183,282,378,639,280,94,230,193,270,846 
183	72,59,47,695,1031,481,316,451,57,7 
184	249,168,253,191,78,972,329,424,122,175 
185	193,606,846,828,5,218,27,58,581,327 
186	531,150,799,659,98,748,438,128,285,253 
187	650,442,972,580,35,424,245,79,659,894 
188	7,451,96,55,231,741,282,80,727,1055 
189	953,137,253,580,7,438,862,925,650,277 
190	217,30,145,479,894,160,497,997,424,35 
191	216,894,175,659,35,234,137,855,479,163 
192	224,140,230,627,695,316,369,748,89,282 
193	451,731,86,16,1151,612,250,189,20,101 
194	351,128,659,451,131,320,539,168,497,242 
195	748,38,798,9,285,454,175,455,793,170 
196	14,204,168,497,972,220,531,442,555,199 
197	6,45,280,336,320,613,294,452,281,140 
198	230,554,268,233,224,4,277,97,21,87 
199	193,606,39,846,956,581,218,327,626,635 
200	391,265,355,580,78,30,660,329,659,79 
201	39,337,606,846,608,218,626,58,635,581 
202	766,799,204,155,224,789,893,280,279,675 
203	451,4,263,512,950,280,231,45,639,648 
204	7,38,539,355,112,512,255,447,316,175 
205	72,160,320,659,798,273,249,336,807,279 
206	7,183,367,378,591,639,86,690,1151,224 
207	280,997,282,953,31,220,497,890,107,438 
208	183,157,378,639,137,443,741,369,204,688 
209	279,140,272,277,329,4,442,925,563,497 
210	4,314,360,198,175,762,6,160,1121,300 
211	16,72,247,89,512,695,47,455,59,17 
212	480,242,128,452,141,279,253,140,131,145 
213	145,280,35,351,242,163,234,807,391,972 
214	221,369,94,554,268,269,806,423,416,512 
215	481,181,4,162,273,451,666,953,163,665 
216	451,512,117,798,293,216,72,351,1028,360 
217	494,310,166,613,531,112,442,625,98,128 
218	27,282,94,431,846,97,854,280,956,423 
219	244,36,489,567,757,1135,542,561,247,127 
220	124,181,263,117,843,255,355,911,280,216 
221	55,250,86,367,591,189,172,392,733,980 
222	216,265,272,277,894,145,4,497,199,151 
223	249,997,351,14,890,168,438,650,100,479 
224	452,355,175,137,748,98,6,424,4,494 
225	293,369,549,613,97,216,535,527,497,736 
226	168,613,175,452,253,277,479,862,972,81 
227	157,862,855,497,277,371,21,204,19,122 
228	157,314,369,451,230,155,342,197,14,438 
229	221,767,191,94,52,695,650,165,292,106 
230	230,45,371,613,72,98,336,59,316,438 
231	224,789,797,72,469,137,47,308,748,334 
232	431,650,75,108,165,603,191,224,464,372 
233	481,124,777,334,455,52,294,57,893,731 
234	168,234,972,155,100,355,442,452,216,98 
235	451,766,802,970,627,56,314,789,359,1155 
236	452,175,438,140,128,6,14,972,329,424 
237	224,47,469,140,52,334,316,371,730,689 
238	648,34,912,964,1108,221,359,382,946,595 
239	201,282,191,277,186,862,363,145,890,79 
240	137,160,67,216,30,22,233,151,170,249 
241	543,41,231,970,648,742,341,157,299,427 
242	316,539,100,681,131,170,494,128,336,625 
243	230,94,155,767,929,97,75,268,237,372 
244	286,635,193,1093,525,828,31,943,1103,1116 
245	193,606,39,218,828,58,668,834,615,608 
246	151,531,277,231,217,479,855,14,89,894 
247	193,264,31,606,608,581,5,629,759,814 
248	124,950,100,1025,432,129,803,10,452,1004 
249	282,431,674,165,97,78,634,423,730,32 
250	259,140,695,675,268,371,636,689,157,455 
251	802,52,59,789,20,191,157,47,451,797 
252	316,78,150,160,855,580,862,122,100,424 
253	181,442,438,480,285,175,452,249,255,170 
254	1021,378,157,639,741,280,80,451,39,60 
255	650,660,231,120,140,719,220,340,982,277 
256	16,181,150,175,334,777,694,852,355,128 
257	314,789,52,77,47,674,72,45,316,293 
258	329,249,580,35,997,953,862,107,972,242 
259	137,303,155,293,282,191,224,634,202,862 
260	378,342,204,38,1021,282,438,351,157,497 
261	221,282,369,94,627,7,674,276,65,19 
262	337,193,39,828,956,581,635,626,759,629 
263	157,369,230,94,279,423,97,204,395,268 
264	230,220,186,216,580,233,199,277,363,438 
265	224,259,137,695,191,371,98,45,336,268 
266	216,168,280,30,253,329,100,997,925,175 
267	231,96,193,157,280,80,451,97,488,218 
268	31,221,378,451,183,7,96,94,443,727 
269	336,52,282,19,98,880,199,766,204,565 
270	791,465,528,708,196,1172,904,376,757,517 
271	193,606,337,828,418,218,27,58,581,626 
272	183,1021,286,639,282,741,27,39,608,280 
273	282,980,221,96,94,280,155,1066,140,39 
274	193,39,828,608,635,956,5,846,629,820 
275	202,137,279,265,355,35,168,163,14,419 
276	59,469,777,995,748,636,140,98,451,166 
277	7,314,378,742,41,893,740,247,100,341 
278	157,277,168,67,972,442,199,253,497,79 
279	316,442,650,355,862,285,424,497,855,659 
280	378,451,367,96,639,427,286,978,8,337 
281	452,277,4,391,308,199,72,972,175,650 
282	282,423,155,137,87,31,186,75,19,767 
283	279,351,613,479,249,862,438,580,253,162 
284	797,38,843,447,84,303,131,452,175,927 
285	431,155,279,137,19,929,108,650,520,906 
286	244,489,528,1172,979,783,970,765,1035,1108 
287	220,21,202,953,265,351,199,442,438,217 
288	264,418,39,828,956,581,635,626,759,629 
289	367,451,55,791,561,970,427,1151,893,244 
290	336,438,481,216,234,972,285,862,747,580 
291	38,480,141,129,263,762,294,911,154,281 
292	1021,286,264,231,27,846,80,741,1066,280 
293	279,442,145,479,217,890,35,807,391,925 
294	731,250,759,978,591,403,513,86,31,1034 
295	314,234,303,216,355,452,145,351,22,911 
296	230,270,314,191,276,520,237,618,371,1043 
297	766,259,20,47,694,789,730,811,230,140 
298	45,279,183,451,980,497,797,555,277,266 
299	280,797,451,224,100,369,249,234,639,162 
300	282,369,7,155,423,276,21,191,767,45 
301	659,798,766,161,777,802,355,293,454,315 
302	280,183,282,650,97,199,265,4,371,438 
303	246,736,138,120,650,140,314,220,4,821 
304	234,168,253,150,217,89,145,862,925,67 
305	280,183,97,230,1021,21,94,197,27,527 
306	31,1021,55,639,443,606,591,367,1088,280 
307	950,7,681,100,84,354,1038,452,365,10 
308	145,613,497,151,89,233,855,997,94,953 
309	316,168,277,150,155,230,659,175,253,52 
310	308,72,52,168,98,175,452,355,371,245 
311	140,894,168,137,163,234,438,855,660,807 
312	145,217,249,151,14,442,168,230,199,451 
313	660,650,21,265,535,107,19,242,4,972 
314	181,38,198,242,117,803,911,170,266,447 
315	193,264,828,606,626,581,5,629,759,814 
316	491,1042,995,764,362,766,413,293,284,793 
317	145,67,862,163,351,140,72,175,150,480 
318	249,216,391,894,107,35,531,145,925,120 
319	337,193,418,606,956,581,626,635,759,629 
320	249,253,438,320,442,481,789,351,98,842 
321	303,803,263,531,659,141,78,452,762,198 
322	96,38,140,1021,797,481,78,234,4,14 
323	7,285,452,128,6,894,798,234,625,245 
324	193,846,183,834,668,218,956,157,282,471 
325	140,78,145,452,351,151,128,14,580,807 
326	802,799,166,20,659,334,491,1042,150,937 
327	369,155,282,767,423,45,165,276,603,204 
328	140,221,191,45,351,789,674,371,767,77 
329	193,606,846,828,5,418,27,58,327,581 
330	78,255,766,695,137,98,191,799,4,797 
331	580,862,155,186,224,233,4,497,424,578 
332	157,282,627,140,634,662,276,464,395,204 
333	193,1021,980,218,956,96,378,828,639,834 
334	255,137,316,14,145,862,52,747,191,204 
335	59,77,455,675,140,995,320,481,209,293 
336	100,131,438,216,798,371,285,160,151,825 
337	55,7,96,731,342,591,250,231,60,787 
338	481,378,342,950,1025,927,7,893,151,183 
339	157,7,378,1021,369,230,183,627,137,97 
340	150,175,481,479,145,168,862,452,659,864 
341	204,224,799,175,748,155,52,371,469,303 
342	183,1021,378,639,80,280,741,451,224,731 
343	543,101,8,567,893,708,244,595,341,742 
344	980,591,31,86,335,1021,513,451,176,231 
345	431,30,580,527,613,191,276,165,351,421 
346	980,157,639,378,221,27,80,230,140,1066 
347	591,513,86,980,472,598,1151,172,176,189 
348	137,270,52,220,14,277,97,186,303,233 
349	193,606,846,828,5,418,27,58,581,1057 
350	286,606,193,96,443,639,741,337,668,264 
351	282,137,94,606,270,431,668,1066,96,155 
352	202,277,890,442,217,199,157,797,351,391 
353	38,137,862,201,578,100,168,972,19,438 
354	249,355,442,234,480,22,531,217,35,424 
355	145,160,580,151,277,100,163,72,30,424 
356	606,27,828,183,218,5,834,639,608,212 
357	606,286,80,443,639,218,27,39,926,367 
358	539,1085,234,584,129,1004,770,38,1042,362 
359	220,230,997,351,233,19,442,438,565,391 
360	7,451,140,78,201,371,186,16,351,634 
361	231,157,280,431,512,155,97,792,269,893 
362	465,791,946,36,528,489,904,742,542,260 
363	360,447,480,151,100,927,160,491,1085,772 
364	7,802,382,695,191,9,112,767,636,880 
365	275,112,285,455,38,793,284,319,131,777 
366	230,369,221,137,87,186,276,314,603,78 
367	242,162,613,163,266,72,894,100,204,1121 
368	244,1132,36,774,783,1180,1082,339,440,740 
369	160,89,145,481,351,72,438,480,253,807 
370	753,55,250,731,612,367,1034,82,189,944 
371	89,245,160,479,280,894,953,807,181,162 
372	122,231,120,736,650,272,140,687,279,107 
373	221,543,34,740,431,283,634,767,1108,101 
374	155,280,31,279,140,1021,451,443,650,423 
375	549,660,650,216,797,35,369,231,160,199 
376	38,137,329,391,163,630,982,120,576,293 
377	431,270,155,201,382,237,224,19,395,220 
378	264,606,846,1021,183,639,5,96,337,847 
379	282,94,201,268,276,395,186,108,674,578 
380	168,293,233,151,580,230,452,100,578,497 
381	279,140,438,217,266,155,145,245,555,424 
382	231,45,201,650,789,72,303,497,98,128 
383	980,157,27,264,639,221,193,280,201,5 
384	193,606,337,828,608,218,27,581,58,327 
385	193,39,980,828,183,956,264,820,195,846 
386	55,250,591,753,337,86,39,612,176,690 
387	369,87,423,279,65,276,603,108,224,258 
388	797,181,303,170,911,128,129,452,1028,141 
389	742,72,198,512,1082,1085,1123,665,994,798 
390	797,38,864,31,181,294,204,150,367,216 
391	797,314,181,766,864,129,802,1121,100,303 
392	4,797,303,497,342,351,480,355,183,31 
393	613,131,336,253,766,280,825,798,234,52 
394	953,613,138,549,97,535,233,497,391,249 
395	224,230,98,355,253,16,52,128,168,371 
396	45,279,862,497,438,613,230,160,452,78 
397	308,35,310,438,4,369,355,852,150,128 
398	286,193,183,282,157,956,221,96,97,443 
399	403,86,55,1151,598,472,172,690,1034,176 
400	38,140,293,96,155,531,234,342,497,191 
401	606,846,834,7,218,157,1021,639,39,1143 
402	231,7,378,221,157,451,606,94,218,608 
403	157,282,94,627,87,279,65,929,554,258 
404	221,137,94,7,846,854,1066,280,423,723 
405	253,369,224,216,89,128,230,168,351,191 
406	55,378,591,86,250,753,992,427,183,1021 
407	403,86,55,1151,472,690,172,189,133,176 
408	193,635,759,882,426,1103,195,399,31,814 
409	230,94,137,369,280,627,186,554,75,149 
410	221,230,431,279,395,554,423,475,618,201 
411	580,100,277,81,894,351,613,84,925,972 
412	252,554,627,351,201,237,314,586,1026,336 
413	442,151,141,316,438,479,371,452,163,266 
414	279,369,627,106,191,221,268,59,47,32 
415	543,451,41,155,765,382,423,269,149,230 
416	797,650,442,249,89,565,438,151,21,90 
417	259,627,469,140,231,316,797,131,371,268 
418	59,77,20,451,189,250,789,591,787,944 
419	94,31,137,7,97,155,520,627,21,554 
420	591,513,86,612,690,598,189,176,31,133 
421	124,950,198,151,927,491,129,78,911,355 
422	140,803,883,280,234,972,84,719,613,568 
423	337,31,759,626,426,629,882,608,1103,399 
424	481,72,4,175,279,479,6,798,316,129 
425	16,285,112,4,695,155,255,204,455,613 
426	246,1003,21,535,19,340,233,921,982,249 
427	21,120,233,293,216,650,277,391,4,97 
428	100,479,160,175,266,497,894,14,128,424 
429	567,34,958,465,595,528,542,1052,101,765 
430	155,627,279,137,191,730,252,52,662,695 
431	84,798,145,950,216,351,175,277,128,203 
432	451,280,155,282,41,230,94,371,97,742 
433	4,855,145,249,199,371,997,100,168,19 
434	221,157,193,282,431,1021,183,718,854,212 
435	797,4,100,151,438,539,128,224,255,160 
436	78,245,216,452,438,145,277,862,798,972 
437	791,244,465,528,543,489,595,196,260,757 
438	432,772,911,354,355,203,491,770,1000,706 
439	953,145,140,122,862,894,480,128,807,855 
440	280,674,252,52,108,554,204,186,603,314 
441	282,369,137,94,201,431,224,183,165,603 
442	30,442,160,531,890,122,202,997,220,151 
443	797,539,89,303,128,141,927,175,170,447 
444	55,282,31,1021,335,7,96,378,688,472 
445	650,253,191,265,35,52,638,424,277,391 
446	282,137,264,270,431,606,980,218,140,854 
447	193,635,759,882,1103,820,39,399,814,849 
448	157,155,282,279,627,201,378,1021,371,52 
449	890,30,613,293,277,527,270,245,855,191 
450	531,45,285,128,140,452,112,249,6,625 
451	337,193,39,828,956,581,626,635,759,629 
452	798,432,203,22,365,584,681,81,72,10 
453	124,413,447,285,852,732,802,970,354,782 
454	193,418,39,606,608,635,5,581,759,629 
455	659,452,494,613,843,803,72,279,90,894 
456	221,230,280,7,282,929,237,191,520,258 
457	264,39,337,846,418,218,183,27,581,58 
458	791,946,36,1132,196,489,595,542,260,904 
459	279,89,382,97,87,191,204,137,512,929 
460	140,84,481,452,122,494,124,279,203,30 
461	314,451,681,38,161,447,160,1025,117,316 
462	59,47,695,231,777,636,112,675,748,674 
463	279,280,204,224,980,1021,52,367,488,789 
464	282,286,230,7,137,606,423,369,464,956 
465	247,783,481,72,244,766,1082,299,946,269 
466	183,96,140,342,1021,980,613,497,217,580 
467	613,351,181,253,452,798,320,479,163,277 
468	249,245,580,953,122,480,452,253,266,150 
469	797,285,124,748,798,275,360,351,566,315 
470	277,659,160,245,199,650,424,747,72,224 
471	168,351,539,665,862,494,242,365,316,263 
472	303,100,589,447,81,432,681,1000,584,762 
473	230,855,497,442,650,160,151,217,224,155 
474	270,94,137,314,165,336,155,627,662,237 
475	97,862,890,245,282,14,535,953,270,186 
476	367,31,731,378,451,1021,342,443,639,427 
477	277,578,7,4,220,883,351,687,565,287 
478	231,221,606,337,183,39,639,27,378,270 
479	81,277,145,613,245,150,140,972,279,163 
480	282,606,221,183,286,1021,193,854,378,155 
481	442,972,137,531,355,122,424,479,855,565 
482	378,543,101,8,286,978,367,96,31,648 
483	403,86,55,1151,472,598,189,172,133,176 
484	193,418,264,606,608,5,626,581,759,629 
485	204,14,217,168,242,122,497,199,175,972 
486	270,280,137,767,108,165,45,578,929,65 
487	442,145,972,565,265,220,890,424,549,497 
488	98,469,650,686,438,155,14,452,852,79 
489	231,316,234,371,277,216,14,168,112,16 
490	221,369,767,230,550,282,268,258,662,393 
491	193,606,39,218,337,58,668,608,183,834 
492	233,270,862,220,186,997,578,201,634,276 
493	45,168,452,494,81,78,128,277,35,807 
494	277,157,371,862,972,855,199,245,285,424 
495	481,342,539,589,181,96,950,198,151,11 
496	230,155,279,94,87,19,520,31,165,554 
497	39,337,264,846,5,759,849,980,635,668 
498	193,635,759,820,629,195,31,1103,608,399 
499	140,314,45,554,65,78,806,97,276,258 
500	157,282,369,230,627,279,378,186,767,52 
501	193,635,828,629,1093,426,195,399,31,608 
502	137,282,578,165,767,220,554,880,199,603 
503	216,862,4,175,150,894,162,266,229,168 
504	403,86,55,1151,690,598,472,189,1034,176 
505	451,41,970,742,708,1035,791,740,378,440 
506	231,4,140,89,336,303,480,237,371,41 
507	432,203,589,911,293,681,100,452,442,584 
508	613,580,431,186,293,890,155,277,997,554 
509	953,613,293,220,549,138,230,145,687,1003 
510	451,314,255,1155,269,774,1108,34,431,798 
511	106,112,777,150,681,175,995,285,128,694 
512	279,282,204,237,97,255,270,336,276,65 
513	997,168,355,894,151,234,35,231,660,202 
514	575,255,81,494,263,972,140,231,1028,355 
515	264,337,606,846,956,218,581,626,635,759 
516	221,157,230,282,94,280,395,258,475,674 
517	7,21,627,270,268,303,165,204,79,89 
518	627,106,259,221,695,382,45,351,32,767 
519	286,337,451,8,31,828,1116,342,791,708 
520	613,890,21,220,549,97,138,424,972,442 
521	862,277,199,424,145,249,155,245,442,270 
522	314,862,220,527,953,122,1003,293,497,138 
523	244,1132,528,708,904,946,542,1135,543,34 
524	378,543,101,1021,970,341,96,893,7,440 
525	277,613,531,249,479,170,369,81,659,245 
526	282,137,230,155,369,96,741,186,191,21 
527	369,282,431,137,279,650,603,108,520,929 
528	451,204,78,342,140,371,893,89,766,230 
529	221,230,279,137,201,97,191,276,423,451 
530	953,14,230,21,199,19,217,972,442,168 
531	314,369,157,38,351,14,183,186,94,639 
532	329,4,217,163,145,160,151,479,253,199 
533	766,78,59,77,675,334,469,893,405,7 
534	360,320,927,681,911,1025,447,413,242,170 
535	22,303,7,100,81,365,1000,154,575,772 
536	94,634,230,31,149,520,554,618,201,650 
537	221,230,279,137,140,627,378,204,674,108 
538	303,151,183,162,613,100,479,855,181,163 
539	442,145,168,160,438,35,137,14,660,497 
540	247,904,481,512,757,158,517,791,946,1172 
541	45,980,303,216,293,197,234,378,355,479 
542	286,635,626,1093,426,39,820,195,399,1116 
543	31,591,250,378,1021,513,753,172,639,488 
544	369,282,423,431,674,186,276,97,19,929 
545	137,14,253,160,894,89,369,391,329,660 
546	855,145,217,14,151,953,497,150,160,199 
547	231,580,369,35,67,972,424,452,660,497 
548	282,183,94,980,280,378,443,431,19,846 
549	369,155,270,7,431,464,268,767,75,21 
550	369,280,282,186,634,276,554,603,108,75 
551	175,613,279,479,580,481,168,124,162,281 
552	282,230,369,94,97,140,980,276,520,108 
553	580,14,4,578,638,201,270,216,107,89 
554	314,89,447,927,354,131,762,198,141,93 
555	124,862,266,279,479,665,145,452,613,273 
556	137,14,369,30,67,424,894,855,565,953 
557	55,980,513,612,31,472,598,172,176,1151 
558	280,438,242,249,6,442,183,175,230,253 
559	168,89,479,438,217,277,253,424,137,452 
560	7,221,280,279,451,378,627,186,443,371 
561	193,418,828,606,846,626,5,759,581,629 
562	280,451,151,237,349,97,452,650,539,1105 
563	193,39,264,828,608,581,635,626,759,629 
564	145,371,137,277,580,151,150,452,128,424 
565	355,160,131,275,106,175,336,995,16,799 
566	369,282,279,382,767,276,108,75,520,464 
567	282,280,369,94,279,140,980,45,520,108 
568	799,455,852,789,166,315,659,150,280,98 
569	31,280,94,97,270,183,639,378,264,80 
570	650,890,220,249,21,497,442,217,438,660 
571	94,431,7,31,97,155,520,627,554,108 
572	224,204,675,52,695,451,201,268,131,112 
573	168,320,249,494,7,798,310,972,35,747 
574	140,155,231,52,137,748,659,438,199,175 
575	137,183,282,19,21,245,216,953,639,277 
576	7,94,369,155,31,279,650,108,554,603 
577	255,480,972,230,580,497,84,650,224,22 
578	418,193,828,264,635,846,956,629,5,581 
579	280,369,431,186,276,578,220,767,224,268 
580	217,67,168,145,479,438,329,6,277,925 
581	286,635,626,426,1093,629,1103,39,104,525 
582	742,378,342,41,774,543,783,648,101,708 
583	157,282,230,94,279,140,382,674,204,650 
584	221,137,264,270,97,201,369,19,443,96 
585	650,997,199,497,797,855,265,21,202,282 
586	263,81,168,452,181,575,365,277,447,273 
587	355,442,666,340,419,265,216,563,479,229 
588	286,1021,96,606,193,639,367,342,741,731 
589	753,250,403,55,1151,262,598,189,172,133 
590	282,155,280,270,423,186,603,165,31,45 
591	181,38,843,531,681,117,803,320,216,659 
592	894,329,168,163,391,925,35,660,807,6 
593	369,155,382,627,19,186,97,191,108,929 
594	193,606,39,27,218,183,1021,58,668,608 
595	124,797,112,161,100,469,255,129,280,355 
596	797,4,531,438,497,650,855,157,160,479 
597	280,371,242,96,438,31,277,30,266,151 
598	862,438,72,316,452,122,150,35,128,497 
599	150,442,659,803,242,589,129,6,263,162 
600	6,100,141,481,855,78,145,438,452,351 
601	1021,282,96,606,27,264,221,443,155,337 
602	84,293,203,432,452,72,81,168,1038,1000 
603	665,494,852,413,706,284,447,234,1028,442 
604	140,168,145,894,479,151,137,997,424,391 
605	442,168,145,580,253,438,480,497,175,424 
606	431,578,97,252,618,233,186,224,586,38 
607	286,337,55,378,367,828,731,980,606,342 
608	193,264,606,828,608,581,635,626,759,629 
609	224,230,627,52,675,995,797,777,371,268 
610	249,279,95,120,535,107,329,925,19,160 
611	606,193,183,337,846,1021,956,58,828,5 
612	230,87,268,929,75,650,108,19,224,292 
613	316,78,4,199,580,565,638,21,452,191 
614	543,221,34,283,423,56,765,742,232,627 
615	606,39,264,828,956,418,183,58,668,980 
616	264,193,39,828,608,581,635,626,629,759 
617	151,531,160,894,277,217,925,120,890,497 
618	31,221,451,279,230,155,45,371,191,19 
619	369,155,270,280,627,186,191,395,618,65 
620	277,369,137,160,424,479,855,151,100,199 
621	6,140,100,160,151,351,141,452,479,163 
622	31,193,828,606,635,956,581,5,759,820 
623	233,650,265,660,535,95,1003,242,391,736 
624	202,137,531,890,479,355,329,972,438,265 
625	168,160,953,122,442,220,797,100,14,855 
626	531,231,145,168,890,272,199,438,329,972 
627	168,660,329,202,549,14,145,253,497,972 
628	618,279,237,929,473,155,627,4,395,233 
629	168,613,231,122,479,266,972,803,84,245 
630	183,1021,155,443,137,606,741,55,668,39 
631	193,337,606,846,956,581,218,27,626,635 
632	193,337,606,828,956,581,626,635,218,327 
633	140,45,94,191,100,52,237,89,21,789 
634	45,336,145,128,280,351,249,894,163,81 
635	280,122,479,140,253,163,481,35,316,855 
636	972,442,531,580,216,155,424,659,79,220 
637	286,1021,183,337,828,231,606,7,451,741 
638	329,862,4,163,438,140,14,479,175,217 
639	451,481,124,78,378,280,150,539,45,151 
640	337,31,418,193,1093,342,426,104,1116,1021 
641	155,221,137,279,31,270,191,204,674,371 
642	124,234,336,589,279,665,131,204,170,242 
643	137,45,31,155,233,578,613,216,165,603 
644	270,369,94,431,19,186,603,767,75,395 
645	282,280,137,279,31,97,224,423,108,165 
646	992,403,513,820,525,195,31,943,612,262 
647	7,230,94,369,201,97,80,443,639,520 
648	606,27,980,193,157,218,639,39,854,718 
649	314,237,268,233,224,201,186,277,165,932 
650	992,753,403,86,1151,82,427,262,172,451 
651	766,451,106,16,101,36,783,745,77,1035 
652	7,181,797,539,131,1025,480,117,293,584 
653	282,183,155,1021,230,221,443,650,191,270 
654	342,96,1021,7,639,427,731,893,41,690 
655	193,418,264,606,608,635,626,581,759,629 
656	137,94,270,280,155,19,464,80,520,627 
657	351,137,442,531,479,151,234,217,355,100 
658	742,774,904,783,893,376,648,708,740,1180 
659	391,340,265,163,137,272,666,563,921,807 
660	216,21,157,220,265,145,19,424,97,199 
661	797,72,294,950,355,927,349,405,360,86 
662	193,606,337,828,418,218,58,581,27,327 
663	221,282,431,423,270,627,464,378,650,614 
664	244,567,708,528,1172,196,904,376,757,979 
665	193,31,264,606,608,956,581,759,629,814 
666	480,131,316,242,78,762,129,128,911,452 
667	221,186,220,233,100,282,461,578,170,972 
668	286,193,27,218,668,718,54,854,58,962 
669	193,606,39,27,828,183,58,668,834,608 
670	193,1021,39,846,956,378,337,639,828,751 
671	418,193,606,608,635,956,5,264,626,195 
672	45,336,122,613,864,807,253,181,452,281 
673	660,249,890,369,14,145,107,329,972,35 
674	686,852,659,531,280,4,748,438,361,457 
675	286,193,846,218,668,231,96,639,926,471 
676	802,799,774,777,1180,745,904,512,455,852 
677	282,230,155,279,140,97,191,980,108,165 
678	852,234,285,748,9,275,310,413,336,351 
679	216,369,265,220,145,249,660,424,972,272 
680	451,797,282,789,150,131,124,766,266,175 
681	231,802,78,799,259,59,371,268,191,636 
682	766,20,59,451,789,57,204,636,17,439 
683	442,138,391,797,355,163,14,666,438,107 
684	193,39,956,834,668,58,828,337,377,471 
685	337,635,31,626,39,629,195,1103,1116,399 
686	890,650,220,549,138,157,497,272,972,535 
687	7,38,694,230,150,336,9,131,175,112 
688	7,282,155,221,279,230,96,674,367,159 
689	216,100,277,150,659,78,862,35,242,855 
690	890,272,613,329,894,216,277,921,1003,563 
691	465,567,904,791,1132,376,528,196,757,765 
692	279,293,95,650,272,19,157,4,145,687 
693	31,55,378,731,250,690,286,639,86,1151 
694	451,157,314,140,342,1021,255,639,186,124 
695	155,855,277,224,442,580,72,424,497,972 
696	249,217,137,355,497,231,272,391,894,100 
697	202,797,442,160,890,30,67,438,285,90 
698	244,489,36,528,567,946,376,757,979,1108 
699	320,280,802,285,303,249,798,124,128,160 
700	78,570,320,1085,131,487,349,1127,927,160 
701	193,27,39,218,54,718,183,377,615,962 
702	378,41,96,1021,183,481,742,341,543,8 
703	378,342,1021,41,427,639,8,978,543,893 
704	280,84,279,580,369,231,90,659,285,216 
705	282,280,221,140,204,650,183,52,431,108 
706	31,193,264,606,608,956,581,629,759,814 
707	591,731,980,612,690,472,598,172,176,1151 
708	55,591,753,86,980,1151,612,172,183,176 
709	264,193,418,828,608,581,635,626,327,759 
710	279,578,233,165,108,767,627,252,423,237 
711	231,216,277,249,220,265,242,160,168,972 
712	31,591,753,690,367,183,403,612,172,176 
713	67,480,168,89,163,280,140,175,72,35 
714	798,950,452,531,145,862,659,280,154,128 
715	140,451,230,197,650,94,255,151,168,797 
716	20,455,748,140,52,777,112,995,659,45 
717	124,145,277,494,452,351,242,120,539,950 
718	279,151,1003,145,613,220,736,897,97,168 
719	591,86,612,262,598,172,472,690,1034,944 
720	753,55,86,472,690,598,1151,172,262,176 
721	221,543,451,740,912,369,765,149,230,792 
722	369,280,94,382,97,767,165,603,75,578 
723	193,606,39,218,828,58,183,668,608,834 
724	753,992,86,403,1151,690,598,172,189,1034 
725	45,38,186,87,224,613,634,14,767,293 
726	438,285,660,316,160,580,972,145,351,79 
727	193,635,626,759,629,426,882,195,264,1103 
728	665,469,150,491,7,285,161,777,310,255 
729	589,303,242,150,531,681,316,78,452,154 
730	369,282,279,94,431,191,268,674,603,21 
731	270,7,38,97,586,268,137,108,806,89 
732	78,665,175,131,531,681,128,6,170,762 
733	221,423,94,65,627,662,393,75,252,680 
734	193,39,418,606,608,581,635,626,759,629 
735	55,731,86,690,403,598,1151,176,472,172 
736	7,230,279,282,351,378,78,268,554,648 
737	797,539,198,803,911,242,170,1025,584,84 
738	193,828,39,629,31,264,606,882,1093,581 
739	451,89,181,589,255,480,38,447,354,774 
740	157,155,423,87,280,627,634,520,767,268 
741	89,151,168,972,371,97,438,555,480,217 
742	438,128,231,160,316,798,855,479,452,14 
743	100,613,245,163,181,894,140,855,807,145 
744	181,38,198,442,78,175,843,216,681,762 
745	249,199,168,145,277,862,650,424,355,72 
746	4,890,277,265,497,14,650,797,424,138 
747	282,980,1021,94,97,155,19,193,668,846 
748	280,231,862,438,266,580,150,497,162,72 
749	351,438,234,277,89,497,199,151,972,253 
750	183,606,1021,157,96,639,741,230,854,58 
751	253,145,862,480,807,216,351,316,925,22 
752	193,635,626,39,31,1093,608,195,1103,606 
753	980,157,378,639,27,80,280,230,201,1066 
754	217,100,479,168,150,266,894,67,807,371 
755	864,371,253,316,438,4,294,14,479,842 
756	451,41,567,8,595,528,342,427,36,1021 
757	31,193,828,606,608,629,956,5,581,814 
758	59,259,72,282,334,9,131,455,112,316 
759	221,157,94,282,382,230,280,554,740,912 
760	613,650,216,660,19,249,107,14,120,972 
761	314,480,491,151,131,1042,772,316,1004,911 
762	320,170,7,589,413,911,175,1028,78,491 
763	181,175,78,128,659,316,141,855,253,266 
764	21,650,265,660,535,272,369,391,246,199 
765	337,418,828,264,626,846,581,956,5,629 
766	591,86,612,472,598,1151,690,133,172,392 
767	418,193,828,264,635,956,629,846,581,5 
768	606,27,183,218,231,39,834,1066,639,723 
769	282,87,186,268,336,613,165,38,32,431 
770	78,20,155,7,230,334,451,268,314,788 
771	157,627,7,382,259,19,52,689,186,276 
772	89,45,237,632,349,154,160,224,94,589 
773	369,270,94,431,382,650,224,268,75,929 
774	369,155,270,137,224,186,276,108,618,165 
775	613,89,797,22,151,100,255,67,90,747 
776	451,299,269,231,280,41,792,155,465,324 
777	100,245,78,253,894,128,141,807,320,480 
778	193,606,337,828,608,418,27,58,581,327 
779	264,337,606,828,956,626,581,218,635,327 
780	846,1021,639,980,953,137,862,853,580,218 
781	340,531,265,613,272,280,355,216,145,479 
782	193,606,846,828,5,608,418,58,183,581 
783	193,264,606,828,608,581,635,626,759,629 
784	234,160,293,354,175,154,1042,100,432,927 
785	124,181,797,355,128,204,512,160,150,1025 
786	442,351,231,580,263,203,279,953,81,890 
787	606,183,39,218,668,443,1021,846,58,956 
788	791,244,708,36,196,1172,595,376,757,543 
789	451,124,181,4,38,273,131,665,129,479 
790	369,953,220,277,122,4,230,265,272,972 
791	230,369,280,137,423,627,31,554,603,1021 
792	67,220,216,890,245,997,19,442,201,638 
793	100,137,972,438,255,497,151,890,22,747 
794	67,89,972,122,438,100,14,22,202,480 
795	20,224,52,627,371,98,469,636,191,201 
796	193,606,39,846,956,581,218,27,626,635 
797	378,41,1021,7,231,367,101,639,8,742 
798	264,39,846,606,956,626,635,759,581,218 
799	193,606,39,27,834,615,668,734,718,377 
800	193,31,635,759,629,820,195,264,426,882 
801	175,479,150,168,862,452,163,279,807,81 
802	230,280,279,137,87,382,520,204,21,767 
803	980,96,157,286,27,193,80,741,58,201 
804	14,216,231,168,442,230,371,285,52,894 
805	14,4,277,217,497,89,199,424,555,97 
806	31,1021,378,282,741,367,451,731,27,137 
807	369,766,16,201,221,52,689,675,695,767 
808	221,431,94,230,149,618,299,75,279,292 
809	31,250,286,731,86,193,992,176,337,403 
810	293,451,100,45,336,766,224,216,789,825 
811	1021,7,231,342,282,741,157,193,264,94 
812	265,531,145,277,391,231,168,220,797,35 
813	282,137,280,270,369,155,87,606,186,627 
814	432,911,203,927,354,365,1004,100,770,772 
815	216,442,329,4,202,391,925,217,265,272 
816	221,7,31,280,431,423,634,149,382,443 
817	531,442,855,371,972,137,479,157,242,266 
818	282,155,94,7,423,186,191,603,75,674 
819	369,280,94,431,140,382,165,45,464,395 
820	224,168,308,160,452,531,231,638,353,175 
821	55,250,612,591,598,189,1151,690,753,133 
822	282,155,94,31,270,201,183,191,224,382 
823	95,231,120,650,97,265,719,277,982,216 
824	286,846,231,668,956,980,854,1171,723,1178 
825	337,39,606,418,608,626,635,581,759,629 
826	55,591,86,513,980,403,612,172,598,183 
827	997,242,650,442,797,145,202,972,424,19 
828	369,155,87,279,554,224,395,650,258,929 
829	45,21,862,220,855,371,186,204,122,224 
830	282,369,94,280,137,186,554,650,65,149 
831	282,369,279,94,140,87,1021,183,276,108 
832	282,137,94,264,606,280,218,19,834,140 
833	418,193,264,606,846,581,635,626,629,759 
834	221,155,382,451,627,270,65,224,740,41 
835	369,155,270,431,137,554,520,395,268,929 
836	286,635,626,426,1093,31,1103,195,399,1116 
837	980,591,250,86,612,472,598,176,183,335 
838	742,41,378,970,341,101,342,765,427,440 
839	337,264,418,606,956,581,626,635,759,629 
840	279,157,19,613,265,535,1003,497,120,736 
841	145,369,249,151,220,157,424,272,234,14 
842	193,39,828,846,956,5,608,581,635,626 
843	613,157,233,138,265,277,660,120,199,687 
844	145,613,168,277,351,481,266,452,894,30 
845	168,580,160,438,855,217,67,452,72,231 
846	7,369,282,94,19,634,191,603,578,31 
847	168,531,613,124,452,245,438,170,128,266 
848	862,270,890,265,277,578,245,199,687,497 
849	479,280,245,279,613,140,452,163,128,253 
850	382,634,65,650,603,276,395,929,258,358 
851	1028,203,355,303,911,365,442,494,168,145 
852	567,708,946,36,34,451,465,528,742,1132 
853	253,613,972,22,481,438,803,953,494,122 
854	286,759,828,626,96,195,55,1093,342,367 
855	193,606,846,956,218,58,27,418,668,615 
856	282,270,423,155,280,634,186,1036,614,767 
857	244,1132,567,946,904,1172,260,1135,920,1180 
858	252,65,201,87,336,627,7,237,282,662 
859	286,193,980,218,956,1021,1066,80,1178,1171 
860	157,282,627,423,191,554,19,276,662,464 
861	1021,96,606,639,741,443,193,157,5,367 
862	659,531,81,175,84,150,494,539,253,360 
863	27,137,183,606,193,834,639,54,956,201 
864	280,89,351,221,216,539,160,197,890,452 
865	193,635,626,629,264,820,606,581,426,882 
866	45,72,224,681,155,438,316,303,277,349 
867	282,183,137,94,378,369,286,264,193,87 
868	216,277,145,151,369,21,233,138,972,391 
869	418,193,264,606,846,956,5,759,581,629 
870	791,244,708,36,489,1172,542,376,1135,920 
871	567,791,946,36,465,528,1132,34,196,376 
872	481,4,797,354,762,911,100,160,320,681 
873	193,418,606,608,635,820,5,629,626,264 
874	279,45,31,230,97,197,650,855,191,220 
875	234,217,230,282,89,122,199,479,151,451 
876	221,282,1021,230,155,423,378,96,39,80 
877	183,378,231,342,286,282,741,157,159,197 
878	369,797,168,151,202,234,14,89,220,100 
879	249,531,355,479,100,231,137,890,894,369 
880	193,606,846,956,218,58,27,418,668,615 
881	230,280,155,87,382,554,165,423,268,237 
882	230,7,137,279,140,650,108,520,268,614 
883	539,442,100,349,6,294,281,762,452,154 
884	140,894,329,168,202,217,160,277,497,138 
885	55,86,753,992,367,980,598,1151,172,715 
886	797,438,150,282,230,249,128,175,442,151 
887	843,78,480,100,154,762,129,911,6,494 
888	7,204,231,342,282,1021,183,731,279,157 
889	279,19,201,351,204,199,277,451,100,424 
890	183,1021,980,378,155,80,639,94,87,97 
891	231,279,140,369,314,371,221,351,41,197 
892	369,282,431,7,268,97,395,650,618,929 
893	351,137,168,242,253,369,316,6,659,862 
894	193,635,626,629,820,1093,608,1103,195,264 
895	193,606,39,27,218,834,58,183,668,608 
896	168,160,145,862,163,479,438,807,6,35 
897	14,580,221,363,191,862,245,216,890,565 
898	221,137,280,155,270,431,80,186,276,464 
899	124,89,140,84,665,117,452,145,497,369 
900	27,157,137,221,282,606,980,718,431,741 
901	231,282,378,221,280,369,94,60,204,87 
902	280,181,253,452,145,277,894,242,81,803 
903	418,193,820,635,39,525,55,250,606,992 
904	320,995,852,98,175,694,798,280,140,204 
905	216,21,265,220,145,19,660,972,424,351 
906	45,224,157,14,72,862,249,96,479,150 
907	802,742,9,681,280,198,155,852,334,950 
908	753,403,86,55,472,1151,690,262,172,133 
909	31,193,828,626,264,629,956,846,5,1093 
910	480,131,100,263,170,150,911,154,354,432 
911	244,708,946,904,196,1172,1135,757,742,386 
912	157,451,7,94,140,765,970,78,929,149 
913	150,798,539,141,953,316,280,22,613,665 
914	7,96,367,204,1021,639,282,279,78,787 
915	681,100,659,413,154,803,442,129,198,150 
916	442,277,438,972,242,497,452,22,217,122 
917	191,438,249,201,277,855,580,638,424,497 
918	531,217,145,160,894,202,497,35,199,231 
919	369,282,94,201,650,268,108,75,618,929 
920	175,45,150,280,950,145,266,953,162,279 
921	231,279,230,369,78,16,77,59,268,96 
922	14,216,249,220,797,424,265,497,660,122 
923	193,606,846,828,5,218,27,58,581,327 
924	451,314,198,927,151,447,480,38,355,342 
925	280,155,31,137,183,980,627,270,342,23 
926	618,650,201,336,680,292,237,19,255,372 
927	7,231,1021,280,639,157,512,648,183,11 
928	791,543,946,708,489,196,36,757,1172,260 
929	286,635,626,426,1093,629,39,104,399,525 
930	45,97,87,186,191,108,627,767,14,520 
931	753,250,86,55,472,1151,690,189,172,133 
932	38,191,277,282,216,168,21,308,79,253 
933	7,140,314,94,201,87,106,237,382,112 
934	591,513,86,612,690,598,172,189,1151,176 
935	753,250,86,1151,262,172,472,189,1034,176 
936	72,20,334,455,161,259,316,155,47,483 
937	249,145,217,89,277,438,497,14,128,150 
938	231,953,122,277,160,217,137,150,253,266 
939	438,452,151,72,481,100,150,14,35,894 
940	980,27,282,7,846,157,668,956,741,54 
941	72,100,168,150,580,894,253,6,481,277 
942	7,1021,286,230,639,264,378,193,87,741 
943	31,230,137,155,183,96,87,650,276,634 
944	87,423,252,618,97,108,186,45,1043,358 
945	627,766,47,268,87,20,59,789,767,650 
946	282,369,280,279,423,650,603,165,108,1021 
947	451,124,797,181,78,293,349,589,117,279 
948	694,320,98,285,280,995,334,825,852,777 
949	27,286,846,834,668,854,377,718,39,734 
950	282,221,183,230,280,606,639,378,193,834 
951	451,96,55,367,1021,639,282,731,78,789 
952	170,89,242,1028,81,203,154,175,129,84 
953	157,220,14,199,216,363,52,638,438,145 
954	282,183,221,137,606,80,280,741,846,342 
955	157,282,378,221,137,280,27,264,846,1066 
956	797,277,168,890,202,217,438,151,234,650 
957	216,245,242,100,479,22,890,481,438,452 
958	6,122,855,78,479,438,253,864,371,862 
959	253,14,231,452,128,145,371,155,224,497 
960	193,27,956,834,58,5,980,377,615,723 
961	894,168,145,160,35,253,277,351,100,137 
962	45,38,314,155,87,191,351,14,48,382 
963	279,45,183,336,639,197,342,862,19,555 
964	183,280,96,1021,157,369,45,197,19,52 
965	451,140,224,279,282,52,351,893,970,186 
966	231,451,45,369,183,797,14,100,97,650 
967	124,539,797,160,1025,584,10,432,128,531 
968	992,591,86,55,1151,172,690,1034,472,133 
969	168,202,797,480,216,613,279,89,563,497 
970	145,216,452,137,329,580,122,6,424,30 
971	648,451,269,1108,543,912,512,283,359,196 
972	606,7,286,846,1021,218,157,80,577,962 
973	589,170,681,442,447,129,432,81,659,84 
974	282,94,431,280,155,423,634,186,650,464 
975	231,193,1021,956,834,639,5,718,962,1178 
976	27,183,1021,846,39,639,96,282,54,137 
977	742,481,7,41,964,543,765,369,792,283 
978	442,890,140,480,81,613,202,35,329,563 
979	279,140,314,183,221,650,94,191,342,80 
980	89,798,442,263,84,203,452,320,659,762 
981	264,980,846,218,27,58,5,1066,615,639 
982	7,41,231,378,481,970,78,1155,45,269 
983	282,155,279,137,140,97,191,108,96,674 
984	221,578,97,268,186,165,220,233,277,14 
985	230,369,155,279,19,45,423,520,382,314 
986	100,145,589,442,950,1028,120,580,497,91 
987	279,186,220,255,21,89,19,100,972,191 
988	279,45,137,862,481,217,89,497,150,242 
989	181,4,129,303,665,864,316,160,162,1121 
990	442,371,72,580,855,175,242,14,245,972 
991	980,1021,96,282,80,741,193,27,155,58 
992	193,39,31,635,606,629,581,956,5,820 
993	128,613,160,131,798,204,141,294,625,242 
994	145,277,442,890,217,497,438,220,479,391 
995	7,342,512,124,263,72,589,38,273,129 
996	155,199,216,245,249,79,789,168,277,316 
997	230,282,279,94,87,19,204,31,45,603 
998	431,282,155,423,201,276,618,395,603,165 
999	78,204,481,38,224,355,438,342,766,117 
1000	140,145,580,163,67,351,175,452,329,128 
1001	231,30,293,19,122,265,201,497,997,277 
1002	549,660,138,231,442,160,151,479,95,972 
1003	539,354,911,1028,355,772,1025,129,452,706 
1004	438,224,855,14,124,151,266,168,230,479 
1005	355,217,137,479,894,277,329,424,272,231 
1006	613,660,151,997,234,272,630,175,864,340 
1007	7,140,45,97,78,204,351,276,371,674 
1008	31,731,86,183,992,612,598,472,172,176 
1009	264,231,27,7,846,80,96,443,608,718 
1010	890,202,997,245,14,282,265,168,221,249 
1011	606,193,27,218,956,834,1021,377,1066,723 
1012	157,314,282,155,201,336,31,1021,14,220 
1013	137,280,369,31,431,279,96,980,1021,554 
1014	55,731,86,690,1151,472,598,172,189,262 
1015	438,355,100,855,253,151,497,67,199,175 
1016	279,650,97,613,246,497,687,230,736,95 
1017	451,204,96,342,282,766,231,802,980,789 
1018	378,8,342,41,286,543,31,55,101,893 
1019	280,855,242,249,89,217,497,137,224,141 
1020	950,170,413,198,100,7,491,1028,362,659 
1021	157,277,97,438,145,4,797,89,78,497 
1022	45,4,266,242,442,438,855,378,72,342 
1023	367,86,612,1151,766,516,513,451,802,183 
1024	803,736,122,461,280,719,900,442,563,89 
1025	442,803,170,216,84,452,479,22,659,266 
1026	7,41,157,342,512,369,1021,765,96,792 
1027	766,20,259,155,282,280,675,543,230,469 
1028	303,803,681,154,659,242,911,1028,203,447 
1029	766,799,77,259,731,57,367,745,992,774 
1030	7,451,96,193,980,314,39,204,688,727 
1031	151,234,613,253,81,747,481,494,564,154 
1032	589,84,22,242,81,432,494,168,681,145 
1033	55,591,367,31,378,690,513,753,172,403 
1034	282,7,221,369,279,627,204,342,97,159 
1035	140,175,659,168,128,539,479,665,277,320 
1036	140,270,371,382,16,351,97,14,199,276 
1037	451,280,204,140,279,89,369,198,336,893 
1038	231,249,265,145,650,4,21,217,972,168 
1039	367,591,86,1151,403,427,1034,82,978,262 
1040	145,21,282,855,972,438,424,442,997,122 
1041	193,39,31,635,606,759,846,956,5,820 
1042	369,279,282,224,431,371,165,451,351,578 
1043	31,591,286,183,403,612,176,172,1151,193 
1044	193,606,337,828,418,218,27,581,58,327 
1045	216,181,151,249,438,128,320,145,162,855 
1046	230,280,279,137,87,45,634,520,31,674 
1047	369,282,279,382,97,767,554,165,464,1043 
1048	38,94,237,431,578,862,168,204,627,78 
1049	282,137,280,230,155,369,27,264,627,193 
1050	155,9,694,789,336,59,455,77,231,150 
1051	145,140,479,122,351,803,249,150,22,539 
1052	469,247,181,561,1031,783,57,451,937,319 
1053	378,55,7,96,427,86,183,639,753,189 
1054	140,231,224,351,137,100,216,627,201,855 
1055	580,145,163,175,150,479,438,329,128,277 
1056	193,31,828,635,759,629,581,956,5,1093 
1057	27,193,1021,7,218,282,39,378,54,1171 
1058	280,369,155,279,183,378,270,650,371,431 
1059	38,160,681,78,442,175,128,117,150,84 
1060	247,446,783,1180,1135,260,517,979,542,595 
1061	282,155,183,230,1021,201,270,650,186,27 
1062	355,442,168,479,35,890,202,272,438,972 
1063	193,606,39,846,956,218,581,327,626,635 
1064	355,277,894,35,972,78,199,391,67,659 
1065	234,273,175,112,413,852,539,154,442,166 
1066	369,7,279,137,140,186,603,464,767,1043 
1067	140,843,531,175,154,150,681,277,145,285 
1068	145,242,438,151,452,953,100,128,277,6 
1069	170,803,216,81,580,279,84,253,438,659 
1070	580,145,371,220,191,972,21,19,531,78 
1071	230,369,155,87,224,108,634,423,603,237 
1072	369,282,7,201,268,554,276,75,603,618 
1073	681,803,316,154,491,442,432,452,175,365 
1074	279,45,451,96,224,201,197,100,220,21 
1075	378,342,893,1021,231,101,341,742,367,159 
1076	7,286,1021,193,639,157,378,846,828,280 
1077	606,286,218,80,668,741,846,27,264,1088 
1078	193,39,31,606,608,629,759,956,5,322 
1079	469,253,480,112,852,452,249,613,625,491 
1080	145,220,890,30,282,202,233,424,191,797 
1081	438,234,100,253,137,151,78,72,659,371 
1082	337,39,828,418,608,759,635,183,626,581 
1083	221,137,280,264,27,639,193,279,668,21 
1084	193,31,828,606,626,759,956,629,5,849 
1085	286,193,626,828,882,195,1103,104,39,399 
1086	193,606,846,828,5,608,27,581,1057,734 
1087	369,282,279,137,224,276,108,520,395,464 
1088	336,78,613,480,659,162,452,438,855,217 
1089	1021,96,639,443,80,741,55,27,688,201 
1090	230,431,280,369,97,201,520,603,264,358 
1091	282,155,94,270,279,627,19,554,767,1021 
1092	230,442,204,371,855,160,497,224,452,316 
1093	193,39,828,606,846,5,626,759,581,629 
1094	855,217,953,650,497,371,67,242,21,442 
1095	665,360,81,351,263,273,242,862,365,277 
1096	280,797,216,242,442,145,128,479,183,197 
1097	193,606,337,828,418,218,581,327,58,27 
1098	369,155,270,94,627,186,520,268,603,618 
1099	293,266,862,371,175,145,438,452,117,589 
1100	193,1021,378,183,39,451,635,626,418,195 
1101	45,21,627,38,554,220,108,233,618,603 
1102	753,250,86,55,472,690,1151,262,172,133 
1103	140,279,280,175,277,100,145,972,798,310 
1104	55,731,367,1021,86,690,1151,342,513,753 
1105	469,140,7,285,481,128,802,310,442,112 
1106	230,280,137,279,87,191,165,520,464,1043 
1107	342,124,7,96,427,181,367,561,31,1025 
1108	193,635,626,629,820,1093,195,608,31,814 
1109	280,230,137,155,270,97,186,21,639,634 
1110	55,96,183,591,31,639,427,86,978,612 
1111	27,606,157,286,221,137,94,956,718,741 
1112	157,7,221,137,183,286,218,668,201,718 
1113	606,193,27,846,218,668,58,231,1066,741 
1114	282,767,186,52,204,165,634,21,32,730 
1115	7,94,280,431,423,1021,96,382,650,19 
1116	280,279,45,266,96,342,855,862,145,798 
1117	221,7,137,280,369,980,627,224,286,19 
1118	270,279,627,108,45,520,618,224,233,1043 
1119	791,465,528,946,196,904,757,376,979,543 
1120	286,378,1021,342,978,8,193,639,828,759 
1121	369,155,87,279,140,224,395,650,149,603 
1122	378,7,893,648,543,247,341,1035,96,904 
1123	279,137,220,14,371,303,204,855,438,265 
1124	193,606,39,337,218,58,27,668,615,418 
1125	204,316,128,798,160,242,371,452,266,497 
1126	580,100,168,480,280,803,481,81,452,35 
1127	193,606,39,27,828,337,183,668,834,377 
1128	378,55,183,367,639,731,427,591,980,690 
1129	282,155,94,137,369,378,140,741,19,451 
