0	116,5,214,483,19,90,496,79,39,940 
1	1023,429,1280,486,575,214,1445,146,1229,851 
2	194,62,218,801,446,93,264,161,212,587 
3	214,292,363,110,257,96,127,522,71,324 
4	214,292,79,12,139,470,61,496,127,406 
5	116,781,88,541,460,169,68,766,508,782 
6	20,111,28,62,93,16,406,459,1045,446 
7	116,5,62,874,363,59,79,446,292,181 
8	135,202,157,94,224,257,18,357,96,62 
9	116,135,292,18,110,522,251,5,218,397 
10	5,116,569,177,194,307,181,121,212,628 
11	116,214,202,110,79,9,397,483,387,92 
12	5,62,446,160,83,121,214,468,317,178 
13	62,20,218,160,253,468,264,38,363,451 
14	135,202,363,191,94,470,522,3,294,127 
15	116,93,5,874,139,96,397,387,127,88 
16	20,5,135,483,214,191,469,9,90,360 
17	5,202,88,483,874,90,19,940,169,907 
18	79,18,191,139,246,1247,250,406,522,324 
19	16,135,801,160,177,150,880,161,446,25 
20	5,62,880,160,83,253,235,202,317,328 
21	116,214,470,94,96,397,79,92,514,508 
22	106,161,569,218,326,556,425,181,950,953 
23	116,202,292,224,59,18,5,238,92,127 
24	116,5,16,496,79,110,191,363,121,92 
25	214,202,79,328,251,92,246,19,110,628 
26	592,626,273,296,904,1261,64,135,745,275 
27	1369,807,745,1075,607,668,411,1106,51,907 
28	116,62,191,541,110,90,514,496,139,907 
29	575,934,309,796,1302,1185,80,94,1374,1353 
30	801,569,326,425,319,705,5,240,1197,730 
31	135,994,854,18,592,1045,157,294,64,1175 
32	116,16,62,328,157,522,160,19,111,251 
33	214,363,79,9,139,19,496,246,218,251 
34	116,5,202,19,483,139,514,90,357,82 
35	88,768,9,280,411,139,472,127,51,855 
36	116,5,214,79,218,328,59,224,569,257 
37	214,157,62,92,363,79,16,1045,139,40 
38	194,218,42,116,425,211,80,28,705,953 
39	93,218,214,177,880,25,83,178,251,212 
40	116,93,202,541,469,90,496,271,912,413 
41	363,135,202,522,251,16,139,110,496,246 
42	116,135,62,177,59,178,121,251,880,628 
43	801,425,556,326,1111,319,705,62,1152,730 
44	575,305,1302,962,934,1452,1077,1374,94,1021 
45	116,214,5,483,541,9,139,912,528,688 
46	96,202,257,676,294,224,79,18,324,289 
47	116,5,214,90,514,781,16,96,139,413 
48	62,5,569,181,218,121,83,997,328,307 
49	292,296,214,1240,12,206,18,268,903,395 
50	116,202,79,93,257,12,157,61,357,40 
51	191,135,214,139,93,849,469,514,640,855 
52	116,5,16,157,496,79,363,139,121,433 
53	191,202,12,496,357,292,397,71,92,670 
54	541,202,782,219,1369,261,634,83,470,807 
55	135,191,110,257,18,94,93,88,324,5 
56	116,5,214,292,569,177,181,251,178,446 
57	135,202,157,139,496,224,257,397,324,12 
58	116,93,5,292,139,496,59,218,96,12 
59	116,5,16,880,160,157,212,235,307,110 
60	116,93,191,96,79,88,397,224,470,12 
61	20,470,257,8,94,34,324,162,496,40 
62	116,135,292,224,406,110,5,496,246,16 
63	20,5,214,202,88,19,496,859,39,4 
64	98,1011,157,309,429,1185,1452,146,1206,1021 
65	20,292,135,202,251,224,1247,16,12,26 
66	116,93,202,5,110,62,18,218,12,406 
67	116,93,214,96,469,198,139,940,11,413 
68	470,8,292,20,214,206,616,64,202,980 
69	801,161,950,1111,459,42,794,705,205,706 
70	83,42,953,950,705,106,943,158,845,16 
71	854,8,470,268,202,313,1175,92,507,9 
72	211,692,425,150,950,445,621,5,705,730 
73	20,5,62,191,88,874,90,96,496,907 
74	116,5,214,271,483,514,96,328,844,157 
75	116,214,110,470,79,257,397,90,224,337 
76	214,135,191,292,257,18,19,397,357,387 
77	854,8,493,289,73,280,94,483,807,11 
78	93,116,5,271,880,468,121,810,83,467 
79	116,9,292,59,135,387,12,110,874,40 
80	569,181,446,880,25,214,212,328,468,628 
81	150,556,66,845,1079,589,706,989,1097,1111 
82	157,363,18,16,59,62,3,83,257,238 
83	116,202,9,496,61,224,157,71,874,62 
84	20,62,253,194,880,181,94,307,446,212 
85	218,214,569,406,94,62,25,59,148,224 
86	116,79,202,496,61,96,257,874,5,522 
87	20,59,683,1247,246,110,148,370,398,26 
88	135,214,19,62,139,92,874,483,470,16 
89	211,1082,556,943,445,1135,794,589,706,260 
90	253,161,950,450,943,445,556,1111,944,804 
91	116,363,79,224,522,5,496,62,191,16 
92	801,459,42,950,943,319,705,16,951,158 
93	20,135,9,257,110,93,251,3,94,470 
94	508,782,493,90,256,1118,807,1075,411,116 
95	116,135,9,93,59,110,496,71,328,294 
96	116,93,202,292,406,19,9,139,178,94 
97	18,224,139,96,127,406,250,424,522,92 
98	116,93,5,9,292,224,874,92,18,12 
99	292,257,191,3,683,96,238,127,92,550 
100	116,135,9,19,224,397,387,324,59,294 
101	116,5,16,202,177,191,328,59,212,160 
102	20,470,51,73,127,483,382,139,634,768 
103	20,96,508,139,9,670,371,73,496,397 
104	575,962,934,305,713,1185,94,429,1427,1021 
105	116,5,874,19,177,96,483,387,88,292 
106	253,1082,1148,953,943,950,5,445,1079,587 
107	116,363,202,5,224,16,251,257,12,397 
108	116,62,177,569,328,496,214,880,235,181 
109	20,483,5,62,541,110,100,9,496,271 
110	214,135,363,139,257,93,127,71,246,328 
111	116,214,93,9,496,514,19,79,912,324 
112	116,93,214,874,271,177,496,363,397,439 
113	135,250,224,127,96,273,1240,146,34,543 
114	214,202,93,292,62,16,92,79,328,446 
115	116,202,110,470,127,292,12,94,294,71 
116	96,9,202,470,257,127,397,162,324,18 
117	116,214,202,496,139,88,514,257,357,90 
118	116,5,214,110,514,19,139,100,79,387 
119	116,135,62,271,160,328,880,406,468,628 
120	116,202,9,139,496,59,257,61,328,387 
121	934,1023,796,1302,1280,157,80,1374,339,1353 
122	157,93,16,406,224,110,9,496,191,257 
123	116,214,5,16,110,139,397,387,363,177 
124	8,713,157,980,721,224,9,618,550,1141 
125	253,326,1082,735,943,42,1135,1079,1197,205 
126	801,326,106,794,1082,943,319,240,706,295 
127	801,1082,692,953,150,106,950,253,790,319 
128	20,135,79,9,251,218,1247,246,178,5 
129	116,202,9,496,357,397,874,257,8,640 
130	135,292,406,328,12,246,251,92,94,683 
131	116,214,191,79,139,397,88,514,470,12 
132	116,62,16,177,157,110,307,92,79,439 
133	116,202,191,496,292,96,397,470,92,874 
134	116,202,9,139,496,12,18,294,357,92 
135	116,135,202,874,139,496,62,912,90,640 
136	83,62,88,19,9,79,257,599,1045,363 
137	96,214,88,12,94,357,508,1398,152,51 
138	470,257,324,64,139,206,550,1267,333,1240 
139	116,202,363,93,12,19,61,92,397,294 
140	116,214,202,19,9,496,79,292,257,324 
141	116,135,110,257,18,88,357,294,19,387 
142	135,62,111,880,178,522,59,628,251,468 
143	781,116,483,5,907,998,256,807,782,688 
144	116,135,292,224,406,110,5,496,1247,16 
145	292,202,157,626,676,324,246,146,3,34 
146	214,9,135,110,363,157,496,93,397,61 
147	8,96,9,51,616,94,382,482,483,912 
148	116,5,214,514,483,88,139,844,328,127 
149	116,202,110,139,62,257,470,874,96,218 
150	214,363,292,110,257,238,127,496,406,3 
151	116,93,5,874,139,94,9,218,88,363 
152	116,202,79,157,363,224,5,328,238,18 
153	363,214,202,157,62,251,9,61,238,177 
154	116,93,5,16,157,9,96,470,292,59 
155	801,161,326,5,556,705,319,943,692,410 
156	62,801,161,150,425,211,42,160,587,1111 
157	20,292,250,127,246,626,146,324,683,92 
158	224,683,3,59,191,116,139,238,550,324 
159	116,93,202,292,406,19,139,569,238,177 
161	116,93,202,59,18,19,92,238,61,246 
162	20,5,214,483,514,469,96,39,528,413 
163	5,135,181,218,194,446,271,212,235,468 
164	801,211,953,62,1148,326,692,1111,283,106 
165	801,950,1111,42,794,735,319,692,205,711 
166	116,79,59,12,139,94,148,251,424,3 
167	801,211,315,950,450,1148,1042,1079,375,804 
168	214,157,111,522,292,181,328,880,92,178 
169	116,93,16,110,177,83,139,328,469,257 
170	214,292,202,110,470,96,246,496,92,61 
171	116,5,62,191,9,328,496,397,257,88 
172	116,93,5,62,874,96,397,328,127,470 
173	214,9,135,139,157,238,71,93,357,397 
174	116,62,135,880,214,328,181,496,19,467 
175	83,425,326,1111,950,705,249,795,1135,767 
176	116,5,62,496,88,79,397,328,218,59 
177	116,93,16,177,110,496,328,307,541,121 
178	355,925,1077,1206,713,429,1427,80,1353,94 
179	116,5,62,496,9,96,397,357,157,470 
180	116,202,110,292,19,257,397,88,92,294 
181	116,191,9,496,257,387,12,127,59,324 
182	116,214,88,9,514,90,62,387,79,324 
183	79,202,522,251,61,139,148,370,218,836 
184	214,116,224,110,157,294,324,250,71,676 
185	116,5,214,271,177,79,139,257,96,363 
186	116,79,93,157,191,110,257,387,5,522 
187	801,326,569,16,319,705,906,767,730,1152 
188	93,62,569,363,178,160,59,317,111,25 
189	214,202,9,12,257,127,496,71,363,92 
190	106,800,925,796,721,1045,1185,80,1353,1141 
191	18,202,224,683,246,238,3,328,92,110 
192	181,218,93,177,25,363,160,264,194,42 
193	253,93,446,218,880,271,264,235,997,307 
194	157,292,363,470,92,599,238,324,357,550 
195	116,5,16,177,328,191,96,387,257,4 
196	116,214,5,9,496,88,397,224,387,218 
197	214,12,470,257,250,94,626,71,496,92 
198	20,135,79,157,110,12,246,1247,424,496 
199	116,214,62,514,9,496,139,39,357,292 
200	116,202,93,157,397,5,357,92,94,387 
201	9,224,18,139,250,238,357,34,626,162 
202	116,214,5,16,9,541,79,470,127,39 
203	116,62,93,191,781,307,874,261,907,218 
204	214,79,18,294,127,324,246,496,19,424 
205	116,5,62,363,79,874,292,271,139,433 
206	292,116,191,3,59,683,127,146,92,836 
207	556,459,794,943,1135,643,1111,1148,790,315 
208	191,20,34,292,71,116,238,333,152,1238 
209	363,79,9,157,139,93,470,424,683,3 
210	980,768,807,8,289,904,668,1445,778,256 
211	116,202,93,19,224,257,5,238,61,874 
212	694,202,962,1280,83,1023,1077,575,1041,92 
213	214,202,79,110,470,59,19,92,3,250 
214	116,202,110,157,257,19,470,5,387,238 
215	96,214,110,116,135,324,357,238,626,387 
216	214,202,522,5,251,628,246,238,177,446 
217	79,18,522,370,9,148,238,1035,257,628 
218	116,5,16,177,9,191,139,257,844,88 
219	161,556,42,1082,735,943,1111,1234,22,260 
220	292,12,246,59,157,406,676,148,146,313 
221	20,16,135,202,483,212,469,541,96,528 
222	116,202,79,59,224,139,18,522,61,16 
223	214,406,18,569,79,62,246,224,92,111 
224	211,1082,556,794,692,459,643,1049,1234,66 
225	83,62,93,194,880,20,212,264,271,767 
226	5,181,218,212,271,83,468,264,588,363 
227	214,20,251,61,370,93,328,178,1035,667 
228	135,202,522,218,251,19,5,246,683,16 
229	116,214,202,483,496,514,139,357,271,157 
230	116,135,202,224,110,61,246,5,92,424 
231	116,202,191,110,874,397,357,387,324,292 
232	575,796,98,305,851,1452,459,1374,939,1353 
233	116,20,271,880,468,253,264,810,997,13 
234	116,135,88,357,12,94,541,92,324,387 
235	116,202,9,12,157,496,363,294,387,71 
236	745,139,96,296,18,92,357,90,904,294 
237	292,20,116,202,18,328,178,424,157,40 
238	116,363,79,224,328,5,522,191,406,397 
239	273,206,626,294,110,618,1240,363,324,1175 
240	62,5,271,160,253,468,264,588,363,25 
241	214,363,79,93,257,238,246,92,470,3 
242	20,9,745,127,90,257,92,51,472,256 
243	20,3,92,713,246,59,267,12,139,28 
244	116,93,79,62,496,191,157,16,12,18 
245	953,150,459,556,845,943,938,706,1084,816 
246	116,214,110,470,127,357,5,387,469,12 
247	116,62,202,541,271,496,469,39,96,357 
248	116,62,16,177,569,307,160,874,235,191 
249	194,569,177,161,218,880,212,264,767,445 
250	116,135,79,292,224,387,397,71,363,127 
251	116,5,214,191,110,469,496,198,912,387 
252	135,292,79,12,139,93,92,522,40,324 
253	135,202,79,18,12,257,94,294,238,357 
254	116,5,202,79,110,522,94,59,880,18 
255	116,135,62,111,214,121,264,317,522,25 
256	116,5,135,19,212,569,880,844,191,307 
257	20,5,253,212,271,468,363,38,178,328 
258	191,202,88,357,224,292,162,670,397,250 
259	135,218,20,363,25,160,264,194,157,106 
260	483,135,88,90,778,907,607,100,83,1183 
261	5,116,160,218,880,212,446,235,121,202 
262	96,214,162,357,34,107,135,397,238,92 
263	20,18,79,191,3,111,257,592,836,146 
264	135,79,406,110,139,424,251,3,191,92 
265	292,135,9,328,238,683,178,110,424,5 
266	211,692,253,943,445,951,450,1042,319,705 
267	116,5,16,218,79,157,59,397,292,439 
268	801,161,556,62,953,943,450,705,589,711 
269	211,953,950,1111,705,1082,943,106,795,1177 
270	257,404,135,550,273,768,79,110,1261,162 
271	135,62,214,160,406,251,212,25,253,157 
272	83,5,16,280,110,90,271,483,169,397 
273	116,135,191,110,292,257,397,59,127,874 
274	801,950,459,1111,794,943,319,589,1197,948 
275	20,406,522,18,59,79,157,25,121,224 
276	363,110,191,406,246,683,272,146,148,626 
277	116,363,79,93,157,61,470,40,387,127 
278	191,541,202,470,849,9,782,73,482,496 
279	214,9,139,292,257,496,71,676,238,626 
280	253,569,28,157,801,20,181,161,25,36 
281	116,214,202,218,16,62,61,238,92,12 
282	253,459,326,735,1111,943,1135,106,1197,587 
283	116,214,93,541,483,19,470,469,90,11 
284	116,191,202,110,514,9,19,16,100,640 
285	801,556,326,1111,319,953,705,943,1079,679 
286	116,214,5,90,874,397,198,257,292,640 
287	253,950,326,1082,1111,943,106,692,938,906 
288	575,1445,934,305,713,1185,80,157,94,1353 
289	135,62,16,177,19,880,191,496,235,588 
290	459,796,1011,784,135,925,575,363,682,43 
291	116,5,62,9,139,271,328,514,844,61 
292	214,96,116,18,238,294,71,387,157,397 
293	214,79,135,93,139,522,251,96,424,3 
294	135,62,363,271,160,121,468,83,235,406 
295	116,214,59,292,522,406,9,496,110,1247 
296	62,16,150,450,1148,692,953,943,1300,160 
297	116,214,90,96,94,397,469,280,198,157 
298	116,202,79,110,12,257,328,127,406,96 
299	20,83,5,92,93,110,836,148,713,1045 
301	16,62,326,425,42,181,135,459,205,692 
302	116,5,16,19,110,139,218,59,88,357 
303	5,62,116,20,93,880,271,106,264,211 
304	116,5,88,874,16,469,96,912,139,318 
305	116,93,363,16,328,9,224,406,92,397 
306	93,62,5,271,218,468,121,810,363,328 
307	177,181,160,271,880,264,353,451,83,997 
308	116,16,62,177,328,292,271,212,406,446 
309	116,5,214,191,16,469,19,39,912,640 
310	116,202,79,19,139,328,257,406,62,92 
311	211,735,1082,794,1135,459,1300,450,1197,283 
312	211,950,556,326,450,445,1148,643,730,1197 
313	116,214,202,62,19,483,514,257,470,670 
314	93,214,94,177,271,191,569,110,328,79 
315	135,59,202,251,178,62,628,19,238,569 
316	116,214,79,9,496,157,874,191,397,12 
317	83,90,9,261,92,411,62,19,357,745 
318	116,363,62,569,328,446,251,271,212,880 
319	20,5,16,218,191,19,110,328,397,212 
320	20,88,94,90,508,357,397,292,296,304 
321	116,214,202,483,96,19,139,271,357,504 
322	5,202,191,92,19,79,328,139,106,27 
323	20,18,61,12,683,424,110,26,370,1035 
324	116,93,202,5,110,62,18,218,191,406 
325	801,211,42,556,62,106,705,5,1148,692 
326	9,79,224,127,238,135,357,387,34,61 
327	135,202,157,363,470,294,324,3,250,357 
328	116,88,541,90,202,198,39,998,62,607 
329	116,214,93,139,470,90,19,469,127,4 
330	116,202,79,18,5,522,406,62,92,397 
331	135,62,880,363,83,212,214,328,25,317 
332	305,1302,962,713,1185,1280,429,80,157,939 
333	20,62,16,110,19,496,139,83,9,387 
334	116,202,135,541,127,79,357,469,912,324 
335	20,5,214,110,469,496,96,39,280,4 
336	59,93,406,522,16,61,246,238,62,19 
337	116,62,93,110,874,90,781,139,39,539 
338	214,202,79,12,470,496,363,71,93,357 
339	116,202,79,224,496,19,18,5,59,324 
340	116,5,62,218,292,496,328,397,224,470 
341	116,191,483,541,62,90,397,496,849,11 
342	116,191,88,874,469,496,139,100,16,670 
343	486,1419,1185,355,135,305,649,939,1317,618 
344	116,202,79,224,139,19,257,94,96,238 
345	1023,934,309,1445,1302,94,1317,429,939,1021 
346	116,79,292,139,257,61,12,387,522,62 
347	135,191,110,18,157,257,127,324,19,59 
348	116,214,202,79,139,9,328,59,292,522 
349	93,62,177,160,121,317,38,363,178,451 
350	1369,778,191,135,745,607,411,1075,665,1016 
351	953,150,106,459,450,938,556,944,804,989 
352	116,214,202,110,139,79,397,271,257,328 
353	20,96,257,541,34,224,250,324,289,162 
354	116,5,16,496,110,218,79,212,483,357 
355	116,93,88,90,874,39,96,198,280,82 
356	62,5,177,181,161,211,116,42,307,205 
357	459,950,555,1079,22,161,66,643,375,944 
358	116,202,79,191,139,19,522,328,294,127 
359	157,292,224,470,59,406,127,522,93,618 
360	214,191,9,496,292,71,18,324,93,363 
361	116,191,202,483,90,139,9,157,96,39 
362	20,116,88,79,541,357,324,294,250,496 
363	211,692,253,1148,556,643,951,367,711,1049 
364	93,135,202,16,328,569,61,246,370,238 
366	135,88,483,202,261,256,318,998,778,11 
367	106,800,925,1452,459,934,429,1427,1353,94 
368	116,62,16,307,110,280,160,88,92,157 
369	20,224,406,139,424,3,96,1247,250,251 
370	214,5,62,79,18,92,59,569,880,836 
371	116,202,79,157,96,224,257,61,328,357 
372	79,9,110,139,96,406,3,522,250,94 
373	5,135,880,160,212,253,235,353,588,328 
374	116,5,16,496,328,79,139,88,514,160 
375	211,1082,556,326,692,643,1135,948,66,1042 
376	713,934,1023,925,1280,1317,459,1206,939,1353 
377	116,202,93,19,96,257,397,874,92,324 
378	801,42,1111,319,794,16,943,249,158,706 
379	20,8,781,289,470,940,849,96,9,318 
380	116,214,470,90,912,357,469,670,360,640 
381	116,191,93,541,496,62,79,127,469,670 
382	116,202,93,19,88,397,470,541,94,71 
383	569,5,218,62,326,446,28,80,609,235 
384	116,5,214,496,79,328,363,569,224,433 
385	801,459,950,1111,943,735,319,450,158,711 
386	116,202,96,541,19,470,357,514,224,92 
387	116,88,202,280,62,508,640,539,695,19 
388	12,162,110,324,206,333,246,202,152,59 
389	214,292,18,294,59,71,19,496,246,424 
390	116,214,62,110,96,496,139,357,387,504 
391	181,116,446,177,25,880,214,160,344,235 
392	116,202,157,19,139,5,257,92,127,62 
393	575,796,98,1229,851,1452,1374,1206,1427,1353 
394	292,20,59,1247,251,238,110,96,328,186 
395	116,202,363,139,59,18,12,5,522,357 
396	940,261,88,460,907,411,778,68,908,1183 
397	224,79,127,96,139,272,116,550,324,267 
398	116,5,214,483,496,514,139,79,39,328 
399	116,214,202,88,9,496,139,357,257,100 
400	80,962,796,1023,179,1280,1427,1445,268,1302 
401	116,363,202,59,139,496,257,397,191,406 
402	116,214,5,96,139,88,397,469,271,90 
403	116,214,202,541,496,469,16,198,357,257 
404	116,93,16,271,191,110,880,397,292,257 
405	116,202,93,19,257,397,12,238,874,18 
406	280,90,508,83,261,8,1118,51,73,1016 
407	801,106,326,1111,950,705,943,587,589,205 
408	116,202,135,96,224,238,191,328,18,522 
409	214,202,292,12,257,294,3,496,250,357 
410	214,79,191,12,470,496,19,59,127,357 
411	211,735,1082,794,1135,459,1300,450,816,283 
412	211,1082,556,943,794,643,445,240,1049,1042 
413	214,135,79,157,257,470,127,324,397,94 
414	16,135,5,160,181,214,121,446,264,253 
415	191,9,71,294,224,670,250,107,88,656 
416	191,202,12,496,292,88,397,92,8,387 
417	363,59,214,79,202,522,177,9,26,224 
418	116,202,9,292,96,363,257,61,127,470 
419	214,116,202,12,387,363,135,157,294,93 
420	5,116,271,880,468,218,235,83,451,13 
421	18,9,110,139,96,683,3,93,250,1247 
422	116,214,5,157,874,94,83,483,92,357 
423	116,62,214,541,280,19,271,307,261,9 
424	106,692,459,450,315,556,253,1300,804,5 
425	116,93,363,292,5,224,16,18,96,387 
426	20,116,257,12,292,849,92,324,250,40 
427	93,20,177,218,160,880,353,810,277,25 
428	116,191,214,280,874,16,514,198,39,11 
429	116,202,292,363,224,18,257,96,94,127 
430	292,135,224,251,238,246,683,178,424,92 
431	116,88,202,514,469,781,100,51,139,261 
432	20,93,160,181,212,446,253,235,317,328 
433	116,214,202,110,139,9,397,224,218,324 
434	116,5,214,271,483,88,96,328,844,859 
435	79,59,61,251,683,328,424,370,26,191 
436	116,202,79,157,96,5,257,387,328,238 
437	116,157,12,59,257,3,470,148,19,328 
438	135,569,880,160,83,212,363,157,202,178 
439	116,202,406,106,92,3,62,16,713,424 
440	292,116,202,251,224,328,246,157,370,40 
441	20,16,135,177,19,160,121,59,880,809 
442	62,181,160,446,116,271,20,264,235,25 
443	1369,940,88,508,1118,745,854,460,318,802 
444	116,93,202,5,224,496,522,238,12,191 
445	801,16,42,953,450,5,735,326,845,315 
446	214,202,157,363,470,294,496,93,357,3 
447	801,161,735,950,943,16,1148,692,589,260 
448	20,116,59,202,93,406,1247,26,683,496 
449	5,160,271,218,194,121,880,181,307,415 
450	20,83,3,268,146,713,9,273,470,800 
451	116,191,5,483,110,469,496,90,16,127 
452	214,292,191,157,139,96,324,19,357,496 
453	20,5,483,93,280,202,90,39,191,908 
454	116,202,191,12,470,363,496,397,357,40 
455	214,202,18,5,62,238,92,569,628,110 
456	135,62,16,271,880,160,874,307,110,446 
457	211,1082,556,326,643,1135,951,106,22,205 
458	294,135,34,676,296,162,273,324,157,854 
459	20,62,5,483,202,541,469,397,19,640 
460	268,20,219,110,618,250,1240,91,361,206 
461	135,62,363,271,160,121,235,468,522,317 
462	93,62,177,271,446,181,880,328,239,59 
463	20,116,257,3,146,246,273,238,272,836 
464	801,950,1111,1082,794,735,319,589,845,706 
465	116,93,62,191,16,514,781,496,912,413 
466	116,93,88,110,202,100,504,688,261,766 
467	116,5,214,16,19,496,139,39,100,640 
468	116,214,202,874,139,514,19,357,198,11 
469	363,713,592,224,92,110,5,12,139,846 
470	116,135,93,292,61,139,62,16,218,1247 
471	62,569,93,194,446,20,212,271,264,997 
472	93,62,83,214,271,160,157,25,235,317 
473	20,16,135,19,218,569,880,110,191,307 
474	569,5,160,801,42,150,459,264,161,588 
475	116,5,62,110,96,79,9,328,357,224 
476	191,135,508,781,93,198,470,39,73,9 
477	111,177,253,271,218,468,264,353,588,13 
478	20,202,127,94,849,90,73,257,382,324 
479	116,191,88,781,280,514,874,855,539,849 
480	214,79,9,157,238,93,110,18,470,61 
481	292,79,157,218,683,12,257,148,19,628 
482	135,202,191,93,19,257,496,357,397,96 
483	781,280,483,807,907,90,855,5,198,169 
484	20,135,292,202,328,157,19,62,246,12 
485	116,5,62,880,328,160,181,111,235,439 
486	8,508,541,656,94,1398,357,543,250,18 
487	211,253,556,794,326,951,643,711,367,315 
488	116,94,110,5,12,522,246,59,470,357 
489	18,202,522,251,246,148,328,218,3,178 
490	575,1445,305,962,1302,339,1317,1077,939,932 
491	116,93,541,874,469,139,62,19,127,508 
492	116,93,79,496,363,110,96,61,16,357 
493	116,214,202,79,139,96,157,387,357,324 
494	135,62,93,541,19,90,483,261,514,157 
495	157,191,257,139,246,313,96,273,59,522 
496	111,218,363,106,880,94,181,92,160,80 
497	116,93,5,16,496,9,139,522,18,12 
498	116,214,5,96,139,79,397,271,469,39 
499	214,202,127,71,257,18,238,162,387,34 
500	94,224,257,139,5,146,273,19,83,406 
501	20,88,139,96,292,127,397,324,289,849 
502	116,202,93,357,541,79,107,12,387,92 
503	116,202,79,292,363,224,257,328,16,357 
504	157,202,110,406,191,238,19,470,5,328 
505	96,202,12,670,357,496,508,135,324,51 
506	20,508,135,940,778,51,1040,802,11,1340 
507	962,309,305,713,1077,1280,1206,94,1427,1353 
508	9,214,246,139,191,294,398,522,676,127 
509	116,202,292,224,59,257,12,328,127,92 
510	106,135,16,62,326,794,569,28,845,1148 
511	211,950,556,943,450,643,445,240,1049,367 
512	116,202,93,496,224,363,12,387,470,61 
513	116,62,93,483,88,280,874,907,261,908 
514	191,9,135,257,71,250,238,34,157,626 
515	116,5,214,88,496,96,271,100,90,257 
516	12,313,110,146,139,272,273,324,550,59 
517	253,950,42,1082,106,735,943,1111,1197,260 
518	96,88,289,849,51,162,135,616,90,482 
519	20,16,135,177,19,514,59,588,9,235 
520	801,459,950,1082,794,943,735,319,1049,711 
521	116,5,214,271,9,96,177,844,469,90 
522	116,5,202,496,483,139,541,157,39,912 
523	116,202,9,18,257,93,470,397,92,324 
524	194,218,150,5,157,36,62,446,556,1403 
525	116,135,79,224,12,328,496,246,5,424 
526	116,96,9,110,387,357,257,157,324,874 
527	292,135,93,139,110,251,1247,191,96,294 
528	116,214,62,9,496,96,397,328,257,127 
529	116,93,5,496,139,363,874,96,92,522 
530	83,950,326,794,735,943,1135,951,295,820 
531	116,214,202,496,88,96,397,357,387,844 
532	116,874,135,16,514,177,79,88,110,541 
533	191,107,289,849,152,110,371,257,324,18 
534	429,1419,146,355,179,305,839,649,618,1023 
535	116,214,94,496,257,93,224,670,324,18 
536	20,5,83,88,483,541,177,139,160,940 
537	116,5,62,110,9,271,96,357,218,92 
538	745,980,781,871,88,143,191,256,855,634 
539	116,5,16,177,328,110,9,257,292,121 
540	116,5,16,496,79,157,59,363,433,357 
541	214,202,292,157,139,294,92,19,357,93 
542	116,191,88,110,62,198,397,781,360,998 
543	116,214,202,292,328,522,110,406,92,271 
544	20,93,16,88,541,19,177,96,328,688 
545	116,202,541,874,139,469,9,19,198,387 
546	191,483,541,135,1369,280,39,261,766,871 
547	116,202,9,224,12,470,19,294,238,94 
548	292,79,251,1247,18,26,628,238,647,157 
549	116,93,202,110,88,79,397,94,357,324 
550	20,5,157,218,292,79,9,224,397,257 
551	116,202,9,496,470,93,397,157,294,40 
552	363,79,59,9,18,157,251,496,26,218 
553	135,626,127,313,88,1240,296,34,324,543 
554	116,214,16,328,177,569,110,271,874,880 
555	116,202,93,79,397,874,257,387,62,71 
556	20,5,16,202,496,483,96,59,859,875 
557	116,202,79,110,139,224,257,874,238,357 
558	470,214,363,206,333,8,550,152,246,404 
559	801,950,1111,42,943,319,705,249,1049,1148 
560	20,135,93,522,16,5,139,178,257,12 
561	214,135,292,110,257,522,96,496,92,294 
562	20,62,135,569,218,496,19,2,110,483 
563	214,79,116,12,110,406,251,424,328,26 
564	135,214,191,94,19,874,139,357,483,11 
565	116,5,16,496,218,139,79,59,483,469 
566	214,116,79,12,139,96,324,61,92,40 
567	20,5,483,135,16,214,528,96,198,139 
568	116,483,88,5,90,781,508,528,695,855 
569	135,116,683,139,424,522,713,92,1247,218 
570	214,116,157,94,139,294,626,238,3,496 
571	116,363,16,292,406,251,9,181,628,121 
572	191,219,261,62,90,1045,106,745,507,470 
573	116,88,541,90,874,39,280,496,19,670 
574	116,363,202,59,328,18,16,251,257,397 
575	116,363,79,224,328,61,191,218,251,397 
576	116,214,93,874,139,96,19,198,387,92 
577	116,214,202,110,139,88,514,357,257,292 
578	116,5,214,110,496,271,469,39,9,387 
579	79,18,61,157,251,328,424,148,96,470 
580	116,96,79,19,496,61,93,357,874,676 
581	214,79,292,18,110,257,96,251,424,294 
582	191,483,508,135,782,280,261,318,802,411 
583	20,116,94,508,849,670,257,34,12,382 
584	5,191,88,19,16,292,9,90,470,111 
585	116,93,5,874,469,496,139,127,357,849 
586	116,5,214,496,271,514,139,79,39,257 
587	116,181,253,160,271,468,264,25,810,363 
588	16,62,135,326,181,459,556,1111,1148,735 
589	127,79,110,550,600,226,34,94,246,139 
590	116,214,62,16,96,9,496,79,528,257 
591	20,177,271,218,880,353,451,810,25,363 
592	116,5,202,16,496,19,469,912,79,640 
593	305,1302,309,851,1185,1374,429,339,157,932 
594	18,406,20,246,116,1035,178,230,148,1411 
595	5,110,218,93,219,88,541,768,19,90 
596	116,5,16,191,110,157,328,292,92,160 
597	116,16,62,218,202,406,181,157,271,212 
598	135,59,292,328,62,18,224,61,246,1247 
599	135,202,93,18,224,19,191,257,12,238 
600	253,950,326,42,794,1111,943,106,587,1403 
601	116,16,62,157,446,880,160,121,251,19 
602	211,459,1082,326,943,1111,643,948,249,1049 
603	20,5,214,271,19,496,139,90,39,4 
604	214,93,406,328,61,9,628,238,157,1035 
605	116,214,202,19,96,541,9,271,90,844 
606	12,683,157,94,127,406,550,59,600,768 
607	214,202,94,406,569,181,292,25,59,224 
608	93,62,177,202,880,446,271,25,212,19 
609	116,202,127,397,670,79,224,387,107,157 
610	214,292,79,12,139,93,496,522,92,406 
611	116,214,5,191,110,139,363,218,357,12 
612	94,939,713,800,20,116,43,3,682,659 
613	214,202,79,191,59,96,94,92,324,397 
614	253,62,177,880,212,271,264,235,239,214 
615	96,9,250,18,257,324,496,116,656,616 
616	16,62,135,446,121,363,353,588,253,38 
617	20,5,214,483,16,469,19,90,528,79 
618	253,42,950,326,1111,943,735,260,240,948 
619	191,9,257,294,676,324,71,34,238,88 
620	116,363,406,92,3,224,59,19,257,618 
621	116,79,363,110,139,191,12,5,397,62 
622	280,135,807,778,1118,541,191,493,582,68 
623	106,1045,3,939,92,18,148,111,721,12 
624	116,93,5,62,110,157,257,328,363,127 
625	116,363,93,5,328,139,257,61,92,191 
626	94,1045,768,139,470,106,268,79,18,522 
627	623,1280,363,3,268,1229,839,218,168,1011 
628	83,135,111,93,121,280,880,483,90,460 
629	116,93,5,496,139,16,59,387,218,61 
630	214,116,135,522,328,224,246,12,157,647 
631	116,5,214,59,218,496,271,397,191,433 
632	801,326,106,953,319,705,943,587,706,711 
633	214,135,9,191,257,238,127,397,522,328 
634	93,214,79,522,1247,628,224,181,9,19 
635	191,214,483,357,849,90,469,198,289,92 
636	214,79,116,110,157,96,127,522,683,250 
637	20,5,874,514,88,19,271,397,39,113 
638	116,62,16,177,110,139,328,59,541,2 
639	161,556,1082,950,326,943,692,589,1403,1234 
640	116,202,9,224,292,12,157,88,71,94 
641	214,202,9,12,139,96,59,238,496,19 
642	116,20,271,880,468,253,264,810,997,13 
643	116,16,62,328,59,522,880,111,160,874 
644	214,292,79,12,157,96,324,94,40,61 
645	801,42,326,106,794,1111,943,735,260,906 
646	191,202,357,224,294,324,676,34,292,541 
647	116,214,93,9,19,541,470,92,483,82 
648	191,12,139,110,324,152,238,616,333,135 
649	363,202,79,224,83,93,713,139,328,683 
650	111,157,93,292,522,92,110,79,28,224 
651	116,5,62,202,446,160,181,317,235,157 
652	214,363,292,59,139,19,61,92,94,294 
653	116,5,16,19,328,880,212,235,139,844 
654	569,218,522,59,178,202,253,880,121,38 
655	93,62,135,271,446,880,328,363,178,874 
656	214,79,406,522,328,26,246,628,12,647 
657	116,96,93,397,79,257,19,224,360,504 
658	93,5,218,212,468,271,83,264,317,451 
659	116,5,16,271,328,79,363,59,92,160 
660	854,289,371,96,1369,382,9,110,256,139 
661	161,950,556,692,42,943,845,1097,315,705 
662	1369,280,508,483,191,1075,20,460,1370,83 
663	925,800,1077,1045,459,429,1427,80,1353,94 
664	801,950,1111,42,794,735,319,951,1403,1197 
665	214,202,522,18,251,628,246,177,61,238 
666	116,214,202,496,79,96,397,357,387,4 
667	116,5,214,271,19,514,139,90,39,4 
668	116,214,470,127,357,397,8,670,292,224 
669	116,5,214,483,541,514,271,39,357,4 
670	157,93,292,406,18,328,224,569,3,251 
671	569,181,212,363,271,253,25,235,328,214 
672	116,202,191,96,874,397,257,88,12,92 
673	253,5,459,735,1082,42,953,1148,1300,938 
674	16,801,135,425,326,1111,1148,943,643,951 
675	20,202,191,93,139,19,12,218,496,3 
676	191,34,162,139,202,324,1240,206,357,64 
677	93,62,177,271,160,121,111,38,810,451 
678	116,5,88,874,514,469,19,912,96,9 
679	181,62,116,880,212,264,25,271,344,317 
680	116,5,62,363,177,496,9,224,397,569 
681	214,93,522,16,62,238,246,139,496,61 
682	116,88,483,90,514,874,198,9,139,411 
683	363,116,294,139,246,238,406,92,324,148 
684	135,202,79,18,12,257,19,127,294,357 
685	363,79,59,93,328,251,406,496,110,62 
686	20,5,16,88,541,19,496,307,469,39 
687	116,5,253,160,271,468,264,25,810,363 
688	214,363,79,12,257,238,496,127,246,328 
689	116,5,16,177,79,328,218,844,514,469 
690	626,127,96,8,206,272,600,676,34,162 
691	28,80,25,214,116,16,36,880,598,1252 
692	211,1082,556,459,692,1111,42,1234,1097,948 
693	801,326,953,950,1082,943,319,906,1403,1049 
694	116,214,202,218,522,18,178,139,61,874 
695	116,202,96,127,397,19,670,387,157,147 
696	8,214,626,616,294,745,357,224,324,71 
697	116,406,79,522,683,16,26,1035,9,181 
698	59,292,202,251,178,224,62,139,5,26 
700	161,1082,950,556,1042,943,845,804,1300,253 
701	181,569,5,406,202,522,83,880,628,292 
702	218,459,94,16,214,344,713,310,264,62 
703	116,16,5,181,59,406,121,160,25,628 
704	20,5,214,79,874,363,59,496,92,251 
705	854,781,745,135,51,493,807,802,871,1340 
706	116,363,202,292,328,522,406,110,139,238 
707	20,854,508,470,781,51,849,855,371,357 
708	116,9,202,110,874,541,496,292,470,224 
709	116,135,62,212,111,181,121,317,588,522 
710	181,5,218,880,271,468,264,83,277,810 
711	211,1082,556,943,692,643,1135,938,711,260 
712	116,88,214,508,96,940,849,640,539,127 
713	801,211,556,42,1111,950,943,1082,260,944 
714	116,110,191,257,224,470,59,92,496,357 
715	214,292,135,12,257,238,246,496,294,3 
716	5,20,253,160,83,271,264,121,588,277 
717	191,541,470,257,219,19,280,79,40,127 
718	20,135,253,160,212,271,468,239,178,328 
719	20,135,93,160,212,202,181,19,317,79 
720	116,93,5,9,874,96,397,470,92,363 
721	191,96,224,357,71,324,670,292,676,541 
722	93,5,212,880,83,271,264,468,997,451 
723	20,5,135,446,111,121,235,363,202,239 
724	116,202,110,470,96,12,93,92,294,599 
725	116,214,202,19,177,59,496,9,18,880 
726	116,5,62,569,496,363,880,522,433,181 
727	20,5,135,218,160,19,880,191,139,433 
728	214,9,363,61,110,157,387,522,127,324 
729	1082,106,794,845,951,1079,1300,1023,367,804 
730	93,116,20,111,880,218,121,810,467,13 
731	116,93,483,5,874,90,397,528,16,4 
732	20,135,79,522,218,110,257,246,178,62 
733	20,177,271,218,880,353,451,588,467,25 
734	253,950,326,42,1111,943,319,951,948,587 
735	116,214,5,9,79,16,397,514,470,271 
736	191,9,135,257,676,496,162,34,626,8 
737	116,363,79,224,19,257,5,92,218,94 
738	116,135,202,93,940,96,470,640,261,874 
739	135,569,177,202,157,25,628,271,264,292 
740	116,93,214,271,363,569,328,496,292,181 
741	116,214,62,9,496,96,88,387,257,127 
742	96,9,224,257,116,71,626,496,292,397 
743	214,202,9,12,257,127,59,357,324,397 
744	569,5,218,446,93,264,116,271,20,767 
745	214,79,135,110,470,294,19,324,93,94 
746	214,292,9,12,238,110,424,251,387,683 
747	116,202,110,257,19,224,88,92,357,94 
748	20,62,16,874,514,214,100,397,139,688 
749	801,569,556,326,135,62,794,1111,450,706 
750	116,191,96,127,397,224,19,294,387,238 
751	20,157,93,110,218,9,62,3,59,599 
752	191,782,778,73,382,296,819,1398,371,1340 
753	20,62,5,218,181,178,328,628,251,264 
754	801,42,556,1111,950,943,106,1082,1197,845 
755	116,135,62,181,202,212,328,317,59,19 
756	135,569,363,214,160,212,202,83,178,406 
757	116,191,93,19,874,257,470,12,157,40 
758	116,9,363,202,224,238,496,157,397,1247 
759	116,5,202,88,157,79,397,218,92,83 
760	1011,934,1280,796,1077,268,925,1445,851,1427 
761	116,202,363,18,139,19,257,94,96,61 
762	116,214,5,496,292,328,110,218,387,177 
763	116,62,214,19,88,541,496,483,880,337 
765	116,93,16,569,157,874,328,307,363,433 
766	191,1398,470,782,802,493,96,34,665,256 
767	79,59,251,328,1247,12,257,424,19,628 
768	116,202,79,139,224,96,363,357,470,92 
769	781,1369,940,782,1075,88,998,261,350,541 
770	20,16,135,19,160,483,569,844,121,96 
771	116,93,5,292,363,59,874,18,218,387 
772	116,202,93,16,9,139,397,96,470,59 
773	116,214,191,62,19,541,397,257,469,912 
774	253,556,953,794,943,1111,735,587,711,295 
775	116,88,202,781,940,508,855,640,139,849 
776	5,307,93,16,219,261,781,19,11,539 
777	116,363,79,18,12,191,406,96,92,246 
778	116,62,214,88,110,541,177,469,880,328 
779	116,214,5,79,139,96,292,328,357,844 
780	116,202,157,62,59,191,496,92,94,406 
781	79,135,93,406,110,191,683,1247,496,127 
782	801,42,5,425,326,556,1111,218,643,260 
783	116,214,202,19,9,96,514,257,357,59 
784	801,459,950,42,943,319,705,260,706,295 
785	93,5,569,271,160,121,253,328,214,178 
786	854,289,849,1398,296,110,1369,94,543,855 
787	569,62,111,160,271,121,178,317,235,406 
788	116,292,224,110,12,257,683,92,424,148 
789	116,5,214,874,90,469,96,198,912,257 
790	116,214,93,62,496,19,397,16,79,4 
791	5,214,261,292,111,218,92,460,483,257 
792	292,676,626,202,162,34,324,272,146,238 
793	20,62,177,181,121,468,235,264,363,253 
794	16,62,150,161,218,326,880,459,121,679 
795	116,202,93,59,139,18,5,397,61,470 
796	116,5,62,218,874,496,271,569,191,92 
797	801,1111,950,42,943,705,794,589,1403,1079 
798	59,18,61,224,93,12,424,139,19,334 
799	116,62,88,483,781,940,397,39,411,256 
800	116,202,191,139,496,257,874,363,357,127 
801	116,292,522,9,238,683,94,148,61,424 
802	5,253,446,177,194,160,271,106,522,767 
803	20,214,116,19,18,139,96,593,110,397 
804	116,363,93,224,139,522,61,406,218,191 
805	98,934,721,1445,1452,157,1206,1021,80,146 
806	116,214,139,157,257,19,357,324,496,40 
807	363,135,79,157,139,406,246,1247,218,397 
808	211,692,253,794,845,459,951,22,319,705 
809	1045,713,273,9,206,257,294,550,1240,8 
810	211,1082,692,943,643,326,951,240,66,315 
811	962,1045,80,459,1229,135,42,305,1317,649 
812	116,5,202,483,514,496,139,271,79,4 
813	404,1240,214,296,994,135,34,20,904,157 
814	135,218,16,569,20,801,161,116,319,36 
815	116,93,5,110,16,874,397,357,92,12 
816	5,62,93,261,157,94,874,218,940,855 
817	116,214,5,16,139,157,397,218,357,18 
818	20,5,483,93,88,191,90,39,198,582 
819	5,116,569,307,880,212,121,235,194,264 
820	116,214,202,496,9,19,397,90,257,198 
821	116,93,191,139,96,292,397,328,470,238 
822	135,191,110,292,257,12,18,19,324,71 
823	116,202,191,496,292,257,874,127,12,92 
824	214,116,127,470,357,238,387,324,93,157 
825	363,135,202,9,328,139,246,5,683,424 
826	116,94,110,3,12,19,294,496,397,267 
827	116,191,483,96,62,496,90,198,100,4 
828	116,292,224,110,238,94,683,92,148,424 
829	116,214,202,514,96,19,139,79,100,127 
831	116,5,202,496,483,139,541,39,177,912 
832	211,735,1082,1135,943,1300,643,948,260,1197 
833	569,135,106,42,880,116,459,93,20,80 
834	116,363,214,328,522,292,628,111,25,160 
835	20,96,88,18,224,34,496,626,92,157 
836	116,202,191,496,224,5,397,874,127,238 
837	116,202,93,88,874,541,387,224,670,90 
838	962,305,309,796,1317,1185,1374,80,339,1353 
839	363,106,202,253,94,569,62,181,42,121 
840	211,735,1082,459,1135,1111,643,106,1097,1049 
841	191,20,382,1040,980,802,665,296,1340,871 
842	16,157,446,5,202,62,522,344,659,628 
843	157,93,522,406,92,224,83,139,191,9 
844	181,135,116,880,25,212,264,194,363,42 
845	214,202,9,139,257,470,127,238,397,59 
846	191,135,90,214,198,470,256,411,261,39 
847	801,556,326,794,1111,950,943,319,711,845 
848	214,79,9,157,61,238,246,294,328,92 
849	214,79,135,59,139,470,496,522,324,3 
850	116,9,19,96,191,59,397,157,328,40 
851	214,79,18,139,59,324,496,246,71,92 
852	116,406,522,224,246,148,94,139,424,61 
853	211,459,326,735,1111,943,1135,730,240,906 
854	211,1082,556,1135,794,643,951,367,66,1234 
855	111,80,939,42,16,253,880,446,148,310 
856	211,735,1082,459,1135,1111,42,1079,1097,1049 
857	116,5,16,496,157,328,79,844,92,121 
858	116,93,202,218,18,406,94,251,257,246 
859	116,214,202,9,514,90,470,912,79,4 
860	214,9,79,139,294,324,357,238,599,676 
861	135,79,93,522,257,19,251,683,92,3 
862	116,202,110,470,292,12,127,324,294,94 
863	20,96,127,94,289,357,371,12,92,18 
864	116,157,93,94,257,246,328,148,683,191 
865	116,214,202,79,139,96,397,177,127,4 
866	135,59,406,328,522,5,121,19,61,1247 
867	214,202,292,191,59,238,61,94,522,246 
868	20,135,59,202,18,157,62,238,139,110 
869	116,79,363,224,18,191,12,5,397,470 
870	116,93,79,157,496,139,191,96,61,218 
871	116,79,363,93,191,12,257,470,397,294 
872	116,88,483,5,90,198,397,640,470,855 
873	116,214,202,292,110,328,9,177,257,271 
874	116,135,110,508,912,849,8,127,855,318 
875	16,106,211,42,326,425,160,556,307,735 
876	218,363,62,202,522,253,446,251,106,92 
877	9,20,676,139,626,246,157,238,683,146 
878	116,62,135,880,446,588,328,496,83,439 
879	116,96,202,496,88,874,541,760,224,470 
880	801,326,106,1111,319,953,705,950,730,706 
881	116,79,522,1247,9,139,12,26,257,148 
883	116,202,9,93,12,19,496,127,61,92 
884	20,16,271,177,483,19,859,121,139,218 
885	93,62,83,363,214,160,253,328,235,317 
886	116,88,483,93,214,198,849,874,397,413 
887	116,214,202,83,79,496,139,9,177,224 
888	135,191,110,292,470,83,19,397,127,324 
889	214,93,16,18,406,224,496,191,9,251 
890	211,459,950,42,705,1082,943,730,795,1177 
891	161,459,1082,326,1135,42,589,249,1234,260 
892	116,214,62,218,874,59,292,191,397,569 
893	1011,355,179,851,1374,1229,429,339,157,42 
894	116,93,79,139,59,191,96,16,387,357 
895	116,202,157,139,19,496,257,238,5,294 
896	93,20,5,111,218,468,353,810,467,83 
897	116,5,62,191,139,157,292,224,363,127 
898	116,93,202,874,9,90,469,16,470,640 
899	600,224,110,206,1045,618,1240,404,79,275 
900	1023,253,28,950,735,326,1403,445,205,22 
901	116,5,16,19,483,177,541,328,844,280 
902	20,62,16,202,110,271,469,9,39,328 
903	116,5,271,218,253,468,264,38,997,363 
904	83,326,106,794,1082,319,943,589,951,948 
905	88,508,214,90,296,980,411,139,34,483 
906	116,135,9,12,19,93,363,71,294,61 
907	96,257,616,656,849,250,71,224,79,292 
908	62,20,253,446,160,212,235,121,317,363 
909	214,116,79,139,294,238,676,357,250,59 
910	116,214,79,9,110,496,139,61,397,96 
911	191,88,483,470,781,5,912,11,73,94 
912	148,939,1280,18,309,272,522,80,92,361 
913	116,5,214,110,139,9,397,257,541,433 
914	116,292,93,522,257,61,19,92,424,683 
915	181,5,253,880,468,218,264,277,25,13 
916	116,191,202,496,514,19,469,90,670,257 
917	93,5,177,446,880,218,121,810,83,467 
918	83,5,194,93,116,160,264,25,212,767 
919	1082,692,1079,315,444,794,265,1148,1358,28 
920	116,214,202,406,224,16,238,257,496,246 
921	214,363,9,110,139,470,19,496,406,522 
922	8,854,656,1398,616,214,51,543,382,257 
923	116,214,5,191,96,59,292,363,61,12 
924	801,161,950,1111,459,735,794,705,1197,106 
925	157,5,79,92,191,62,139,257,599,324 
926	801,556,794,326,943,28,1111,679,1197,1300 
927	116,93,5,62,496,139,59,96,92,522 
928	569,135,218,446,212,271,264,235,307,810 
929	93,177,160,271,83,218,264,468,239,13 
930	253,5,446,880,194,106,25,160,344,310 
931	116,214,5,9,139,96,157,59,328,12 
932	116,5,62,157,218,9,292,224,257,18 
933	116,202,93,139,496,96,79,483,94,11 
934	116,202,292,224,59,19,12,470,92,127 
935	406,202,148,106,3,59,28,328,257,939 
936	1011,355,28,1452,1206,459,1185,80,1353,1141 
937	801,211,459,556,1111,705,794,943,1197,622 
938	116,202,79,251,16,683,178,139,3,110 
939	88,20,854,782,807,116,607,998,289,350 
940	214,135,18,292,257,94,250,92,626,238 
941	801,326,953,950,794,1082,943,319,1148,711 
942	20,202,363,191,139,257,406,470,3,246 
943	161,950,692,450,326,445,643,730,240,790 
944	116,93,5,874,469,90,9,100,470,4 
945	191,202,18,257,127,324,496,71,238,8 
946	116,214,106,1045,768,157,256,940,11,607 
947	135,191,62,280,781,874,19,94,11,469 
948	116,214,202,9,139,96,88,514,541,469 
949	363,79,59,202,18,522,238,496,96,26 
950	214,135,292,9,12,257,92,218,94,5 
951	211,950,692,450,445,556,643,326,706,795 
952	214,5,16,406,79,18,19,880,224,27 
953	801,211,42,1111,953,705,943,794,1079,706 
954	116,202,93,5,94,224,357,88,324,599 
955	116,191,202,483,139,9,19,79,127,640 
956	191,1040,73,1118,802,382,135,1240,940,543 
957	127,34,18,626,257,904,980,357,224,313 
958	211,950,692,1148,445,326,643,1111,804,16 
959	5,62,880,253,212,83,235,353,25,328 
960	116,93,79,139,96,874,224,387,357,127 
961	93,116,5,271,218,468,121,810,997,328 
962	135,214,62,110,94,79,92,397,177,880 
963	116,214,59,5,328,9,18,61,139,874 
964	214,135,292,224,139,61,496,191,424,92 
965	211,950,326,794,735,943,1135,249,240,711 
966	116,202,110,157,257,59,12,127,94,387 
967	8,110,296,768,51,980,73,543,1240,250 
968	135,214,157,257,96,79,397,324,12,294 
969	161,1082,735,42,943,794,450,587,1135,240 
970	20,116,88,127,18,79,324,397,250,19 
971	135,20,940,88,62,1369,256,607,169,871 
972	5,116,446,253,218,83,468,277,451,13 
973	116,135,16,19,110,139,483,9,880,357 
974	214,116,96,139,294,363,676,357,250,387 
975	116,5,16,19,83,569,880,212,292,439 
976	157,214,111,181,406,880,94,79,271,59 
977	116,202,292,191,139,19,257,397,61,127 
978	116,5,16,496,218,110,328,59,88,541 
979	470,135,202,626,146,683,246,139,550,116 
980	953,692,556,951,643,943,938,253,1187,1111 
981	214,79,9,110,257,470,496,246,71,92 
982	801,326,106,953,319,705,943,944,589,711 
983	116,5,202,874,90,280,139,357,514,127 
984	116,94,110,12,93,522,59,246,238,424 
985	116,202,292,224,59,19,12,328,92,61 
986	116,135,62,202,446,328,874,235,496,59 
988	214,79,9,18,257,59,93,127,397,324 
989	157,202,363,191,19,92,18,59,496,874 
990	1419,94,309,1023,575,305,1445,1317,1077,1374 
991	161,150,62,135,950,943,459,315,555,706 
992	309,1445,962,713,1077,1280,429,94,157,932 
993	214,79,135,93,139,19,496,246,1247,397 
994	96,9,202,294,18,135,324,162,397,19 
995	214,116,18,12,94,294,3,324,357,599 
996	253,326,1082,1111,459,1135,42,845,938,205 
997	20,62,202,110,83,19,514,100,218,157 
998	116,202,127,257,357,71,324,88,19,670 
999	20,59,135,16,328,62,1247,26,181,121 
1000	575,305,962,1302,713,1185,1077,649,94,1353 
1001	116,93,191,62,96,157,257,470,127,238 
1002	93,569,5,271,468,317,38,328,451,467 
1003	214,406,18,522,135,9,647,424,12,32 
1004	116,214,62,59,292,177,496,110,157,26 
1005	20,470,110,162,71,626,8,135,363,92 
1006	16,5,218,160,42,211,459,177,326,767 
1007	116,88,139,514,127,496,508,670,640,8 
1008	116,5,62,110,139,157,397,357,257,292 
1009	59,116,202,522,224,683,218,19,257,110 
1010	20,93,62,214,446,202,121,251,59,253 
1011	20,93,135,212,214,202,181,307,19,178 
1012	5,135,271,880,363,121,253,328,202,588 
1013	20,135,253,83,271,212,264,235,157,202 
1014	363,135,292,522,19,251,5,1247,62,246 
1015	116,202,93,139,224,496,5,61,62,522 
1016	116,135,62,880,83,328,181,157,496,439 
1017	116,9,292,93,139,328,12,251,1247,18 
1018	20,5,280,88,90,907,998,508,607,688 
1019	5,177,212,218,271,468,264,235,38,451 
1020	211,950,692,1148,643,556,951,944,730,1187 
1021	116,202,191,496,224,5,397,387,62,238 
1022	116,93,202,218,18,406,92,257,177,238 
1023	116,363,202,59,224,328,522,5,96,62 
1024	962,1045,796,1419,721,429,305,851,1452,1374 
1025	116,93,191,483,514,90,781,19,96,413 
1026	253,326,42,794,106,943,735,1079,906,1403 
1027	191,202,127,357,93,508,912,11,92,19 
1028	214,202,157,18,257,496,94,92,357,599 
1029	116,16,62,363,446,181,160,496,522,235 
1030	116,214,202,88,139,9,483,257,387,177 
1031	59,116,214,1247,406,26,19,218,334,246 
1032	116,135,62,880,212,363,317,264,353,522 
1033	600,206,273,626,79,592,3,550,246,275 
1034	116,214,5,59,496,110,191,96,522,387 
1035	116,363,93,59,157,110,496,191,397,16 
1036	20,470,79,127,250,626,357,768,157,88 
1037	116,202,93,5,397,257,357,92,324,62 
1038	214,116,79,12,191,93,522,294,246,424 
1039	18,224,191,294,139,3,246,92,626,406 
1040	116,214,202,496,9,79,397,357,387,218 
1041	20,135,257,357,541,224,92,854,768,162 
1042	8,849,508,745,1398,541,626,543,73,152 
1043	16,218,62,20,93,106,194,177,42,36 
1044	801,211,42,16,569,950,705,794,1148,622 
1045	20,292,94,139,96,768,626,59,599,496 
1046	20,62,16,177,110,218,541,139,160,121 
1047	116,93,16,271,111,874,19,121,496,191 
1048	5,83,446,880,212,271,264,194,344,363 
1049	116,202,9,19,397,224,12,5,88,324 
1050	116,214,5,9,139,16,157,59,328,844 
1051	194,569,160,177,801,446,459,150,116,310 
1052	161,556,692,459,951,326,643,705,790,804 
1053	211,326,459,735,42,943,1135,1079,938,1049 
1054	116,202,292,18,93,257,19,397,61,328 
1055	83,326,950,1111,319,943,705,906,295,692 
1056	116,5,62,328,292,874,157,9,251,880 
1057	93,218,157,202,446,880,522,121,292,264 
1058	116,214,62,79,9,139,96,191,224,257 
1059	116,5,202,874,496,9,83,257,357,599 
1060	20,135,79,157,251,218,246,16,257,5 
1061	116,5,214,191,79,139,328,514,257,469 
1062	781,778,782,256,508,607,855,197,936,695 
1063	801,161,326,459,425,1111,160,106,1148,643 
1064	116,214,5,110,874,496,139,218,522,18 
1065	116,62,16,19,177,83,541,79,90,39 
1066	194,62,177,218,161,42,211,326,906,609 
1067	5,541,940,261,508,256,411,51,912,220 
1068	20,62,16,214,514,271,19,39,9,940 
1069	16,801,211,42,459,177,135,319,1049,1152 
1070	116,93,191,79,96,88,157,224,127,469 
1072	177,116,135,253,880,264,353,451,13,997 
1073	363,135,292,522,251,218,62,257,12,246 
1074	116,292,224,12,328,257,148,61,94,92 
1075	116,5,62,328,177,363,157,224,257,433 
1076	116,202,191,496,96,157,79,483,94,670 
1077	135,181,253,363,157,160,25,212,202,178 
1078	116,214,79,9,496,110,139,218,61,12 
1079	116,214,202,19,9,483,514,387,257,328 
1080	116,214,93,94,88,541,139,218,127,271 
1081	214,116,135,110,294,157,238,71,676,397 
1082	280,1369,83,483,90,460,871,695,1370,282 
1083	106,800,925,1452,721,1045,1185,80,1353,94 
1084	116,202,79,18,191,257,96,406,92,470 
1085	116,135,62,218,328,446,160,522,317,496 
1086	214,202,79,110,257,127,92,59,324,599 
1087	116,202,93,224,5,59,257,470,522,94 
1088	106,5,181,28,161,80,446,211,1403,260 
1089	116,202,110,139,19,257,59,92,127,238 
1090	20,93,59,328,251,157,1247,110,139,246 
1091	116,79,110,93,191,61,92,3,328,96 
1092	214,202,292,79,569,628,224,246,19,238 
1093	116,202,93,110,5,191,496,238,397,16 
1094	214,79,116,61,191,96,246,424,1247,3 
1095	801,211,950,556,16,450,42,1148,938,730 
1096	59,79,214,1247,522,18,238,334,139,593 
1097	116,5,202,79,496,328,9,224,92,96 
1098	16,62,161,42,160,177,106,326,679,1049 
1099	79,59,12,61,1247,110,148,370,470,1035 
1100	8,139,768,127,292,34,357,51,371,250 
1101	5,116,160,253,218,468,264,38,997,13 
1102	20,181,212,253,271,468,264,38,328,810 
1103	1369,493,778,1398,802,73,143,940,90,607 
1104	194,5,181,177,161,880,42,116,459,205 
1105	93,116,160,271,83,880,264,235,239,25 
1106	116,135,214,5,79,569,522,121,446,61 
1107	191,214,12,79,357,224,294,34,292,238 
1108	116,202,9,96,496,157,257,5,328,470 
1109	214,224,18,294,127,324,246,71,3,94 
1110	157,116,253,25,202,93,446,251,59,28 
1111	116,5,62,59,271,569,157,110,9,406 
1112	116,135,79,93,522,110,139,218,496,191 
1113	116,5,16,874,177,9,292,809,96,522 
1114	94,363,406,522,592,292,80,459,181,344 
1115	116,93,157,94,79,880,522,569,292,139 
1116	16,116,5,253,406,202,522,83,94,59 
1117	116,214,191,514,16,469,496,198,912,688 
1118	116,363,292,224,522,328,5,251,218,96 
1119	211,1042,950,315,1079,42,790,804,265,989 
1120	470,313,626,162,324,550,206,157,135,238 
1121	116,88,541,280,940,508,469,912,539,256 
1122	116,157,406,522,257,92,191,61,148,424 
1123	116,202,9,96,12,257,18,387,294,71 
1124	191,202,94,357,79,541,18,324,294,93 
1125	116,5,214,177,191,328,110,224,257,439 
1126	801,326,106,794,950,705,943,587,589,711 
1127	191,470,257,250,116,71,357,496,94,40 
1128	116,202,5,139,496,88,397,92,127,90 
1129	161,42,1082,950,692,943,326,1403,1196,1135 
1130	116,62,16,328,212,110,79,9,191,257 
1131	253,135,556,794,62,28,326,1082,1234,730 
1132	116,214,202,483,96,496,9,470,127,92 
1133	116,5,202,19,139,483,397,357,90,844 
1134	116,5,62,483,514,496,96,39,357,844 
1135	116,135,62,271,212,121,157,83,25,522 
1136	214,79,224,541,40,324,357,363,294,1240 
1137	161,950,1082,326,943,106,1111,1234,948,260 
1138	116,5,16,496,880,328,212,235,588,363 
1139	363,116,110,406,139,246,93,148,19,496 
1140	20,62,202,874,110,271,19,100,261,688 
1141	202,363,12,139,470,294,246,522,19,96 
1142	135,483,280,191,541,855,998,411,539,1040 
1143	20,116,110,12,470,94,238,324,522,599 
1144	116,202,110,5,19,224,470,18,88,363 
1145	116,5,88,191,93,514,508,874,16,413 
1146	214,292,79,157,470,96,94,92,61,397 
1147	801,950,1111,1082,735,943,319,692,706,158 
1148	5,20,218,160,253,468,235,38,997,451 
1149	116,214,5,496,9,139,224,357,218,470 
1150	745,1077,802,1240,395,371,807,94,660,1119 
1151	214,116,93,135,178,683,218,12,1035,334 
1152	135,202,470,257,88,19,96,18,496,599 
1153	191,280,90,508,110,854,51,493,214,1075 
1154	116,5,214,110,496,19,469,280,39,504 
1155	211,950,692,1148,643,938,951,706,711,948 
1156	801,569,556,425,1111,5,62,319,1300,730 
1157	116,191,483,874,96,90,496,100,9,781 
1158	116,16,62,181,522,157,292,251,19,111 
1159	191,116,854,214,782,280,73,11,382,469 
1160	211,1082,556,326,1135,643,445,816,1049,1197 
1161	20,62,16,218,157,177,307,92,139,280 
1162	116,214,202,496,9,139,483,387,257,177 
1163	116,363,93,202,224,110,5,251,191,218 
1164	1011,355,28,1077,459,713,339,80,1353,1141 
1165	5,214,83,177,406,880,59,25,251,160 
1166	20,214,127,79,18,496,676,397,107,504 
1167	116,214,202,16,90,83,397,79,96,912 
1168	116,569,160,271,253,880,121,363,25,277 
1169	211,735,1082,459,1111,1135,42,450,711,1097 
1170	135,191,781,280,198,261,256,83,778,640 
1171	62,111,271,880,157,569,874,19,280,506 
1172	135,202,79,18,257,19,294,127,5,599 
1173	116,202,292,224,18,19,12,470,61,127 
1174	214,202,9,12,257,157,363,324,397,92 
1176	116,5,214,483,19,139,496,280,39,470 
1177	116,202,9,157,18,470,93,238,324,92 
1178	801,326,106,794,1082,943,319,906,1403,711 
1179	93,177,20,271,83,218,264,468,997,451 
1180	116,93,191,214,874,90,19,139,496,640 
1181	116,202,9,224,257,18,94,92,324,599 
1182	116,214,191,62,514,16,9,198,912,640 
1183	20,135,79,522,251,238,246,683,5,424 
1184	135,202,363,94,139,59,406,328,218,599 
1185	191,214,541,257,12,397,224,8,294,912 
1186	62,20,181,880,271,212,264,235,363,353 
1187	214,202,127,257,18,71,292,250,94,34 
1188	20,292,59,224,328,1247,683,246,26,40 
1189	93,569,177,111,160,880,253,451,328,277 
1190	292,313,202,139,116,157,324,8,34,162 
1191	135,214,178,251,5,25,121,683,160,19 
1192	135,214,9,93,357,127,257,854,280,337 
1193	1082,556,326,943,951,253,319,1197,705,1097 
1194	106,135,218,181,5,211,679,326,943,177 
1195	904,110,819,73,51,411,371,292,1369,256 
1196	575,305,1302,179,459,1229,80,649,157,1021 
1197	116,214,202,139,874,514,127,39,670,107 
1198	116,79,59,202,224,522,18,387,96,406 
1199	363,292,110,257,191,246,92,328,470,496 
1200	116,214,16,328,177,292,178,496,92,224 
1201	116,5,16,218,110,79,157,569,292,224 
1202	116,214,202,483,16,19,9,387,357,100 
1203	116,202,5,191,16,218,224,92,94,83 
1204	211,1082,556,326,643,1135,445,367,1049,106 
1205	116,16,62,271,446,181,121,522,874,406 
1207	157,363,522,5,59,257,19,246,328,148 
1208	116,135,9,496,397,224,12,127,59,5 
1209	116,5,214,541,469,90,496,100,198,504 
1210	79,116,406,61,139,251,328,3,470,294 
1211	8,313,273,139,88,1240,92,296,599,268 
1212	1419,94,486,713,796,925,339,1185,1317,1452 
1213	569,111,253,363,160,271,214,235,522,468 
1214	116,5,93,19,483,139,96,79,127,387 
1215	116,202,363,9,328,496,406,238,92,61 
1216	135,79,9,12,257,218,19,683,1247,92 
1217	116,5,16,496,110,212,79,397,83,257 
1218	83,5,202,292,470,9,92,855,337,460 
1220	116,93,16,406,569,251,19,121,25,496 
1221	211,735,1082,459,1111,42,1135,845,711,795 
1222	211,1082,459,326,42,1111,1135,1079,240,283 
1223	214,135,202,139,191,257,397,294,387,424 
1224	214,202,292,18,257,93,96,397,61,324 
1225	116,5,16,177,79,328,191,569,9,844 
1226	116,214,202,110,9,139,328,96,271,522 
1227	106,218,292,28,5,713,92,79,25,253 
1228	18,146,1045,139,626,127,250,324,600,91 
1229	116,5,214,191,110,139,328,88,844,880 
1230	116,214,202,496,88,79,397,357,292,4 
1231	5,177,160,253,218,468,264,588,997,25 
1232	1369,508,782,483,541,607,8,998,289,907 
1233	116,93,5,79,157,496,292,357,92,363 
1234	363,135,79,522,61,110,1247,5,246,62 
1235	20,116,59,61,251,257,683,246,218,40 
1236	801,556,326,569,319,705,943,5,735,622 
1237	211,735,1082,326,42,1111,1135,711,249,816 
1238	5,20,271,218,253,468,264,810,997,363 
1239	116,218,224,522,93,9,59,12,246,424 
1240	801,161,953,556,1082,735,450,42,160,1079 
1241	116,5,16,496,191,79,139,880,569,88 
1242	116,5,88,874,469,19,280,912,198,100 
1243	116,5,62,79,292,496,397,257,541,127 
1244	135,59,79,178,683,370,148,238,61,5 
1245	214,93,406,292,328,59,178,177,628,92 
1246	214,292,79,139,363,324,238,357,92,40 
1247	116,214,110,470,257,127,357,94,90,912 
1248	214,9,135,139,257,294,238,250,94,397 
1249	116,16,62,569,19,157,292,446,406,160 
1250	20,5,214,110,271,541,469,177,39,688 
1251	950,556,22,794,951,938,315,804,319,1300 
1252	83,106,326,794,319,1082,943,735,622,1152 
1253	116,214,202,191,292,9,218,522,92,271 
1254	161,106,42,1082,735,943,1111,1234,260,938 
1255	116,5,88,874,280,469,19,496,912,539 
1257	161,950,692,943,643,326,459,711,240,1042 
1258	5,177,253,271,218,468,264,353,588,25 
1259	116,135,9,363,12,257,59,71,470,127 
1260	135,569,880,253,271,212,363,202,468,178 
1261	211,735,1082,794,943,1135,1300,450,260,283 
1262	181,5,93,194,160,264,212,20,25,344 
1263	116,202,9,224,257,59,157,470,357,294 
1264	191,202,162,8,670,224,107,397,387,92 
1265	116,202,93,496,88,397,470,541,92,71 
1266	116,214,202,496,157,139,397,218,177,433 
1267	292,202,12,139,470,93,522,19,96,127 
1268	5,111,202,768,110,62,91,361,592,854 
1269	214,157,522,328,94,110,19,139,496,257 
1270	20,110,79,139,273,313,127,618,324,8 
1271	116,93,363,292,328,496,110,191,61,406 
1272	692,950,150,22,556,283,989,1097,804,444 
1273	20,135,16,19,110,177,139,844,100,160 
1274	211,950,692,556,445,326,643,730,948,795 
1275	20,5,93,874,880,111,307,157,110,79 
1276	214,79,135,191,96,61,127,40,324,424 
1277	116,363,16,202,292,177,406,224,61,110 
1278	116,93,9,110,62,292,387,61,16,363 
1279	116,363,406,92,3,110,83,257,12,713 
1280	83,5,160,218,880,264,116,271,20,801 
1281	16,569,214,328,522,292,880,38,79,264 
1282	16,218,202,446,59,328,79,121,83,160 
1283	1369,191,782,90,493,871,998,382,73,350 
1284	161,950,42,106,735,943,1111,1234,1196,260 
1285	224,9,20,424,294,59,600,238,592,116 
1286	106,28,5,62,150,157,801,36,116,121 
1287	116,93,88,874,469,39,280,781,19,539 
1288	116,202,93,496,292,224,387,127,59,324 
1289	801,326,425,28,705,569,906,1082,203,36 
1290	214,135,202,157,257,93,397,328,71,424 
1291	116,135,292,157,139,522,251,96,1247,387 
1292	116,5,214,271,79,139,397,59,357,127 
1293	116,135,483,90,470,198,357,640,100,19 
1294	214,135,9,110,157,18,470,397,357,387 
1295	854,8,51,73,616,9,382,135,110,411 
1296	406,9,20,246,110,994,191,768,226,238 
1297	253,93,218,212,160,264,468,271,363,997 
1298	135,292,522,16,224,238,5,62,19,424 
1299	20,5,271,218,468,353,588,451,997,25 
1300	116,88,214,280,940,514,198,318,19,256 
1301	116,214,202,157,541,496,397,271,357,307 
1302	801,459,950,735,943,1111,450,794,711,260 
1303	801,953,459,1082,1111,943,735,62,1135,730 
1304	116,5,62,496,541,9,397,357,257,39 
1305	214,79,135,157,19,522,251,246,424,127 
1306	116,214,5,496,139,59,96,387,357,177 
1307	83,5,194,446,218,271,116,264,20,810 
1308	20,224,93,92,246,713,257,328,9,272 
1309	116,202,110,292,496,257,224,92,18,541 
1310	214,96,79,257,135,238,676,19,40,59 
1311	355,28,309,1452,1229,649,459,1427,1021,1141 
1312	20,5,271,160,468,264,588,451,25,467 
1313	20,62,93,111,19,880,191,79,121,433 
1314	116,214,202,328,218,522,9,251,61,178 
1315	116,214,88,9,62,90,470,198,912,92 
1316	116,93,5,292,522,59,18,496,139,874 
1317	20,116,224,246,92,139,328,424,9,251 
1318	135,62,202,541,110,16,874,100,198,688 
1319	18,79,257,294,59,324,626,313,273,272 
1320	116,93,191,874,62,397,357,470,71,59 
1321	116,214,93,5,874,470,127,257,670,107 
1322	93,62,569,446,218,468,121,38,363,451 
1323	116,5,214,9,110,177,191,257,224,2 
1324	93,16,111,363,880,446,94,25,19,235 
1325	20,5,271,218,468,253,264,451,363,467 
1326	1369,807,940,483,90,51,8,802,198,197 
1327	116,292,93,110,139,251,218,94,424,148 
1328	508,8,90,51,256,807,382,980,607,198 
1329	5,16,307,880,110,160,874,569,292,235 
1330	20,59,79,202,406,19,224,16,62,683 
1331	253,326,459,794,1111,943,1135,106,1197,906 
1332	363,292,59,202,224,139,251,496,26,683 
1333	20,5,218,880,271,468,264,25,83,363 
1335	292,79,116,12,257,251,19,246,96,398 
1336	116,363,16,79,522,178,628,224,496,246 
1337	363,110,191,92,246,148,218,294,146,127 
1338	257,146,127,273,139,600,79,116,272,618 
1339	116,5,62,496,271,9,79,177,357,39 
1340	116,214,110,541,496,19,257,157,483,18 
1341	253,950,326,1082,735,943,319,951,295,795 
1342	93,5,569,212,160,468,235,363,83,202 
1343	116,5,62,79,9,177,328,257,224,514 
1344	116,214,202,874,79,94,139,357,257,599 
1345	191,202,257,496,88,94,18,71,92,157 
1346	116,214,202,9,514,496,62,90,127,224 
1347	93,569,5,271,160,468,264,38,328,214 
1348	116,93,214,62,96,469,39,496,19,387 
1349	363,292,135,93,110,522,191,96,683,387 
1350	116,93,214,19,271,496,83,280,177,92 
1351	214,363,202,110,257,19,406,470,96,5 
1352	116,5,541,90,781,19,397,96,912,539 
1353	363,79,135,202,61,406,157,218,496,178 
1354	93,214,62,328,177,111,79,251,92,94 
1355	20,5,191,541,90,261,483,19,397,940 
1356	116,139,12,79,127,324,40,294,1240,59 
1357	801,211,62,556,42,705,950,943,1197,1152 
1358	116,5,16,496,79,59,157,363,121,2 
1359	12,94,127,139,626,3,246,272,550,683 
1360	116,93,5,9,496,157,397,218,357,271 
1361	20,292,135,93,139,257,191,1247,96,40 
1362	569,135,218,271,880,212,235,264,353,214 
1363	20,292,59,93,139,157,424,191,246,397 
1364	79,116,110,191,238,406,522,127,683,424 
1365	18,79,110,59,294,246,3,406,61,324 
1366	116,202,191,79,96,157,397,541,292,599 
1367	116,202,363,59,191,19,470,397,406,92 
1368	116,62,214,83,19,280,397,79,218,470 
1369	135,202,157,93,139,94,522,328,496,599 
1370	16,62,202,328,522,121,25,212,292,79 
1371	83,326,950,1111,319,943,705,260,795,692 
1372	116,191,202,62,9,139,469,198,79,640 
1373	5,177,253,271,218,468,264,38,997,25 
1374	177,116,160,253,468,218,264,588,13,997 
1375	116,5,214,191,110,469,496,198,271,4 
1376	20,62,16,483,19,514,139,9,96,357 
1377	20,62,5,16,496,88,469,859,328,912 
1378	116,93,157,292,224,191,139,874,397,12 
1379	569,161,5,135,211,326,556,767,260,25 
1380	20,127,257,88,626,294,79,34,541,40 
1381	116,202,191,139,224,257,62,12,357,328 
1382	214,202,522,18,251,94,19,246,238,496 
1383	309,1023,713,157,1280,1317,80,649,1427,1021 
1384	211,459,1082,735,943,1111,1135,948,711,295 
1385	9,139,127,296,257,157,289,543,18,11 
1386	218,214,522,5,328,18,111,880,79,253 
1387	569,5,218,446,93,264,271,116,20,810 
1388	116,202,93,224,18,5,191,62,397,406 
1389	292,79,9,328,238,257,110,178,424,148 
1390	116,93,79,157,59,139,224,96,12,61 
1391	116,191,110,470,19,96,224,357,496,387 
1392	116,16,62,202,328,292,157,874,446,160 
1393	116,79,292,157,12,257,397,406,40,127 
1394	569,5,271,160,253,468,121,38,328,25 
1395	214,202,18,328,224,9,238,139,94,257 
1396	214,79,116,61,191,96,246,424,683,496 
1398	569,177,212,271,468,253,25,235,328,214 
1399	116,5,202,483,514,496,139,39,357,844 
1400	116,202,110,496,5,292,224,92,324,387 
1401	135,157,93,110,19,59,191,496,3,12 
1402	20,191,202,88,139,5,83,12,363,397 
1403	194,62,135,161,150,880,264,446,260,794 
1404	508,782,807,541,256,1075,20,871,1340,988 
1405	305,1302,962,713,459,1374,1206,94,1427,1353 
1406	20,157,363,110,522,92,328,12,496,238 
1407	177,181,253,271,468,218,264,588,25,13 
1408	214,202,9,363,257,470,59,93,324,397 
1409	181,62,218,880,212,271,264,468,277,38 
1410	309,721,796,98,305,459,1452,1302,146,1021 
1411	116,214,202,514,19,9,496,90,387,470 
1412	148,106,116,1045,92,522,268,618,600,191 
1413	116,5,62,202,160,212,446,19,522,496 
1414	116,202,110,224,12,18,496,92,5,324 
1415	116,363,93,224,5,218,251,257,12,246 
1416	20,135,292,9,61,19,246,1247,683,496 
1417	116,5,62,496,139,9,397,257,96,844 
1418	116,79,292,139,61,18,257,397,387,40 
1419	116,202,157,363,224,62,496,12,218,470 
1420	161,735,950,106,943,794,692,240,587,1197 
1421	20,5,16,110,83,88,541,469,844,92 
1422	20,292,59,61,19,12,328,110,496,40 
1423	116,214,202,110,9,139,397,363,271,433 
1424	116,93,5,874,139,16,224,387,357,61 
1425	20,218,59,328,5,181,683,62,628,446 
1426	470,257,292,626,135,116,88,656,71,313 
1427	116,5,214,483,514,496,139,79,39,328 
1428	116,16,135,177,19,218,59,880,588,292 
1429	116,62,16,496,328,218,79,88,483,257 
1430	116,202,79,110,874,224,292,12,328,238 
1432	157,79,224,257,139,218,599,522,397,27 
1433	116,191,93,874,541,79,397,387,469,912 
1434	214,202,9,157,257,470,59,397,92,357 
1435	116,5,62,483,19,139,96,39,280,844 
1436	20,62,135,880,328,181,446,468,496,467 
1437	116,135,202,224,191,496,12,328,71,522 
1438	363,79,135,61,139,110,496,191,96,218 
1440	116,202,9,139,59,257,96,328,357,61 
1441	292,110,139,94,250,238,406,92,61,626 
1442	116,202,93,496,257,397,874,59,88,363 
1443	214,292,79,157,139,93,61,92,406,40 
1444	93,20,177,446,111,235,38,328,467,451 
1445	116,93,214,19,271,79,177,59,880,307 
1446	211,950,692,556,326,445,643,730,315,948 
1447	116,5,88,874,280,469,96,496,781,79 
1448	116,93,79,202,5,139,157,218,12,397 
1449	801,161,42,1111,950,794,1082,705,249,1079 
1450	280,940,508,90,745,607,998,1075,83,634 
1451	214,135,79,110,257,61,96,470,424,294 
1452	16,218,406,328,522,121,79,880,18,271 
1453	116,62,88,541,90,781,940,907,198,766 
1454	116,93,363,157,328,496,139,61,191,406 
1455	214,202,16,328,251,246,19,238,94,139 
1456	214,363,292,93,257,191,92,246,5,470 
1457	116,202,93,224,496,18,257,127,470,61 
1458	569,5,212,271,468,253,264,25,810,328 
1459	116,214,110,139,874,79,397,387,127,12 
1460	116,214,470,127,496,397,469,670,292,198 
1461	253,161,735,556,1111,445,794,1148,1197,283 
1462	116,93,202,19,522,218,61,251,12,191 
1463	116,135,110,470,292,397,541,324,5,483 
1464	116,5,62,177,328,191,218,224,257,569 
1465	214,93,251,202,16,628,224,25,62,26 
1466	211,950,692,450,556,326,445,643,706,1403 
1467	93,20,569,111,468,235,38,810,277,451 
1468	116,62,271,214,181,157,202,307,194,522 
1469	135,181,93,880,194,25,160,264,106,406 
1470	5,116,160,880,468,264,353,810,997,13 
1471	214,116,18,61,224,328,19,257,218,334 
1472	116,191,110,257,224,19,397,324,541,92 
1473	116,5,16,19,496,110,79,363,191,307 
1474	62,253,181,177,194,446,271,212,264,214 
1475	569,5,212,160,880,121,214,178,25,451 
1476	116,135,79,202,18,224,61,496,110,1247 
1477	116,20,253,212,271,468,264,25,38,451 
1478	1011,800,28,851,721,1206,1280,429,1021,932 
1479	211,950,450,692,556,326,445,1111,106,315 
1480	801,150,326,556,569,705,794,943,181,135 
1481	211,735,1082,326,42,692,643,816,1197,1234 
1482	5,177,160,880,253,264,121,810,997,13 
1483	211,735,1082,459,1111,692,42,1197,205,795 
1484	116,79,292,19,110,257,406,397,424,470 
1485	116,483,88,5,90,280,508,397,766,139 
1486	116,79,363,19,18,12,257,397,5,62 
1487	202,363,110,406,257,148,470,218,5,836 
1488	116,292,224,238,328,94,251,148,61,424 
1489	116,202,363,9,224,18,328,92,406,94 
1490	116,93,79,139,292,96,224,387,357,127 
1491	16,20,446,5,202,522,328,628,264,160 
1492	801,161,425,326,556,135,160,943,177,1197 
1493	116,5,16,177,110,328,9,844,292,127 
1494	116,202,79,157,496,224,257,874,238,357 
1495	214,202,292,569,328,79,111,446,178,148 
1496	801,42,1111,953,705,794,943,106,589,692 
1497	116,202,9,139,496,12,96,470,328,357 
1498	253,950,326,450,459,1148,692,1111,587,730 
1499	83,953,42,1111,705,943,1082,158,622,1152 
1500	569,83,177,880,271,212,264,235,468,353 
1501	1369,807,854,1075,256,988,460,90,191,998 
1502	305,1302,309,713,1374,1185,1206,80,339,939 
1503	5,135,181,218,271,880,194,446,121,161 
1504	1445,305,309,713,459,1077,649,94,1427,1353 
1505	292,12,470,3,238,148,522,683,146,27 
1506	20,116,59,93,139,238,246,424,96,387 
1507	569,150,459,135,177,326,880,794,1234,1403 
1508	116,16,62,157,880,522,178,79,212,19 
1509	363,214,328,181,79,121,19,880,160,111 
1510	135,202,292,224,257,19,12,96,127,238 
1511	801,42,953,950,705,943,1082,249,1403,295 
1512	59,135,79,522,1247,16,9,238,1035,62 
1513	116,363,79,157,12,19,496,470,397,92 
1514	16,135,177,880,93,20,106,42,264,36 
1515	20,5,212,880,253,468,264,25,83,451 
1516	801,425,326,794,28,319,1111,705,158,845 
1517	569,116,446,160,880,271,264,235,25,810 
1518	211,1082,556,1135,794,951,643,66,240,1234 
1519	214,202,292,12,257,96,59,397,324,92 
1520	110,127,363,116,96,273,3,768,272,71 
1521	16,218,446,178,251,18,121,880,160,253 
1522	5,20,218,271,880,83,468,235,277,997 
1523	116,5,62,541,139,496,397,280,83,92 
1525	93,181,177,111,178,328,160,38,264,292 
1526	801,211,62,459,42,943,1082,569,951,944 
1527	93,135,363,880,160,214,157,522,406,235 
1528	116,202,79,157,257,292,397,387,71,92 
1529	116,5,16,19,328,79,569,92,224,446 
1530	575,1041,309,1023,1302,1229,939,267,268,1021 
1531	116,363,214,79,522,157,121,496,224,9 
1532	16,62,181,160,135,459,218,556,445,609 
1533	214,202,157,59,19,257,92,94,246,3 
1534	79,18,406,61,139,1247,424,148,3,496 
1536	62,253,218,880,212,271,264,235,239,363 
1537	116,202,79,19,191,139,496,397,92,61 
1538	16,5,135,212,121,363,588,202,253,239 
1539	116,363,202,110,18,328,522,191,16,397 
1540	5,62,446,253,160,212,214,25,468,588 
1541	1023,556,28,794,950,1042,735,730,795,938 
1542	135,5,202,79,110,522,94,496,177,139 
1543	62,5,93,212,218,880,328,317,110,59 
1544	950,735,42,845,1079,943,1135,1300,711,315 
1545	116,202,9,191,59,19,257,328,294,522 
1546	116,214,202,157,406,251,496,139,569,246 
1547	211,1082,556,1135,943,951,643,367,711,1197 
1548	214,202,135,110,19,238,157,59,294,357 
1549	20,93,214,157,19,328,874,92,9,18 
1550	135,5,93,880,194,160,25,264,271,202 
1551	116,83,177,880,271,363,214,121,522,628 
1552	5,93,880,214,181,212,202,446,328,874 
1553	116,5,214,88,96,496,9,100,387,504 
1554	5,111,253,271,218,468,264,38,997,13 
1555	135,214,328,178,292,18,19,160,880,271 
1557	111,116,16,939,93,363,569,459,92,682 
1558	116,363,93,224,110,139,257,12,251,191 
1559	181,5,253,212,271,468,264,38,277,588 
1560	253,950,42,1082,735,943,1111,711,938,1403 
1561	93,16,157,328,181,25,121,224,246,92 
1562	106,556,953,326,943,735,1111,1148,80,1300 
1563	292,116,522,246,12,257,424,110,61,3 
1564	116,214,202,79,9,139,397,357,218,541 
1565	116,214,93,79,127,357,12,90,874,670 
1566	16,5,62,181,160,212,214,121,317,157 
1567	214,292,79,110,257,522,96,424,496,294 
