0	183,826,923,458,60,0,173,641,1063,1021 
1	30,421,875,302,297,880,413,1177,384,716 
2	413,589,297,329,665,477,293,558,613,716 
3	442,10,575,45,1084,277,308,140,282,1028 
4	199,862,280,695,220,1028,976,98,703,254 
5	337,902,92,286,923,496,626,786,1151,506 
6	840,934,716,575,438,316,329,242,421,255 
7	1094,282,795,231,280,637,449,159,35,181 
8	1052,235,572,1094,34,893,438,67,458,159 
9	575,430,438,272,604,79,73,848,875,336 
10	613,7,413,359,115,351,280,884,822,6 
11	382,662,197,221,335,40,538,816,252,836 
12	1094,45,181,681,199,497,884,265,79,98 
13	1141,506,902,1057,286,923,418,640,1139,39 
14	225,703,220,1179,73,277,840,894,254,628 
15	31,39,385,1106,828,1012,640,322,801,849 
16	258,680,711,538,1094,836,41,270,637,575 
17	516,944,598,133,96,787,189,382,82,1094 
18	382,680,268,1009,292,87,558,657,289,220 
19	1108,792,880,970,1126,219,875,575,878,34 
20	938,170,725,181,855,1094,1159,822,1102,225 
21	712,955,797,297,308,329,279,140,320,767 
22	11,662,538,197,795,589,880,862,19,420 
23	855,575,272,589,10,384,271,594,79,225 
24	504,803,110,425,73,994,274,249,38,351 
25	329,220,265,880,875,10,73,140,712,186 
26	543,283,416,912,826,458,11,1035,438,669 
27	293,79,665,225,198,481,477,271,1014,934 
28	181,955,293,703,864,884,897,420,10,84 
29	38,703,4,421,293,316,955,628,288,538 
30	40,639,847,1032,923,208,828,1076,853,1152 
31	785,336,140,440,249,115,384,792,1126,538 
32	198,549,575,589,504,351,855,98,225,28 
33	34,970,127,792,1014,277,351,755,767,101 
34	712,4,308,396,329,507,481,538,45,272 
35	208,640,708,826,458,1132,528,920,726,923 
36	458,378,183,60,923,337,828,560,641,496 
37	384,1094,497,976,1028,953,716,271,181,803 
38	826,183,683,923,1032,496,741,713,828,569 
39	208,11,258,140,767,413,637,199,0,572 
40	4,1177,628,329,864,538,160,271,420,421 
41	803,365,972,302,263,994,875,115,549,1094 
42	1094,1028,355,181,442,558,797,549,360,316 
43	10,772,430,703,938,481,1014,875,796,4 
44	438,613,864,271,198,665,938,430,277,1084 
45	641,183,40,637,5,270,853,60,218,1076 
46	641,11,816,438,258,60,795,155,335,449 
47	767,258,680,252,395,335,55,226,683,289 
48	175,716,425,98,507,79,360,279,504,670 
49	279,421,199,98,632,897,242,160,329,380 
50	10,459,1094,442,695,703,1177,716,277,199 
51	1037,332,98,181,822,875,115,1094,539,862 
52	516,39,828,1041,560,458,731,496,92,173 
53	1094,115,329,273,884,35,712,73,6,280 
54	1094,512,56,1037,282,199,958,279,186,270 
55	157,11,159,197,282,795,80,41,680,538 
56	538,575,442,570,73,430,884,712,438,972 
57	367,133,516,598,731,55,60,683,787,401 
58	293,549,396,880,1028,438,271,1177,864,575 
59	1009,258,637,395,575,459,336,1126,41,277 
60	923,385,337,183,560,826,786,328,193,286 
61	421,1084,855,160,420,4,45,199,884,140 
62	263,795,225,1028,365,115,934,477,35,911 
63	272,481,1094,293,79,253,840,938,4,897 
64	828,39,337,506,923,1076,839,153,826,5 
65	976,277,497,351,884,293,897,271,225,308 
66	279,421,716,360,249,558,481,628,336,670 
67	10,302,115,497,438,875,320,1126,7,479 
68	880,421,35,479,115,613,712,1126,425,297 
69	385,239,828,1076,5,337,27,64,640,668 
70	6,796,254,1108,151,716,245,293,329,884 
71	875,67,308,199,170,712,1037,186,953,4 
72	119,469,632,271,543,880,924,572,637,648 
73	384,613,6,308,115,236,242,199,1062,507 
74	332,271,160,181,1094,938,1014,840,558,875 
75	519,695,878,297,862,501,1128,282,84,254 
76	438,181,862,589,249,797,316,459,539,575 
77	382,157,974,268,1063,954,662,641,221,335 
78	4,438,225,613,124,1084,575,272,539,351 
79	416,589,549,855,712,479,716,884,351,115 
80	810,560,92,173,385,178,183,1032,1142,1076 
81	438,175,271,293,198,421,938,589,994,477 
82	1009,11,258,974,641,464,637,1027,40,458 
83	115,681,729,1159,1094,384,396,10,161,151 
84	1028,1000,79,695,972,994,538,549,938,477 
85	665,293,365,255,279,320,884,351,79,254 
86	458,133,902,731,944,60,183,598,683,513 
87	4,420,384,1084,712,73,477,594,220,558 
88	767,282,10,538,1009,637,442,421,438,45 
89	396,372,628,772,681,151,73,1028,504,230 
90	538,83,897,265,302,880,864,282,230,797 
91	862,442,10,336,477,45,115,297,279,124 
92	902,828,606,1141,885,385,1139,839,193,734 
93	115,938,613,320,168,822,271,1028,181,575 
94	712,199,314,1084,695,1028,329,396,589,79 
95	396,840,497,199,320,716,302,549,280,1028 
96	716,279,79,797,1084,1014,271,855,880,302 
97	1094,438,249,1037,265,795,336,459,589,681 
98	496,652,208,731,60,82,974,516,826,1157 
99	1037,1108,695,538,416,249,1094,282,219,280 
100	438,497,175,558,198,360,613,316,703,199 
101	543,641,378,1009,258,1063,488,639,270,1052 
102	420,115,716,265,360,681,384,703,438,449 
103	442,934,170,681,265,803,703,911,271,479 
104	5,1032,1020,826,854,385,1011,39,1076,926 
105	902,385,506,828,786,1057,734,926,31,5 
106	438,336,958,862,594,884,1037,716,628,112 
107	320,497,712,938,459,115,953,558,175,1028 
108	249,665,365,613,911,695,124,953,1004,35 
109	231,230,112,716,252,155,309,836,372,976 
110	740,765,56,277,279,572,958,136,140,641 
111	898,1143,885,828,385,333,902,615,5,31 
112	504,840,351,413,507,115,6,254,1014,79 
113	258,662,372,277,98,1014,1126,420,1077,661 
114	767,662,680,878,572,836,538,87,112,10 
115	220,430,695,477,1037,242,703,186,549,199 
116	230,396,477,10,170,481,1084,73,84,255 
117	297,73,198,277,170,884,442,303,538,265 
118	258,464,250,11,282,231,598,980,690,726 
119	442,336,594,186,703,6,501,254,51,297 
120	265,302,220,351,712,384,695,1037,875,186 
121	183,173,458,60,40,923,795,637,11,786 
122	828,734,286,1057,506,923,333,193,418,839 
123	183,826,317,173,488,458,923,0,639,702 
124	160,1090,589,639,477,853,1037,1094,79,140 
125	640,385,885,64,606,506,846,1076,786,1142 
126	373,27,1141,377,741,458,183,11,208,668 
127	708,341,219,220,34,483,734,658,1119,1087 
128	1032,183,430,60,911,413,458,10,795,641 
129	384,1084,628,459,797,73,703,220,822,884 
130	613,911,225,880,351,425,729,175,549,430 
131	159,258,787,464,516,767,1063,657,726,680 
132	972,712,949,594,225,938,855,303,772,124 
133	236,976,98,1084,170,477,703,4,480,695 
134	1146,1004,161,336,4,855,594,274,504,1014 
135	442,140,320,613,413,181,1126,716,994,6 
136	884,875,1028,613,391,855,481,400,681,695 
137	421,420,302,220,67,30,413,332,840,695 
138	481,558,862,504,272,351,934,329,38,1014 
139	688,159,438,974,1094,878,230,958,459,1037 
140	293,797,79,314,225,230,670,199,772,1084 
141	878,767,1094,367,464,980,726,731,268,197 
142	416,1094,258,767,648,1014,543,41,72,140 
143	277,198,797,73,1084,79,670,1028,558,911 
144	396,1108,862,165,785,681,955,670,994,351 
145	549,79,67,10,570,504,716,628,1177,958 
146	1010,351,729,822,230,955,425,438,594,539 
147	253,613,273,538,1084,242,265,151,396,695 
148	258,464,438,538,416,1009,459,336,451,181 
149	442,589,575,170,481,320,199,45,897,396 
150	897,594,661,420,848,272,703,716,10,880 
151	1084,279,575,862,994,459,302,589,1077,1177 
152	828,96,60,1032,173,606,496,183,560,82 
153	297,594,253,160,479,79,1037,308,360,220 
154	265,271,10,430,1084,934,575,384,288,79 
155	1028,79,575,1094,497,665,628,558,28,848 
156	4,430,976,665,170,589,864,351,28,271 
157	795,934,772,976,768,438,362,197,681,481 
158	958,34,740,324,745,778,283,336,158,446 
159	416,413,575,479,35,10,953,795,976,297 
160	396,10,681,4,477,661,115,198,308,175 
161	1014,665,420,98,507,693,372,822,862,1077 
162	507,1028,421,360,308,480,84,320,501,438 
163	560,1116,337,1141,868,1076,882,923,1057,104 
164	538,613,479,938,199,594,875,476,351,45 
165	420,73,98,693,421,360,1188,271,124,273 
166	384,225,115,1145,271,771,976,480,785,477 
167	220,958,862,35,6,297,420,613,970,531 
168	416,440,324,1014,413,912,695,459,10,442 
169	575,115,114,703,648,181,976,983,630,72 
170	795,60,488,165,598,282,1028,250,1037,657 
171	734,784,174,1057,1143,286,337,828,834,606 
172	382,159,282,335,11,252,1104,292,516,48 
173	297,73,79,955,4,199,477,253,6,302 
174	60,1032,11,249,613,302,40,430,681,476 
175	413,10,681,302,880,797,35,884,1177,703 
176	716,438,1108,181,72,695,416,115,271,225 
177	594,396,795,575,230,79,497,413,797,425 
178	39,385,1076,193,640,784,126,337,286,902 
179	955,497,181,84,549,628,703,160,477,430 
180	958,864,765,512,792,336,384,657,28,575 
181	265,442,911,365,255,1004,1084,230,336,84 
182	11,60,208,641,173,458,639,270,108,1009 
183	970,1079,147,265,765,320,1094,279,324,712 
184	459,351,880,976,297,271,302,897,796,413 
185	373,1141,923,173,902,1057,784,786,826,286 
186	297,396,332,934,558,320,298,125,293,365 
187	613,1094,855,98,10,420,716,938,703,681 
188	10,208,265,282,657,60,280,258,421,336 
189	421,575,254,79,170,329,1084,45,271,1062 
190	976,477,665,199,681,797,712,479,320,575 
191	254,497,855,897,976,594,297,265,796,277 
192	1094,512,976,6,459,716,703,875,855,862 
193	1032,923,5,828,641,385,639,193,560,322 
194	862,1084,976,797,242,1108,712,6,360,480 
195	469,705,792,558,855,712,230,249,140,661 
196	1094,230,594,175,558,575,365,73,911,28 
197	98,729,430,1014,175,481,79,442,351,1094 
198	198,1014,320,384,716,504,613,670,911,938 
199	1143,828,606,849,1076,506,333,1057,1012,776 
200	277,535,72,958,451,703,438,416,115,131 
201	834,39,193,286,1142,560,1076,902,264,1011 
202	220,657,438,382,572,328,270,880,695,232 
203	665,272,384,549,613,297,797,905,501,611 
204	613,303,225,911,421,271,115,420,308,459 
205	538,115,297,293,35,1094,308,477,897,938 
206	516,335,250,11,279,395,733,637,427,86 
207	430,695,297,365,880,280,6,703,270,897 
208	183,173,923,641,1021,96,385,639,980,337 
209	538,430,481,271,594,681,822,274,955,459 
210	976,7,558,10,822,695,1028,84,795,365 
211	341,442,98,170,416,10,67,421,384,1126 
212	4,848,430,497,504,778,10,151,199,796 
213	225,336,772,479,4,1028,314,670,293,911 
214	767,878,268,336,538,320,87,11,572,220 
215	497,504,421,181,665,848,273,703,681,253 
216	695,613,864,549,803,425,272,73,420,265 
217	628,953,147,416,302,254,938,958,425,797 
218	1076,385,27,606,64,1068,1143,923,847,902 
219	958,297,67,380,170,658,703,298,538,147 
220	430,716,1014,198,1094,225,1108,575,712,864 
221	1032,826,183,458,0,828,96,53,40,282 
222	198,236,225,712,796,507,549,880,293,1094 
223	6,249,90,1028,336,613,35,772,205,665 
224	1028,308,249,66,862,302,220,396,934,681 
225	170,695,72,380,288,160,1094,1035,413,840 
226	320,438,459,703,594,1028,199,112,131,302 
227	880,288,459,297,137,862,703,302,795,1177 
228	53,1063,0,488,862,40,438,416,459,359 
229	767,878,230,11,1126,155,572,1084,976,822 
230	1126,1028,681,479,716,314,897,795,430,442 
231	396,934,504,98,279,729,822,1177,413,181 
232	220,538,382,575,1037,199,796,938,416,336 
233	10,351,140,681,1126,712,703,396,186,35 
234	594,45,329,84,198,253,796,911,880,797 
235	878,740,34,958,220,880,382,357,283,80 
236	355,10,703,976,253,797,994,796,384,1177 
237	1094,1108,1126,199,265,459,320,140,558,512 
238	1052,416,742,765,188,792,1084,136,282,1092 
239	416,459,665,897,497,1014,413,230,4,477 
240	712,613,594,504,413,442,421,994,110,911 
241	41,648,416,359,282,792,765,695,336,279 
242	703,797,442,384,1108,10,916,265,504,862 
243	464,662,41,372,637,884,197,293,265,80 
244	496,96,60,923,458,826,173,786,902,133 
245	239,385,668,537,1143,846,39,885,193,337 
246	170,175,855,712,98,1094,253,613,1108,911 
247	385,39,1076,1142,333,1141,849,902,668,337 
248	365,273,716,797,84,151,272,795,864,10 
249	1094,442,329,864,382,637,531,249,795,225 
250	416,878,341,115,1155,1079,912,351,1014,253 
251	438,442,249,538,282,73,778,270,309,10 
252	438,293,785,271,421,181,453,628,255,124 
253	220,797,277,1108,613,1094,115,628,265,302 
254	1032,60,96,40,458,641,923,270,7,640 
255	862,421,716,6,947,681,265,1090,293,632 
256	880,265,277,459,73,695,302,840,253,308 
257	1094,1126,10,442,359,384,747,1084,242,115 
258	875,880,10,864,1037,549,282,288,855,797 
259	413,549,10,538,263,449,1028,558,277,1166 
260	613,479,265,597,280,396,539,302,911,497 
261	231,795,767,10,11,662,220,683,575,572 
262	286,902,606,1141,849,1076,5,621,31,1020 
263	382,662,395,11,416,438,197,1063,108,860 
264	282,878,657,382,639,279,747,60,336,265 
265	1014,681,425,420,607,38,864,181,538,785 
266	115,49,279,413,7,1108,165,953,703,198 
267	479,6,639,10,1037,712,183,271,853,476 
268	11,974,637,382,1009,657,954,438,726,282 
269	336,270,314,632,695,575,712,35,7,716 
270	791,36,920,708,376,517,652,127,543,878 
271	1143,942,31,92,264,1068,337,839,193,786 
272	458,980,560,1032,183,258,40,11,1027,328 
273	1076,5,31,816,264,846,1032,27,193,1020 
274	5,173,828,923,1032,60,286,251,385,606 
275	10,384,271,420,1094,236,1179,589,575,35 
276	320,572,729,115,336,1126,497,438,79,712 
277	497,199,1177,45,453,73,632,437,934,314 
278	1094,953,459,862,413,716,288,884,976,379 
279	703,420,421,170,1037,535,293,273,165,549 
280	226,60,488,367,55,133,378,731,10,458 
281	293,420,480,938,115,1084,4,884,320,594 
282	641,197,458,159,795,282,683,954,923,193 
283	274,181,479,884,199,430,420,1084,124,848 
284	449,349,272,1004,1028,480,73,197,772,657 
285	1009,662,680,199,1094,220,637,10,994,80 
286	244,1172,413,72,147,528,1028,771,1079,161 
287	384,480,916,140,497,242,421,413,788,1062 
288	734,1057,174,1141,506,333,239,828,1143,885 
289	341,451,974,958,970,34,878,1152,720,1094 
290	230,258,459,767,535,1028,395,1126,716,112 
291	297,249,205,480,255,7,274,863,613,491 
292	606,828,923,902,193,385,39,251,286,560 
293	425,716,665,272,302,628,362,701,504,320 
294	60,787,443,458,133,683,183,974,392,189 
295	994,124,953,396,181,273,360,265,703,242 
296	157,277,575,416,665,87,413,197,351,41 
297	740,970,1094,34,575,384,459,341,558,712 
298	911,317,589,1032,115,575,73,242,1004,396 
299	84,265,351,1028,459,594,695,665,354,934 
300	157,282,1009,860,795,575,336,690,711,1157 
301	253,880,1028,181,7,438,160,271,430,425 
302	273,7,695,1084,198,549,665,497,220,225 
303	1108,594,934,442,4,695,115,416,10,716 
304	594,253,1094,538,451,958,1126,539,953,160 
305	197,40,741,183,1094,1076,39,862,159,688 
306	31,786,923,385,27,846,902,926,193,640 
307	297,716,263,272,293,314,491,803,955,73 
308	198,157,880,911,10,855,594,384,1084,670 
309	976,938,1094,665,864,558,958,953,181,302 
310	384,396,45,538,442,413,632,716,10,265 
311	1084,703,35,1028,778,67,768,538,862,884 
312	994,1084,476,66,84,360,479,181,1177,1028 
313	10,442,875,230,413,277,897,329,273,391 
314	1004,481,459,10,976,884,875,186,272,124 
315	1076,560,39,286,846,1106,239,537,985,668 
316	938,160,170,430,273,477,98,703,198,665 
317	279,716,501,297,1177,1077,421,1126,558,538 
318	413,254,253,249,230,199,115,1014,98,351 
319	606,828,1032,264,5,640,885,418,853,27 
320	538,822,1179,459,797,703,151,1037,716,695 
321	265,1177,320,772,288,115,453,881,112,6 
322	317,438,1032,430,488,639,73,297,208,6 
323	225,797,249,413,1094,884,28,840,575,501 
324	1076,385,31,1143,868,846,1068,615,786,322 
325	396,785,459,249,279,271,716,199,797,613 
326	712,175,396,329,570,151,613,4,716,115 
327	382,464,11,1009,421,558,221,880,878,589 
328	1090,395,712,747,755,497,958,80,767,575 
329	1076,846,828,1142,286,1012,615,92,1143,173 
330	329,681,425,538,438,151,507,6,955,613 
331	115,575,703,35,277,297,976,98,199,73 
332	519,1063,767,282,878,336,351,181,442,7 
333	786,1076,923,193,606,1106,64,322,854,264 
334	1137,477,976,803,170,1028,856,384,594,365 
335	382,230,10,878,384,60,827,880,263,41 
336	665,594,110,772,396,934,98,442,1079,1094 
337	335,60,598,683,133,250,731,367,82,41 
338	413,110,396,170,4,279,449,549,10,140 
339	258,382,639,974,11,641,226,427,1094,598 
340	98,703,10,884,796,695,359,862,988,522 
341	558,336,538,670,477,79,421,255,459,797 
342	60,335,598,96,944,516,328,731,258,41 
343	648,341,416,1052,335,60,258,269,874,792 
344	197,459,657,421,96,159,1094,140,695,199 
345	1094,35,797,795,332,421,464,856,934,822 
346	1076,64,31,385,854,606,1106,1020,713,1032 
347	731,133,496,367,96,598,944,401,826,652 
348	827,198,430,681,396,449,480,695,716,306 
349	1143,828,1076,885,786,849,834,942,333,1139 
350	1076,39,828,846,786,926,1106,58,5,923 
351	816,1076,640,438,64,31,853,183,208,337 
352	934,430,477,1014,225,316,504,302,481,120 
353	110,438,464,955,1009,795,976,459,297,140 
354	575,384,442,236,897,695,681,703,151,272 
355	10,856,115,938,897,277,253,273,549,1037 
356	322,385,786,828,801,326,923,615,27,1011 
357	385,322,846,39,828,11,1009,868,173,337 
358	481,293,181,1014,549,803,911,28,110,271 
359	884,1014,897,589,875,181,254,575,504,628 
360	1094,293,543,864,765,632,269,1126,351,160 
361	359,34,384,199,35,10,459,11,324,765 
362	958,880,878,351,695,56,324,6,336,420 
363	712,175,1004,507,938,1133,772,396,7,797 
364	648,438,449,712,279,572,440,661,497,6 
365	225,897,875,1014,1094,438,271,425,594,4 
366	258,378,220,438,280,279,191,795,292,416 
367	535,35,695,396,880,282,479,430,481,476 
368	538,384,904,413,10,542,703,716,976,983 
369	277,863,253,79,477,1084,302,972,28,245 
370	516,133,250,367,1041,733,176,800,683,513 
371	414,332,430,969,796,163,575,336,45,549 
372	420,703,302,181,430,67,712,225,497,115 
373	1052,219,970,572,893,778,11,765,641,464 
374	370,726,258,458,464,459,11,328,795,80 
375	1037,309,479,1084,160,538,594,165,6,293 
376	589,976,855,115,497,277,549,273,279,535 
377	767,258,662,464,372,157,159,1094,308,572 
378	713,173,337,31,377,847,458,826,183,926 
379	258,637,11,395,252,816,459,159,795,1134 
380	897,864,4,880,442,1084,220,396,501,199 
381	705,934,796,936,479,267,501,1145,916,897 
382	382,878,395,464,279,420,1014,199,558,11 
383	208,1076,385,27,1106,713,923,786,853,239 
384	27,577,853,750,786,1012,345,615,847,784 
385	902,337,286,786,506,5,92,39,193,826 
386	337,193,39,923,458,31,641,1076,1021,846 
387	258,382,639,662,159,40,48,335,860,1032 
388	10,716,365,649,351,712,934,115,953,280 
389	298,1155,359,151,451,747,765,222,154,558 
390	220,186,1032,637,795,459,199,497,420,875 
391	384,254,1177,1084,413,225,884,703,875,6 
392	1028,638,384,430,413,421,480,1077,254,353 
393	1037,421,797,1177,575,958,613,785,396,6 
394	336,497,302,797,459,45,1177,413,479,953 
395	198,575,880,549,98,277,481,271,316,897 
396	594,955,279,822,862,181,864,170,911,175 
397	351,151,308,170,249,438,628,594,729,320 
398	713,1106,640,218,846,385,828,606,577,801 
399	787,133,392,250,598,733,86,800,605,513 
400	994,613,199,459,497,384,797,11,795,665 
401	31,377,801,828,640,923,385,64,849,868 
402	370,60,96,496,560,183,11,711,258,82 
403	157,662,1094,795,538,822,329,280,155,643 
404	458,11,197,974,208,258,560,80,183,1063 
405	67,277,181,477,594,976,288,115,4,332 
406	328,488,657,60,0,10,159,643,726,11 
407	731,496,96,55,60,82,800,513,591,598 
408	31,337,868,786,286,560,537,153,846,615 
409	1009,641,974,639,231,335,41,795,80,572 
410	1108,512,10,878,558,795,884,72,279,797 
411	538,73,955,822,1028,575,681,277,424,1002 
412	382,1014,157,855,181,681,225,459,628,79 
413	420,575,10,79,703,84,225,1094,884,459 
414	878,282,1108,438,416,1126,41,341,44,855 
415	792,538,79,862,1052,413,712,1079,6,225 
416	170,1084,938,934,958,351,497,822,771,665 
417	416,277,695,970,442,451,98,112,34,280 
418	639,11,810,60,459,1094,657,1037,880,341 
419	159,11,258,282,80,231,816,741,140,702 
420	902,786,92,828,173,189,1041,133,598,923 
421	320,575,430,181,10,170,360,459,855,716 
422	459,302,538,938,425,199,181,170,442,953 
423	560,826,828,5,96,173,1032,786,286,458 
424	359,438,497,538,280,165,73,953,186,282 
425	716,320,1177,875,863,160,293,170,740,1179 
426	855,181,665,594,316,79,703,186,438,538 
427	549,862,955,538,1037,115,140,589,875,897 
428	1037,198,10,594,302,35,271,4,329,953 
429	543,878,382,440,1063,416,648,10,538,680 
430	767,252,157,836,221,860,41,270,572,695 
431	438,911,797,84,1177,413,254,1090,124,110 
432	1108,220,451,1155,878,280,442,309,101,11 
433	613,302,137,336,1037,594,365,84,273,797 
434	1076,385,828,923,193,264,58,458,847,322 
435	263,1084,73,273,365,7,695,501,396,1094 
436	421,10,1028,703,855,222,438,862,1108,332 
437	958,283,232,657,440,512,459,912,299,359 
438	396,73,329,504,1146,170,613,124,28,120 
439	115,539,336,430,396,181,271,796,840,1090 
440	464,1009,268,395,279,657,309,643,531,413 
441	637,639,828,713,923,239,1063,641,668,337 
442	279,332,988,6,575,115,73,396,1094,1037 
443	84,365,110,1028,665,1060,681,255,73,320 
444	335,683,1032,641,183,159,690,787,197,1157 
445	336,862,1126,73,413,1177,953,316,112,695 
446	378,458,1063,258,816,96,159,183,328,853 
447	92,385,173,923,826,868,1141,1142,239,322 
448	438,282,157,795,41,639,862,531,421,199 
449	864,878,884,1084,430,497,416,253,539,308 
450	297,253,481,1085,336,504,1084,1004,665,420 
451	1143,337,31,885,868,385,826,1141,849,173 
452	1014,1028,225,79,681,365,4,949,73,539 
453	481,360,549,430,4,911,570,329,336,421 
454	193,39,846,902,615,31,1143,92,1012,801 
455	1094,535,703,249,199,11,219,111,102,1126 
456	157,643,662,416,438,822,372,1014,48,1108 
457	640,385,828,606,458,923,64,31,337,826 
458	1052,416,41,283,357,1094,138,35,384,341 
459	159,420,282,795,181,1094,230,265,481,639 
460	613,822,504,607,539,855,316,225,1179,115 
461	459,594,384,1084,10,293,958,1108,695,442 
462	970,822,765,147,497,716,740,628,747,1177 
463	11,637,438,443,853,816,199,155,279,96 
464	173,1032,641,458,683,702,11,1021,795,1088 
465	958,648,765,219,970,712,10,320,742,425 
466	628,1094,716,632,785,479,43,359,796,880 
467	421,1177,703,413,628,1037,822,862,66,320 
468	1084,1108,712,1077,785,459,421,355,862,279 
469	170,594,438,575,442,420,273,360,875,477 
470	98,316,79,594,10,712,1037,855,245,396 
471	1037,253,594,225,613,73,297,535,220,280 
472	1084,665,316,796,589,98,803,438,477,772 
473	430,665,198,558,254,288,716,124,1004,421 
474	258,680,157,878,155,643,695,558,72,822 
475	628,45,459,425,271,1037,43,413,497,976 
476	641,639,11,337,954,39,1009,868,1076,335 
477	716,797,249,115,549,271,308,438,45,83 
478	458,27,31,637,385,11,713,58,40,560 
479	938,772,796,459,220,575,168,351,416,855 
480	577,218,1152,1012,1076,847,854,786,1106,713 
481	497,670,254,154,703,716,302,712,425,430 
482	357,80,108,1157,219,282,516,1126,727,101 
483	496,133,731,82,605,800,37,96,513,86 
484	39,1011,5,902,1143,786,1142,849,1012,615 
485	499,438,380,277,216,341,1079,297,7,416 
486	270,258,438,662,35,271,575,695,639,531 
487	73,199,880,535,695,716,112,421,540,4 
488	477,273,293,1090,4,897,28,79,938,308 
489	302,934,538,170,6,911,1094,703,359,413 
490	416,1108,958,862,280,1037,197,80,67,575 
491	828,826,337,1143,251,786,1011,1076,902,506 
492	430,497,481,124,442,558,249,822,459,477 
493	897,336,803,293,249,1016,271,522,797,501 
494	712,181,320,34,716,79,384,796,265,976 
495	84,597,181,1094,1128,797,291,1028,822,272 
496	378,458,443,96,11,270,1032,1009,1157,370 
497	853,923,337,173,220,1076,341,60,506,58 
498	1142,828,337,39,560,173,458,31,885,834 
499	413,372,822,425,459,336,755,729,79,1028 
500	648,512,127,279,1092,1084,249,792,188,785 
501	826,923,828,251,39,193,458,173,183,1143 
502	1126,862,112,10,181,504,797,273,382,282 
503	197,864,1094,10,45,878,245,271,681,862 
504	496,60,82,605,731,458,826,208,488,378 
505	53,1063,41,934,0,731,862,531,359,197 
506	413,271,421,165,827,135,430,558,880,539 
507	681,293,477,360,438,110,274,628,716,320 
508	479,302,277,220,442,181,293,297,279,712 
509	73,897,308,421,253,884,716,220,497,329 
510	170,430,297,35,115,594,230,10,695,4 
511	271,430,840,413,729,438,539,320,477,84 
512	558,1108,112,512,115,771,98,795,230,271 
513	438,79,1094,703,575,712,277,864,681,897 
514	400,98,613,4,822,897,277,1004,308,28 
515	560,385,1076,1142,828,31,5,458,942,868 
516	382,416,159,395,765,643,336,140,309,1157 
517	442,413,862,115,437,665,535,425,497,265 
518	382,10,230,282,657,1063,11,862,197,112 
519	208,826,342,337,923,828,652,834,974,711 
520	712,232,10,1179,391,191,459,703,308,297 
521	747,797,4,413,1126,21,10,288,575,880 
522	7,384,197,263,934,225,712,396,539,1084 
523	826,488,359,543,657,11,413,0,641,337 
524	488,1063,41,878,1155,1108,60,328,55,792 
525	320,938,594,703,549,558,351,880,272,198 
526	385,458,639,816,641,11,282,40,640,1094 
527	231,11,459,662,421,336,10,249,860,497 
528	958,792,332,459,512,341,163,822,797,279 
529	11,639,258,282,270,1009,464,385,173,218 
530	302,1037,45,875,308,336,639,497,67,797 
531	384,716,594,538,430,314,351,795,242,198 
532	1126,1084,199,302,459,279,288,477,712,884 
533	1032,458,531,1094,197,279,5,328,438,249 
534	272,175,712,507,481,274,785,570,796,110 
535	115,329,772,481,897,607,1028,396,175,272 
536	641,458,258,560,637,878,11,980,1032,680 
537	1032,816,40,639,637,0,328,795,258,279 
538	384,396,1037,293,507,878,681,589,442,1108 
539	497,4,430,83,1014,316,796,994,79,558 
540	34,765,420,538,1037,297,112,1126,747,127 
541	695,73,384,897,365,1028,538,35,115,273 
542	641,183,173,458,826,39,639,5,1021,980 
543	1032,458,828,385,55,96,923,786,40,902 
544	231,1009,282,643,878,538,277,711,10,589 
545	712,613,976,575,10,796,681,280,1126,425 
546	613,302,539,10,279,1094,308,703,115,297 
547	1084,840,421,797,703,10,479,875,1177,425 
548	197,11,0,641,328,543,560,974,795,637 
549	1094,282,827,795,449,181,416,665,479,137 
550	137,258,438,1126,657,118,186,279,21,862 
551	249,7,302,236,884,953,1177,430,1045,225 
552	641,270,657,923,974,713,853,231,1021,438 
553	712,35,725,332,430,79,160,880,421,384 
554	628,115,79,421,797,481,491,897,396,271 
555	10,73,772,589,351,293,934,170,1084,272 
556	772,438,320,271,1014,481,35,716,897,365 
557	787,516,458,385,560,834,189,974,731,96 
558	575,1028,277,73,884,1108,864,365,271,253 
559	1094,254,359,318,45,1166,119,538,864,420 
560	795,741,974,231,282,688,702,157,727,438 
561	193,153,286,1143,839,849,31,333,54,1142 
562	438,271,4,459,308,665,272,45,1094,716 
563	385,39,193,1142,902,606,418,849,322,923 
564	628,501,812,772,1028,272,230,481,1004,1177 
565	73,170,880,362,681,272,1004,225,822,425 
566	662,140,680,1009,372,822,862,955,155,80 
567	157,382,639,140,48,1032,1009,702,40,680 
568	110,594,425,7,481,670,249,491,45,151 
569	637,282,713,11,40,270,1076,846,279,638 
570	249,665,421,716,7,115,703,558,320,522 
571	197,847,173,637,923,231,795,1066,459,328 
572	795,427,10,365,958,40,974,420,11,96 
573	703,875,297,279,953,416,293,716,459,181 
574	1145,271,796,280,1084,140,224,421,1177,916 
575	589,420,1094,1032,11,488,79,797,254,124 
576	1076,1032,11,183,637,828,1106,64,197,926 
577	253,254,897,911,249,255,421,938,420,396 
578	902,506,385,1076,418,31,153,923,1143,640 
579	382,662,637,335,878,855,575,778,449,1126 
580	98,265,628,575,396,1108,884,797,413,151 
581	923,173,39,385,1152,458,1141,31,1021,902 
582	958,1108,10,459,279,35,11,442,953,140 
583	395,382,767,328,11,795,1094,10,155,695 
584	385,264,1076,218,31,1032,641,505,58,1068 
585	280,421,938,884,302,413,10,796,30,716 
586	413,28,1014,425,147,480,716,396,4,336 
587	279,297,712,665,796,1094,875,539,10,703 
588	1055,337,923,183,828,5,173,385,786,885 
589	731,598,250,133,690,189,392,401,96,496 
590	40,795,282,427,231,459,421,258,1032,953 
591	60,96,438,270,589,459,639,449,637,1028 
592	73,1084,297,115,681,972,686,1037,430,186 
593	382,157,11,220,137,862,637,479,265,662 
594	1076,606,841,31,868,902,64,1011,54,640 
595	73,594,491,10,549,442,420,855,438,115 
596	976,712,73,880,297,535,1126,1062,170,1177 
597	297,35,538,1128,1004,170,953,938,695,220 
598	35,280,10,359,4,273,949,1037,864,6 
599	1037,115,384,249,481,459,1028,35,1060,768 
600	115,1126,862,875,712,796,938,73,1177,293 
601	816,385,641,639,1063,560,197,218,193,537 
602	225,880,538,897,1028,575,875,115,421,277 
603	797,273,293,477,308,84,703,425,613,277 
604	1028,44,695,1016,355,415,1179,958,681,277 
605	597,273,7,198,199,293,271,425,181,291 
606	382,662,336,695,140,558,955,416,855,220 
607	496,208,652,826,458,173,923,917,560,5 
608	828,286,1076,1142,902,606,786,854,923,560 
609	416,712,351,413,10,840,438,459,649,765 
610	712,459,160,938,35,79,280,695,479,170 
611	173,335,690,1066,980,853,27,926,458,786 
612	680,282,558,822,538,836,10,198,716,976 
613	220,151,897,747,628,73,613,681,575,539 
614	1052,41,648,1094,382,657,127,269,765,912 
615	810,639,337,816,637,11,828,641,826,1152 
616	1011,898,264,846,385,1142,1068,286,54,801 
617	880,1108,575,265,10,170,34,249,288,1177 
618	11,258,282,270,159,335,683,1027,980,309 
619	464,157,767,11,282,1009,108,208,395,458 
620	421,249,293,230,181,353,302,632,1077,351 
621	329,716,181,254,425,4,897,504,79,151 
622	828,286,606,902,39,1076,31,1143,1139,1141 
623	479,613,438,703,712,862,10,997,7,45 
624	665,396,73,589,693,10,124,558,504,772 
625	1094,1037,271,862,365,198,449,170,181,442 
626	522,396,994,862,273,421,73,934,254,459 
627	280,277,34,127,115,875,941,716,293,535 
628	273,110,712,716,124,279,351,277,911,225 
629	747,880,712,703,480,225,52,413,856,421 
630	96,458,382,816,197,258,637,385,516,1032 
631	839,902,828,985,1057,1143,39,606,784,337 
632	560,458,239,39,1142,828,668,942,193,173 
633	594,170,1108,712,864,665,1177,716,1126,481 
634	421,225,170,199,997,712,84,124,253,115 
635	384,589,79,1084,73,911,277,953,242,84 
636	79,175,955,613,822,1028,504,83,716,848 
637	673,853,640,1032,506,31,641,868,193,1011 
638	703,864,1084,716,112,115,430,658,175,797 
639	1028,538,272,681,477,360,384,4,277,425 
640	183,5,923,60,337,92,1151,496,262,926 
641	795,197,140,421,641,538,40,230,308,317 
642	695,170,880,1004,848,1145,336,855,1084,911 
643	974,980,220,60,1094,335,35,1104,827,427 
644	828,282,816,80,280,637,695,395,258,370 
645	606,828,183,853,27,902,328,641,173,826 
646	39,286,92,516,598,1032,1141,173,1142,153 
647	60,683,702,173,270,639,795,335,458,713 
648	839,1068,898,333,834,1057,902,92,828,385 
649	442,575,531,413,1177,1094,336,112,1084,396 
650	60,688,516,496,82,335,720,41,702,367 
651	878,880,643,247,359,745,740,339,395,747 
652	274,396,442,693,430,413,273,497,955,803 
653	173,96,1032,11,795,641,980,598,926,750 
654	96,60,1063,878,488,197,382,258,0,516 
655	5,264,1178,193,385,846,1020,1106,54,926 
656	264,846,31,1051,27,615,1106,847,637,377 
657	297,293,884,1028,230,236,934,477,497,628 
658	795,34,695,1037,543,512,413,181,442,67 
659	336,7,880,712,10,549,253,665,280,413 
660	875,613,242,481,351,73,45,703,365,549 
661	864,558,430,827,1094,396,349,538,360,1004 
662	1076,868,39,828,64,193,786,606,337,322 
663	226,1063,767,641,657,268,826,40,0,449 
664	36,791,489,757,324,904,35,920,440,335 
665	776,1012,31,898,1011,640,902,39,64,839 
666	665,170,840,855,416,115,716,160,703,4 
667	538,589,613,911,362,297,10,481,501,84 
668	1076,385,264,902,1011,337,923,786,826,1142 
669	1143,64,385,849,377,713,885,5,801,776 
670	5,1032,337,826,378,385,173,560,1066,885 
671	337,606,923,786,826,173,39,183,1032,385 
672	934,413,681,316,396,504,1077,28,336,254 
673	875,277,864,797,796,329,1145,220,332,947 
674	10,797,695,504,970,477,512,1079,442,112 
675	1055,923,251,885,1032,786,183,385,1066,92 
676	1108,98,765,416,384,512,479,507,182,538 
677	382,702,11,173,157,464,637,159,657,183 
678	351,115,716,497,1028,681,955,848,613,175 
679	10,147,384,558,253,197,755,716,7,341 
680	351,442,279,28,6,1108,280,336,955,483 
681	220,395,197,279,637,648,258,974,464,359 
682	543,359,1155,558,575,10,497,765,332,712 
683	1177,695,308,10,575,880,549,1037,7,293 
684	173,264,828,385,923,846,31,786,606,193 
685	1141,1057,734,786,629,496,1116,92,560,598 
686	1094,21,438,191,862,703,1167,302,1004,504 
687	421,6,316,958,425,293,151,10,479,413 
688	1037,768,336,35,249,231,11,265,159,1126 
689	249,420,497,681,594,329,72,198,477,958 
690	459,695,862,137,277,302,391,413,997,7 
691	1052,127,440,1126,188,279,136,438,1014,372 
692	73,181,384,199,297,796,589,628,35,280 
693	683,954,641,173,516,60,1032,458,250,1088 
694	420,589,862,953,442,273,115,665,797,1037 
695	271,293,73,220,4,253,453,280,497,695 
696	497,575,10,477,273,1108,740,181,416,6 
697	1028,822,265,279,589,225,249,703,693,273 
698	695,420,862,421,628,297,1094,115,658,594 
699	1079,1094,73,1155,703,336,958,271,249,607 
700	558,249,416,716,1094,875,1010,115,10,112 
701	713,828,1076,640,606,40,923,377,1020,926 
702	421,695,341,427,66,365,822,382,332,430 
703	727,795,683,60,488,974,954,464,1027,641 
704	1062,170,818,797,477,115,497,875,949,549 
705	1094,464,856,516,1037,792,878,795,855,249 
706	839,385,286,1076,39,849,606,885,1057,640 
707	1041,731,133,55,250,598,176,96,173,403 
708	731,96,516,55,173,262,458,189,944,1032 
709	385,1076,1011,849,54,153,322,902,337,868 
710	549,464,258,875,479,186,1037,1108,575,894 
711	703,73,575,1014,430,10,934,938,421,716 
712	60,683,96,335,598,250,458,690,1032,733 
713	336,911,712,438,271,249,102,308,670,320 
714	4,613,855,225,438,594,320,703,1084,875 
715	336,135,308,880,442,628,372,44,712,1037 
716	10,875,336,459,862,1037,1177,67,953,558 
717	360,855,320,477,911,254,712,272,175,10 
718	6,459,360,384,695,703,716,953,772,796 
719	496,787,133,516,82,250,731,733,944,96 
720	250,133,516,367,787,392,690,496,86,82 
721	970,1108,1052,878,324,440,1094,912,230,309 
722	231,860,1009,159,662,336,155,657,10,974 
723	239,54,1076,264,1142,902,173,849,64,668 
724	367,55,516,731,96,683,944,598,401,183 
725	157,279,395,1009,6,45,220,252,637,280 
726	1084,181,384,30,302,716,413,170,477,308 
727	868,828,193,39,385,1143,902,506,153,839 
728	254,862,477,772,855,360,589,430,1084,170 
729	716,336,351,994,115,124,1094,884,73,938 
730	258,1009,378,680,1063,449,60,87,683,954 
731	258,140,425,4,607,277,297,716,351,855 
732	35,438,236,1037,265,864,695,916,416,242 
733	767,157,662,558,1126,220,199,822,140,976 
734	193,828,1106,385,868,826,606,218,5,923 
735	1021,328,173,183,458,60,731,560,641,0 
736	279,6,400,336,140,249,67,572,864,188 
737	10,558,797,862,613,538,438,102,354,425 
738	560,337,39,1141,626,734,942,385,5,854 
739	949,384,84,274,976,124,421,349,119,848 
740	464,641,282,157,395,795,459,1104,643,108 
741	589,607,796,594,570,205,1133,661,1028,293 
742	613,1094,481,459,1004,263,1090,796,420,425 
743	1177,716,538,277,875,785,840,1037,336,302 
744	360,538,594,302,100,459,953,507,796,1077 
745	558,421,140,124,862,803,279,665,579,73 
746	271,181,589,594,438,1090,897,665,481,425 
747	385,1076,828,1106,27,641,197,39,640,1009 
748	795,302,297,198,459,242,288,317,66,181 
749	480,10,613,880,277,864,501,360,265,884 
750	1076,385,322,64,868,1106,153,854,1011,885 
751	1188,332,1084,438,351,84,249,504,421,272 
752	496,385,286,923,1142,800,82,173,418,193 
753	1032,606,1076,64,27,640,458,853,713,868 
754	308,840,740,6,265,716,650,396,695,413 
755	288,35,459,703,413,271,1084,384,280,332 
756	912,440,67,34,270,1037,958,512,336,499 
757	1076,31,854,868,1106,926,786,385,942,621 
758	878,10,367,60,958,767,170,1014,359,230 
759	359,878,416,543,695,740,712,309,1084,1126 
760	336,10,1037,976,45,497,6,938,535,884 
761	384,297,274,822,1133,491,40,362,827,365 
762	1153,1028,657,329,827,1166,60,131,280,840 
763	594,803,549,855,430,538,265,84,628,98 
764	4,1084,351,442,703,7,938,716,840,199 
765	39,286,839,846,868,606,826,31,902,1141 
766	133,731,598,787,250,392,690,1034,605,176 
767	123,828,606,902,1011,626,15,885,337,1168 
768	183,923,5,173,828,641,239,337,713,847 
769	695,249,297,329,976,112,681,1177,155,1126 
770	159,197,657,282,767,11,1063,220,958,40 
771	282,10,11,280,459,657,336,767,395,442 
772	396,421,175,7,803,670,972,110,273,938 
773	11,464,41,258,795,767,250,695,1063,48 
774	258,11,836,1009,558,637,199,639,137,80 
775	501,425,589,695,293,911,934,271,124,242 
776	958,765,269,79,324,558,220,219,73,693 
777	938,413,459,10,199,379,160,884,479,430 
778	337,39,1143,385,902,868,621,5,923,826 
779	1076,385,839,1142,1011,985,322,606,868,1143 
780	79,477,10,558,955,274,538,253,271,481 
781	420,67,10,875,1126,497,712,302,293,288 
782	31,868,846,985,64,560,621,264,326,239 
783	1143,337,902,333,239,868,640,849,1011,506 
784	272,911,549,716,161,972,10,803,225,712 
785	115,880,1094,329,79,911,716,994,293,360 
786	336,297,274,421,7,459,972,897,507,442 
787	826,183,923,828,92,926,385,262,39,458 
788	791,299,376,188,708,1155,1172,946,528,572 
789	538,302,384,10,365,349,1028,220,880,558 
790	880,549,1122,772,6,170,504,938,416,503 
791	282,1009,11,382,695,538,974,637,575,328 
792	115,4,420,277,236,716,430,198,840,796 
793	271,420,712,225,360,459,396,703,681,320 
794	594,507,681,175,958,384,320,438,380,878 
795	538,420,1126,11,231,1037,7,657,157,112 
796	1057,1141,506,885,606,784,422,640,839,31 
797	451,864,1037,747,955,382,880,357,639,154 
798	868,828,31,337,326,1143,64,849,606,239 
799	1076,385,640,868,846,264,239,39,849,333 
800	1076,1106,846,193,786,828,923,5,92,606 
801	628,538,1028,1094,558,181,880,220,151,477 
802	438,538,11,297,875,575,416,1126,19,497 
803	1032,841,123,5,853,458,1030,27,626,786 
804	628,864,538,575,712,316,501,1037,45,840 
805	271,897,613,115,332,254,198,253,1037,4 
806	458,974,713,1032,173,328,208,795,427,58 
807	157,680,1009,726,860,974,955,220,665,878 
808	258,680,643,836,65,860,270,532,279,872 
809	902,923,5,786,385,828,569,640,286,96 
810	1108,6,236,421,479,396,438,840,175,1028 
811	826,5,923,458,569,208,828,786,641,96 
812	420,380,880,497,716,320,549,308,131,558 
813	11,258,40,60,847,1009,1021,382,826,10 
814	884,249,538,575,803,539,822,360,430,170 
815	274,575,703,175,277,198,230,320,396,1177 
816	11,157,1157,335,641,974,637,458,159,282 
817	442,420,7,797,329,681,10,271,594,481 
818	258,795,657,270,538,637,395,639,741,263 
819	231,41,1009,270,860,336,449,87,643,10 
820	955,1084,271,151,539,716,897,372,797,131 
821	335,641,516,639,427,980,40,458,690,1151 
822	96,1066,637,157,1157,1032,795,690,258,695 
823	425,538,131,355,497,336,1126,384,128,198 
824	828,39,193,640,31,885,974,218,839,577 
825	337,385,902,1076,1143,31,885,264,923,846 
826	367,516,60,133,944,82,800,688,401,86 
827	154,421,1177,501,1126,822,1094,282,316,297 
828	11,40,270,279,10,1104,449,862,199,221 
829	430,249,476,994,488,558,661,1063,924,332 
830	258,464,282,220,155,657,336,309,641,1094 
831	795,382,974,954,427,282,860,270,688,10 
832	1076,5,868,64,1032,786,853,1143,193,80 
833	828,902,506,385,337,1011,1143,5,846,786 
834	912,740,140,792,279,351,477,1126,127,35 
835	157,231,395,1104,336,787,197,45,639,974 
836	458,208,96,826,923,82,337,641,173,917 
837	173,826,458,5,60,560,328,641,926,853 
838	41,958,1094,282,657,512,258,464,332,268 
839	828,776,885,506,1139,286,1076,640,385,849 
840	575,1108,277,958,45,118,716,862,382,535 
841	594,28,504,1090,747,589,271,822,772,303 
842	123,828,15,902,5,885,418,640,385,1141 
843	875,277,115,613,703,336,716,170,451,332 
844	538,716,273,115,277,199,796,220,438,1014 
845	1094,165,1166,10,66,1009,438,60,681,263 
846	680,372,230,637,1094,87,860,48,795,249 
847	4,293,479,477,938,273,277,703,880,1126 
848	575,112,535,271,231,1014,115,10,665,98 
849	481,302,273,110,897,297,442,613,254,716 
850	382,1009,11,282,695,860,589,80,336,413 
851	481,1014,293,558,175,538,272,994,10,897 
852	1155,1108,740,440,864,543,1063,154,127,219 
853	242,911,273,249,955,797,205,291,507,272 
854	826,828,385,1143,641,31,286,1076,1011,173 
855	333,1143,885,1012,839,640,31,849,776,286 
856	264,816,208,197,1076,639,1032,270,923,1106 
857	567,324,127,235,964,269,561,219,648,538 
858	249,329,479,497,199,45,442,320,1084,271 
859	577,885,640,385,1057,1012,898,27,64,868 
860	878,767,464,268,575,822,277,955,421,970 
861	1076,868,828,385,816,239,264,606,58,641 
862	772,481,504,934,613,297,611,425,712,716 
863	1068,385,885,846,1076,640,868,239,286,27 
864	170,384,73,796,938,855,880,459,1028,349 
865	828,39,385,1032,5,506,626,1011,1076,608 
866	198,613,848,329,976,695,1037,297,84,481 
867	560,516,726,974,250,92,258,96,189,834 
868	670,230,396,302,976,768,1028,115,308,35 
869	1011,902,39,31,1143,606,418,786,385,615 
870	1092,430,497,575,1145,224,695,413,459,549 
871	795,543,974,657,427,946,250,465,489,36 
872	459,670,1004,797,220,613,1028,822,110,938 
873	92,923,39,239,828,1076,826,668,537,641 
874	1032,60,5,197,795,270,317,40,173,10 
875	413,421,661,309,270,329,856,384,686,449 
876	1071,577,385,218,39,345,615,661,54,1068 
877	1021,173,60,923,458,926,337,193,847,385 
878	67,594,1094,1177,1108,840,797,897,170,38 
879	336,165,1094,442,279,768,632,1126,884,280 
880	902,606,337,286,385,569,418,885,826,264 
881	231,230,662,1126,252,221,41,862,637,10 
882	639,11,637,641,231,183,1009,923,10,208 
883	613,884,438,384,855,273,329,703,421,880 
884	156,298,522,796,778,785,497,351,277,10 
885	183,60,328,458,96,1032,0,173,683,250 
886	430,613,421,438,413,958,265,884,665,365 
887	225,413,1014,703,884,695,855,477,4,272 
888	427,878,60,816,639,66,572,170,359,10 
889	430,575,716,539,442,360,396,84,797,265 
890	786,846,1071,218,64,1011,615,885,264,58 
891	575,613,459,4,897,637,795,282,420,558 
892	258,382,231,464,40,1009,159,140,688,335 
893	638,359,45,413,613,1062,225,165,254,594 
894	1076,828,39,385,64,846,606,902,239,327 
895	1143,1068,828,264,885,337,385,849,333,734 
896	504,822,628,862,293,772,4,316,254,797 
897	613,695,181,265,140,302,797,186,953,535 
898	1094,11,270,637,155,60,218,27,1157,193 
899	712,442,297,589,1004,372,1037,271,797,1094 
900	385,1076,458,1106,868,713,239,337,1021,40 
901	60,183,496,458,1104,208,82,197,11,923 
902	1094,420,1028,271,459,1084,628,198,670,430 
903	828,902,286,193,418,923,506,153,1141,839 
904	558,822,4,329,425,413,716,1108,420,22 
905	10,186,657,270,35,21,11,382,45,488 
906	10,594,396,84,538,170,336,1028,302,695 
907	976,28,10,220,416,332,504,916,151,747 
908	189,516,250,787,133,86,731,683,733,60 
909	92,1142,31,1076,385,1143,786,1055,846,942 
910	594,293,549,1094,856,425,297,22,497,725 
911	40,934,1063,35,670,427,11,10,827,383 
912	258,662,795,695,643,628,648,6,822,34 
913	589,160,497,413,273,115,316,38,396,320 
914	864,10,396,438,258,165,1126,1108,420,11 
915	420,175,277,271,796,254,589,575,855,716 
916	1108,716,1028,1079,380,442,681,878,497,792 
917	1028,613,384,280,976,575,66,302,479,994 
918	459,670,297,115,236,938,549,497,504,271 
919	231,11,662,955,836,459,181,1063,795,80 
920	880,293,220,1179,413,755,1108,10,442,504 
921	258,438,421,268,11,336,1108,1177,862,1037 
922	884,293,413,236,796,1084,302,938,538,549 
923	1068,1143,385,39,828,193,849,1106,218,713 
924	771,712,648,976,1035,384,316,160,425,336 
925	263,10,7,60,157,382,695,974,249,396 
926	384,862,822,716,729,681,504,855,413,897 
927	810,795,648,220,258,1037,440,359,44,740 
928	795,332,140,613,421,459,1108,878,497,641 
929	337,1116,39,31,173,1057,786,385,153,1076 
930	271,231,329,198,1094,258,572,477,1028,795 
931	133,516,944,787,731,250,392,82,96,800 
932	670,421,1094,628,297,716,115,497,477,479 
933	1094,1119,72,277,384,712,1028,382,1014,6 
934	810,173,183,598,1041,639,560,250,496,826 
935	133,496,731,82,516,944,96,967,367,189 
936	320,10,558,840,170,497,703,282,765,181 
937	288,497,273,160,1037,716,628,459,115,848 
938	538,10,272,297,716,170,938,712,45,1028 
939	862,181,897,437,507,1028,477,360,1094,803 
940	1076,58,1106,926,264,1071,1051,615,64,54 
941	477,293,421,79,249,681,271,797,45,628 
942	1032,60,0,458,5,1063,641,40,826,853 
943	31,40,713,11,218,385,458,1152,258,847 
944	282,416,395,767,637,277,199,374,875,45 
945	258,231,878,1094,572,1079,575,538,648,279 
946	80,231,157,395,155,688,575,279,10,516 
947	575,216,220,49,280,425,613,302,73,589 
948	1108,934,430,273,938,38,716,28,277,181 
949	385,31,1076,27,868,39,92,1143,1068,560 
950	385,64,713,868,786,1106,193,58,577,853 
951	53,1063,41,0,250,133,335,488,449,359 
952	695,98,160,796,421,170,1084,45,855,265 
953	351,282,230,277,382,797,270,391,191,271 
954	854,493,1143,1076,847,876,64,849,328,713 
955	173,816,96,641,385,786,1063,683,980,828 
956	703,265,438,271,316,253,308,716,277,681 
957	302,10,661,497,230,181,716,503,607,972 
958	549,336,293,253,665,442,880,430,994,840 
959	1094,875,413,254,10,953,73,512,355,181 
960	1076,828,264,64,385,786,5,849,621,1012 
961	451,507,336,785,747,1108,539,254,10,795 
962	11,665,695,265,716,712,442,199,395,416 
963	421,1094,10,384,695,497,413,336,862,864 
964	637,438,683,1009,980,60,159,862,395,688 
965	1108,765,359,219,232,1126,1037,282,384,140 
966	1094,1032,420,657,1088,416,572,1126,79,45 
967	360,665,249,273,297,73,320,549,293,447 
968	496,82,60,96,37,800,378,208,731,1032 
969	365,425,575,1004,10,272,665,477,308,1084 
970	459,384,613,856,880,308,265,329,45,297 
971	958,864,440,912,970,964,336,10,316,380 
972	264,5,385,560,58,1076,286,1068,885,326 
973	501,665,539,272,79,73,481,421,716,703 
974	11,826,458,974,80,1032,286,60,183,464 
975	173,828,458,39,974,834,337,1020,641,1076 
976	264,1106,868,846,828,713,615,849,377,854 
977	34,862,359,792,115,1014,324,558,170,269 
978	938,497,332,6,740,549,320,1108,880,797 
979	958,225,1108,934,459,220,320,1094,575,231 
980	263,934,115,420,501,848,365,320,438,558 
981	1076,264,31,640,537,849,801,786,239,847 
982	1108,336,265,279,188,512,277,127,648,543 
983	954,80,335,980,970,221,680,1157,795,816 
984	253,1094,632,254,245,1047,282,662,822,41 
985	382,335,230,822,221,955,297,1094,416,575 
986	73,459,855,430,797,670,778,772,329,332 
987	705,862,271,507,253,607,916,976,353,220 
988	7,911,703,220,160,351,716,1094,425,320 
989	249,198,712,1045,438,994,254,1126,703,317 
990	320,558,1084,396,501,351,271,160,575,421 
991	385,218,1106,193,264,5,322,1012,885,1051 
992	902,1143,337,39,385,1106,506,849,1139,1011 
993	522,384,955,594,1159,254,855,421,396,316 
994	135,795,1037,332,875,365,119,1166,318,476 
995	459,628,958,413,220,938,341,934,308,35 
996	778,329,797,170,73,856,198,703,249,332 
997	519,1063,488,40,695,816,0,230,680,427 
998	157,680,795,80,40,48,1094,459,41,980 
999	1094,277,351,438,740,938,35,897,382,258 
1000	934,253,79,501,254,384,279,396,124,1028 
1001	351,628,1004,897,421,712,864,549,73,855 
1002	4,308,589,665,421,396,271,320,98,796 
1003	712,507,549,570,124,73,225,7,491,330 
1004	273,297,430,613,911,79,302,1084,216,279 
1005	1084,840,421,897,10,254,320,855,332,716 
1006	254,181,10,73,862,522,840,396,199,45 
1007	643,282,662,1108,958,765,572,41,1177,10 
1008	598,944,250,516,733,189,335,173,60,1032 
1009	27,853,828,31,1143,458,885,506,193,668 
1010	703,10,186,976,712,479,897,420,6,778 
1011	885,264,385,1012,846,615,1076,251,849,854 
1012	878,359,628,1145,163,298,884,1062,519,309 
1013	220,1094,657,741,1037,157,108,137,60,974 
1014	392,787,733,1034,683,189,944,1088,367,980 
1015	273,249,438,613,170,549,796,124,480,98 
1016	712,477,1126,420,875,35,265,112,840,308 
1017	378,96,1032,183,1063,258,0,488,853,800 
1018	60,641,183,96,427,488,335,41,688,443 
1019	280,884,459,856,477,188,282,199,45,497 
1020	725,115,430,271,955,818,124,481,4,949 
1021	181,501,1084,115,459,953,293,589,4,67 
1022	459,712,140,110,279,124,497,476,73,271 
1023	60,96,82,800,183,496,826,786,5,208 
1024	73,308,198,848,124,549,628,320,504,911 
1025	934,772,803,862,274,115,538,681,911,570 
1026	1052,324,219,438,765,1126,538,35,299,648 
1027	958,864,1155,1052,10,792,695,538,878,11 
1028	320,934,1077,254,628,7,589,862,1133,1177 
1029	1155,878,958,538,1014,657,269,740,598,420 
1030	902,786,53,337,385,1076,868,193,506,1106 
1031	681,297,1094,712,1108,421,10,73,1126,181 
1032	1028,803,421,491,938,1094,539,1146,897,293 
1033	11,258,974,197,637,1009,382,208,270,1157 
1034	657,427,795,60,1063,282,688,328,183,878 
1035	204,1094,1062,840,242,768,1126,732,934,1077 
1036	1126,459,497,572,531,309,137,197,67,703 
1037	10,249,1028,242,657,613,589,359,67,497 
1038	507,479,288,1028,274,459,442,297,716,538 
1039	598,250,516,133,189,944,55,60,496,1032 
1040	425,840,145,83,658,613,522,976,10,202 
1041	846,828,868,385,286,1012,337,581,902,985 
1042	53,6,52,336,670,880,897,479,309,488 
1043	1041,173,286,385,923,826,193,183,1152,239 
1044	849,264,828,902,286,1011,193,606,615,1068 
1045	442,1010,1084,953,115,265,277,10,712,479 
1046	382,464,438,680,280,40,221,265,19,10 
1047	155,464,230,662,416,442,680,186,270,10 
1048	175,293,665,84,480,955,716,365,570,421 
1049	443,641,270,974,60,639,1009,197,385,1076 
1050	413,416,79,613,504,225,856,254,549,477 
1051	396,558,481,822,384,175,73,665,862,491 
1052	880,648,384,604,558,1035,695,181,712,740 
1053	970,531,282,258,657,357,34,643,231,147 
1054	1104,531,258,10,479,681,437,638,329,384 
1055	420,1108,771,628,271,747,1094,630,421,391 
1056	846,786,868,385,337,640,173,1143,668,1142 
1057	39,537,846,560,218,322,1142,926,5,64 
1058	183,458,0,639,641,208,173,853,40,637 
1059	481,372,449,271,430,329,716,570,293,124 
1060	1108,765,970,41,341,147,874,545,771,277 
1061	816,1063,641,159,438,140,657,795,449,828 
1062	186,79,351,302,10,840,199,420,45,949 
1063	537,1076,385,668,264,849,640,1068,1142,846 
1064	589,293,220,911,98,681,575,115,151,160 
1065	792,4,359,225,864,796,863,120,280,972 
1066	1063,488,53,519,40,181,159,282,6,639 
1067	1146,225,170,1085,253,115,477,481,291,7 
1068	862,112,703,73,10,549,884,316,151,1126 
1069	421,115,271,365,716,225,712,665,272,575 
1070	35,1037,954,974,271,332,318,703,488,170 
1071	382,816,282,1009,159,7,197,438,335,862 
1072	680,438,662,538,197,955,268,292,459,40 
1073	384,184,725,151,272,955,453,1133,779,274 
1074	332,236,336,670,181,935,665,822,413,613 
1075	11,34,880,219,840,613,421,795,1126,293 
1076	923,385,5,173,1076,560,926,1106,337,826 
1077	713,31,1143,1068,1057,1012,846,828,39,377 
1078	385,39,868,193,640,64,337,264,1143,326 
1079	1094,1126,875,538,970,1035,442,34,1179,28 
1080	531,249,253,778,254,1108,1037,265,225,245 
1081	503,160,613,938,413,199,897,115,336,120 
1082	1076,31,193,337,641,173,1152,385,828,926 
1083	458,197,208,1032,183,11,923,40,637,193 
1084	1076,39,828,64,846,1143,1106,849,337,560 
1085	1116,92,104,942,635,683,516,1141,1057,37 
1086	333,776,1068,1143,1057,734,849,846,31,1012 
1087	258,270,197,282,974,80,35,87,572,459 
1088	135,413,280,41,703,205,827,924,438,66 
1089	31,786,458,64,183,846,173,193,27,1142 
1090	11,258,1076,1009,713,641,589,828,695,868 
1091	258,767,810,816,641,1063,662,680,531,0 
1092	703,413,1094,1028,277,112,994,522,365,124 
1093	828,826,640,458,923,1076,173,868,208,31 
1094	242,420,279,245,291,253,479,359,351,140 
1095	589,272,421,480,862,848,797,1146,253,681 
1096	384,45,265,1126,856,1037,1028,1094,351,864 
1097	1076,31,385,286,839,1106,615,786,322,333 
1098	157,258,309,1009,140,449,538,41,181,970 
1099	628,955,98,115,477,151,480,1188,504,110 
1100	208,826,96,183,60,1032,370,5,0,11 
1101	413,45,274,558,706,477,11,160,277,73 
1102	598,690,733,516,683,944,55,1034,496,401 
1103	308,265,875,230,1084,199,67,380,282,245 
1104	641,443,180,974,1061,183,96,367,328,1157 
1105	1179,420,22,955,747,878,79,154,911,115 
1106	11,464,695,280,1126,662,639,112,721,252 
1107	413,430,822,425,124,161,491,175,797,665 
1108	193,31,1076,322,1143,974,286,839,385,942 
1109	231,464,795,258,1126,249,378,1157,458,1094 
1110	60,944,133,82,96,516,496,683,731,726 
1111	31,846,264,64,239,218,58,92,322,326 
1112	816,1063,197,560,846,1076,637,282,1106,286 
1113	385,31,1076,5,264,606,615,60,183,173 
1114	279,382,934,538,271,501,10,464,1126,249 
1115	464,767,974,197,157,40,108,1027,268,48 
1116	1037,115,862,575,186,10,535,279,288,911 
1117	606,1066,828,337,27,1143,640,923,328,641 
1118	382,1009,395,862,249,421,336,271,19,589 
1119	904,1135,517,920,283,235,561,711,529,519 
1120	560,458,92,427,60,96,683,262,978,58 
1121	157,680,159,282,836,268,250,65,955,335 
1122	359,488,1084,1155,159,516,115,416,703,613 
1123	1079,274,613,797,7,430,1037,131,4,72 
1124	849,1020,39,1011,1143,1106,846,606,64,885 
1125	522,880,10,430,384,459,115,413,840,396 
1126	384,1108,712,249,279,497,955,263,242,856 
1127	828,385,39,286,337,854,1141,264,92,826 
1128	367,60,974,189,516,1074,335,267,1061,924 
1129	80,231,270,159,11,878,641,1126,662,48 
