0	233,181,92,478,161,154,102,665,827,63 
1	168,68,385,232,148,746,378,177,42,388 
2	141,52,652,224,359,367,307,621,610,810 
3	17,603,598,963,694,212,787,997,306,245 
4	57,68,171,44,503,560,579,77,746,255 
5	240,270,46,615,199,831,680,511,803,669 
6	270,746,233,262,181,30,478,70,257,59 
7	248,285,302,148,334,146,44,499,56,165 
8	465,765,550,434,157,741,453,207,445,1 
9	490,473,44,311,74,433,765,176,705,579 
10	527,177,10,76,765,28,456,741,340,293 
11	922,60,152,694,212,169,426,252,989,485 
12	831,59,165,854,669,170,680,454,391,511 
13	605,289,931,1001,594,913,722,224,859,554 
14	11,288,270,527,148,374,127,174,74,341 
15	359,851,40,719,29,309,636,156,244,547 
16	145,604,506,261,594,277,83,554,174,765 
17	165,71,67,423,285,73,30,11,89,433 
18	963,694,17,997,603,212,481,787,922,152 
19	97,40,925,636,156,561,359,786,145,68 
20	163,181,270,121,527,499,433,471,177,705 
21	925,561,29,156,359,40,271,158,309,244 
22	71,374,232,42,70,74,165,181,595,433 
23	334,11,111,318,827,557,747,281,734,778 
24	168,121,325,148,165,71,76,378,403,10 
25	225,485,481,963,989,640,252,997,727,426 
26	168,65,73,60,636,26,48,786,656,719 
27	270,374,288,30,165,42,102,44,146,433 
28	168,60,473,103,527,48,656,165,848,5 
29	163,168,334,765,76,471,741,499,256,705 
30	29,765,705,499,271,814,256,141,97,521 
31	165,423,669,803,680,682,199,239,462,831 
32	285,827,163,281,146,778,403,747,669,517 
33	168,97,236,177,29,34,765,521,176,471 
35	181,163,478,781,397,56,499,281,585,312 
36	248,68,74,181,385,465,499,397,177,318 
37	11,71,357,274,757,170,827,831,669,598 
38	57,270,26,288,171,255,76,521,165,433 
39	481,60,689,561,925,636,786,115,40,309 
40	827,245,877,978,306,274,731,437,778,551 
41	168,232,425,30,702,669,831,423,680,199 
42	628,50,47,225,717,693,658,738,269,304 
43	71,158,521,30,41,74,746,240,615,433 
44	711,904,603,306,922,898,910,426,265,754 
45	65,134,70,240,854,557,212,656,481,364 
46	540,547,415,309,430,1001,977,652,610,621 
48	60,115,605,763,314,658,485,799,50,419 
49	378,389,334,374,306,787,859,152,603,826 
50	359,925,220,738,40,605,636,115,244,506 
51	252,693,426,640,169,850,86,488,243,782 
52	232,132,325,70,92,385,257,67,177,669 
53	374,102,165,288,325,285,132,30,257,669 
55	270,181,746,233,42,302,288,240,499,585 
57	270,240,478,102,71,233,42,248,30,70 
58	831,680,615,462,669,511,391,682,199,771 
59	913,207,711,863,758,536,910,922,306,574 
60	717,141,1001,621,415,561,327,985,244,925 
61	746,270,30,423,325,615,433,831,33,462 
62	465,366,734,453,772,827,315,642,258,690 
63	929,826,675,972,971,347,574,787,741,401 
64	842,226,815,981,304,658,372,326,169,96 
65	286,560,236,719,636,40,183,851,44,367 
66	71,288,232,11,70,42,325,248,233,669 
67	97,636,719,851,44,925,40,409,277,359 
69	168,42,74,30,102,41,615,745,433,247 
70	74,71,746,67,150,73,76,288,433,595 
71	163,765,490,465,741,464,499,550,340,471 
72	374,240,30,423,73,325,288,669,831,682 
73	74,285,302,746,248,478,44,76,499,585 
74	831,615,70,454,511,199,680,886,170,357 
75	121,765,76,334,705,499,256,741,257,327 
76	765,506,29,256,554,327,271,594,156,141 
77	286,236,719,367,40,636,925,364,490,805 
78	121,168,11,270,257,383,255,150,10,148 
79	71,374,171,288,73,240,42,854,325,433 
80	74,374,44,478,165,302,71,146,163,499 
81	71,103,101,805,594,579,605,506,604,925 
82	285,240,92,385,325,70,121,282,423,63 
83	425,73,669,831,680,803,199,462,357,615 
84	561,224,359,40,415,851,367,733,540,795 
85	415,309,722,733,594,789,289,430,52,463 
86	693,314,225,656,689,86,17,504,694,603 
87	656,525,212,640,850,17,84,856,90,364 
88	248,746,257,74,165,42,68,282,227,403 
89	207,859,929,913,180,152,741,157,347,554 
90	615,831,511,680,886,199,454,462,803,247 
91	74,163,248,42,746,302,374,67,499,585 
92	40,636,719,367,786,925,364,656,309,869 
93	240,127,827,734,366,778,181,281,258,453 
94	288,827,734,778,877,669,258,747,366,281 
95	60,689,86,212,48,674,438,782,488,799 
96	859,152,929,675,787,207,972,306,741,603 
97	97,389,277,805,491,925,11,359,261,579 
98	656,364,786,869,591,212,615,48,40,191 
99	329,289,931,430,562,594,789,463,1001,307 
100	71,73,11,30,325,423,102,433,232,282 
101	71,165,74,325,423,257,30,181,163,433 
102	29,224,319,220,851,738,40,547,540,309 
103	270,181,44,163,11,71,68,30,57,165 
104	285,746,11,163,71,255,57,30,165,433 
105	693,689,426,60,525,694,169,115,856,84 
106	985,327,256,415,29,434,541,913,156,931 
107	71,285,70,325,232,30,233,67,669,831 
108	434,971,758,306,574,863,711,52,898,356 
109	656,719,636,48,869,50,367,591,40,738 
110	168,11,127,270,378,71,285,491,433,499 
111	30,212,831,357,454,170,199,669,598,17 
112	270,746,181,150,44,68,248,240,282,433 
114	859,972,434,826,926,603,863,169,821,741 
115	485,922,963,640,989,481,504,47,997,357 
116	47,693,674,504,717,905,372,763,850,304 
117	165,42,150,746,146,76,44,102,499,433 
118	669,963,274,757,997,694,17,822,25,748 
119	925,156,359,430,717,738,561,632,871,319 
120	71,68,103,158,77,433,236,325,41,30 
121	481,226,151,628,438,156,693,561,658,782 
122	74,44,746,76,288,30,165,302,158,433 
123	163,44,68,499,765,705,176,146,433,10 
124	207,123,621,180,271,561,141,826,610,574 
125	734,465,453,464,642,772,63,258,369,366 
126	374,42,325,163,11,74,282,30,827,281 
127	746,132,325,318,334,42,827,92,423,281 
128	929,434,271,126,972,574,347,717,621,415 
129	374,288,59,70,67,74,423,181,291,433 
130	71,70,30,59,232,702,11,423,831,669 
131	366,827,734,778,453,465,403,281,258,772 
132	68,160,270,257,28,478,164,827,465,734 
133	506,29,594,156,359,925,224,632,271,554 
134	165,181,423,325,163,746,89,433,499,622 
135	270,70,132,746,262,181,669,281,682,831 
136	74,150,288,746,248,146,68,76,499,67 
137	270,460,465,366,174,10,403,734,55,827 
138	168,59,490,70,325,60,30,5,97,433 
140	181,163,240,59,67,403,281,150,222,483 
141	57,71,30,150,102,257,181,134,302,433 
142	409,615,73,656,364,886,511,424,48,247 
143	270,285,288,257,181,232,325,42,59,146 
144	168,270,71,76,181,248,433,165,174,499 
145	271,925,415,359,506,309,540,733,652,621 
146	719,636,40,851,925,359,786,309,166,364 
147	71,74,473,145,11,325,163,433,121,455 
148	925,717,1001,722,307,610,463,430,836,594 
150	71,270,262,325,288,30,232,433,222,291 
151	490,76,473,73,16,270,34,765,433,705 
152	71,158,270,490,374,746,171,85,433,44 
153	270,42,285,150,248,67,288,59,44,433 
154	163,121,74,181,150,746,374,302,148,10 
155	165,71,325,102,746,373,59,288,433,682 
156	491,765,604,256,29,271,141,741,203,755 
157	693,488,628,534,658,815,90,763,212,869 
158	450,271,415,359,141,594,610,463,309,244 
159	831,170,454,357,669,822,824,843,598,274 
160	232,160,146,74,318,827,524,233,281,747 
161	156,271,40,359,309,141,605,415,450,244 
162	152,929,787,675,207,180,306,123,347,758 
163	921,621,674,693,304,577,610,738,151,224 
164	29,156,594,506,554,224,256,430,450,931 
165	74,285,76,302,165,57,374,441,499,433 
166	359,925,851,103,719,636,40,531,244,29 
167	240,59,92,288,285,42,102,669,95,803 
168	74,285,746,163,67,374,73,595,433,499 
169	207,180,306,859,157,741,758,929,675,465 
170	831,669,357,199,803,680,822,454,170,757 
171	71,76,42,30,181,163,11,433,302,222 
172	11,288,385,325,827,669,163,281,747,778 
173	71,165,257,746,30,374,76,163,433,89 
174	168,527,74,26,765,499,103,433,145,56 
176	374,71,257,181,42,150,165,262,232,433 
177	288,270,168,460,44,305,734,827,465,366 
178	438,481,658,717,372,223,800,981,314,410 
179	71,285,158,57,70,11,73,702,150,165 
180	29,141,561,506,359,547,540,415,814,851 
181	158,139,97,65,30,165,615,270,433,719 
182	168,499,302,76,285,121,165,20,433,705 
183	165,669,683,831,680,462,682,803,88,391 
184	270,30,42,74,425,233,165,257,70,831 
185	831,454,615,170,680,511,199,357,447,846 
186	374,158,30,67,74,46,373,615,181,433 
187	11,148,746,127,181,240,827,386,92,161 
188	248,150,146,148,288,746,478,499,76,585 
189	71,374,285,74,165,73,288,702,222,433 
190	121,805,605,717,276,632,621,44,280,594 
191	270,288,257,325,181,68,121,148,282,262 
192	30,46,59,615,831,67,199,511,454,680 
193	11,163,270,92,207,693,8,859,152,352 
194	44,181,499,76,527,270,378,433,765,705 
195	248,374,385,240,121,132,68,67,282,91 
196	168,74,288,57,11,527,491,433,499,196 
197	318,746,325,11,827,281,71,669,778,747 
198	168,30,102,270,59,423,615,745,433,232 
199	270,746,478,257,150,71,74,11,42,400 
200	168,389,765,276,506,57,29,89,705,325 
201	168,521,44,374,65,74,85,46,442,433 
202	859,787,152,929,603,675,826,913,437,123 
203	865,603,922,675,207,530,926,758,693,727 
204	168,44,181,334,127,160,148,499,71,67 
205	865,675,963,207,306,758,971,694,863,412 
206	415,40,1001,871,977,430,652,562,717,621 
207	288,734,784,465,181,642,366,453,464,827 
208	787,904,401,306,603,991,356,437,821,536 
209	71,374,30,59,74,73,325,158,702,433 
210	60,45,786,605,738,115,656,48,276,50 
211	694,252,997,989,504,945,426,267,96,274 
212	257,285,746,165,478,302,240,148,71,499 
213	669,831,822,357,170,274,757,680,691,589 
214	71,746,288,248,11,285,132,524,433,403 
215	248,232,288,68,71,378,460,202,10,67 
216	270,746,163,150,71,44,68,240,30,121 
217	615,886,511,680,247,199,62,424,218,656 
218	174,491,202,465,305,734,642,741,779,306 
219	615,680,831,199,511,462,33,803,247,62 
220	71,165,325,423,181,30,285,132,433,403 
221	71,158,165,74,97,139,67,615,702,433 
222	506,851,719,156,166,733,594,577,309,636 
223	71,68,270,67,325,288,44,433,374,145 
224	181,478,240,42,146,102,165,288,302,163 
225	270,121,132,240,148,318,55,586,262,827 
226	656,60,48,636,424,364,50,869,738,90 
227	180,216,971,904,758,530,169,863,574,267 
228	270,746,181,11,71,150,68,325,102,433 
229	717,226,800,753,902,410,836,562,802,151 
230	504,17,525,989,252,694,419,997,960,815 
231	60,656,605,48,815,534,577,410,717,372 
232	163,285,150,288,121,490,389,499,595,433 
233	491,765,705,256,499,29,71,327,203,271 
234	669,746,831,680,88,682,462,281,403,803 
235	163,76,68,490,746,165,73,433,595,499 
236	74,165,248,746,67,76,71,499,196,433 
237	121,168,490,174,76,16,765,755,499,741 
238	163,465,765,490,499,546,550,741,705,340 
239	314,504,17,989,689,60,694,426,963,945 
240	257,181,385,74,334,160,68,827,92,281 
241	68,746,44,477,257,378,389,92,161,306 
242	163,181,148,334,746,150,146,67,282,388 
243	170,831,843,598,245,454,17,709,827,500 
244	168,302,150,499,127,44,160,288,89,433 
245	71,67,76,42,746,158,473,433,374,121 
246	60,115,605,220,309,636,786,40,156,719 
247	29,925,271,309,244,547,359,795,733,652 
248	374,74,285,67,73,59,134,478,702,433 
249	71,285,102,232,557,30,73,161,586,181 
250	70,232,557,59,233,669,831,586,357,170 
251	270,374,11,181,240,248,42,165,595,433 
252	765,985,434,256,741,554,340,610,913,207 
253	367,719,40,925,636,851,572,561,579,30 
254	74,746,163,67,42,288,30,176,433,499 
255	859,481,621,675,632,929,152,605,207,60 
256	719,40,367,925,636,851,359,309,134,547 
257	929,123,267,913,904,972,265,347,694,826 
258	656,364,786,367,719,636,40,925,869,309 
259	60,931,156,359,244,984,319,577,925,621 
260	71,288,10,160,270,177,433,524,145,586 
261	174,465,341,734,366,453,91,642,772,827 
262	152,271,554,180,123,126,415,141,561,347 
263	359,156,40,309,851,29,636,561,719,506 
264	134,288,73,42,831,171,615,199,669,680 
265	171,134,288,425,102,41,285,74,257,389 
266	212,693,603,17,997,787,265,748,338,358 
267	220,359,244,506,738,605,561,115,547,753 
268	74,44,76,165,288,67,374,433,282,499 
269	734,366,453,465,827,258,445,315,502,642 
270	734,827,453,306,366,258,772,642,405,877 
271	165,71,270,423,373,746,30,89,433,781 
272	163,374,146,478,302,746,781,499,282,585 
273	859,929,123,207,180,632,787,347,434,382 
275	488,693,656,504,605,226,727,842,966,326 
276	719,244,636,156,224,605,50,40,753,851 
277	11,288,383,177,248,71,527,101,26,826 
278	288,68,71,121,57,746,74,477,150,103 
279	434,180,329,156,415,610,536,693,722,289 
280	71,270,73,44,57,76,257,490,423,433 
281	240,746,831,42,411,113,288,134,170,669 
282	71,374,240,70,102,92,74,282,176,433 
283	71,74,76,42,30,746,158,44,433,473 
285	174,465,366,734,453,270,772,502,642,310 
286	74,67,325,746,285,302,11,56,499,433 
287	921,156,271,931,256,1001,141,430,943,415 
288	121,765,276,10,256,741,554,176,261,97 
289	232,168,827,306,245,734,877,747,274,551 
290	74,285,288,165,44,374,146,222,499,433 
291	168,270,44,74,248,490,76,101,202,433 
292	165,181,71,248,150,746,73,403,56,433 
294	831,615,680,454,511,199,170,669,357,462 
295	248,150,302,148,288,334,746,499,67,585 
296	74,44,374,163,30,76,57,165,196,433 
298	71,74,746,285,67,73,42,76,134,433 
299	71,87,473,165,280,26,719,433,851,636 
300	270,285,746,181,11,71,150,240,42,595 
301	71,270,181,57,44,102,73,42,134,433 
302	800,658,628,722,925,289,226,632,931,600 
303	71,285,30,74,389,44,171,163,70,433 
304	473,713,765,705,29,499,87,506,433,814 
305	121,334,44,257,148,499,388,16,765,101 
306	40,220,244,141,547,367,415,851,506,652 
307	71,389,87,97,30,746,139,176,433,325 
308	491,765,29,256,705,271,554,327,141,499 
309	163,240,262,59,524,160,557,669,257,403 
310	71,374,30,288,73,74,325,222,92,433 
311	288,524,460,734,174,10,465,366,453,827 
312	248,378,527,288,257,74,465,325,383,341 
313	156,925,506,244,271,561,547,224,851,40 
314	168,248,285,288,127,499,121,76,164,196 
315	693,207,922,859,787,338,694,169,997,675 
316	163,765,465,490,499,546,550,741,340,705 
317	71,270,150,288,165,102,42,67,262,433 
318	174,527,465,366,734,146,453,202,772,642 
319	605,438,753,40,304,836,463,244,562,628 
320	270,374,746,150,165,42,240,325,73,373 
321	385,68,232,168,92,746,734,306,827,154 
322	57,65,311,73,211,145,561,176,277,285 
323	71,236,374,73,270,636,264,746,719,364 
324	71,264,473,73,26,719,433,636,716,851 
325	285,232,270,465,28,305,734,366,478,827 
326	490,26,713,29,128,561,285,286,196,433 
327	57,71,374,746,68,26,176,181,302,433 
328	165,71,181,746,150,285,102,30,240,433 
329	859,152,929,675,52,913,826,561,787,123 
330	57,74,158,44,285,26,389,746,181,78 
331	656,481,485,47,689,693,640,488,628,799 
332	270,71,257,181,42,11,325,240,262,433 
333	71,42,70,59,425,232,325,233,831,669 
334	473,29,506,705,765,359,814,34,244,319 
335	248,68,385,429,257,232,161,150,595,827 
336	168,74,385,288,325,148,132,781,397,827 
337	991,434,603,904,758,306,694,356,426,821 
338	577,244,156,977,733,50,450,1001,621,658 
339	836,815,223,631,989,304,50,674,90,905 
340	547,224,40,359,540,810,309,52,795,814 
341	374,71,74,150,30,257,478,262,373,302 
342	29,271,141,499,705,814,765,547,156,588 
343	288,385,127,374,68,746,181,305,70,92 
344	746,370,669,357,274,17,598,831,757,170 
345	374,240,158,425,59,285,257,150,433,615 
347	831,683,669,680,462,391,682,170,511,615 
348	174,465,734,453,642,741,306,772,445,1 
349	746,30,73,615,199,831,656,680,803,511 
350	374,73,134,30,423,158,615,831,433,669 
351	29,506,765,814,359,271,244,156,925,224 
352	803,357,669,680,199,831,822,212,884,757 
353	74,270,150,499,285,146,67,196,323,433 
354	156,547,814,1018,1002,450,810,871,652,256 
355	385,270,68,378,71,460,325,73,92,734 
356	71,270,73,165,42,67,257,150,232,433 
357	168,71,521,139,77,29,158,433,181,276 
358	121,499,56,168,127,705,765,67,433,567 
359	71,746,134,30,411,181,233,831,854,170 
360	385,168,527,285,388,465,28,341,366,734 
361	306,603,963,245,997,694,608,787,988,274 
362	827,366,734,125,778,453,258,281,747,465 
363	1001,224,789,689,925,632,244,753,871,931 
364	285,74,288,163,478,240,11,233,302,92 
365	288,257,150,11,478,240,68,302,282,71 
366	30,92,656,270,364,615,454,212,511,62 
367	57,270,150,30,181,158,389,139,163,433 
368	374,42,288,165,92,11,669,129,680,831 
369	158,240,702,102,5,291,803,60,199,669 
370	71,374,171,102,73,11,240,70,702,433 
372	270,746,181,248,154,257,150,42,232,827 
373	615,886,511,62,656,199,424,680,993,803 
374	74,746,165,30,76,42,478,781,433,499 
375	57,71,30,74,288,425,746,285,240,85 
376	831,746,170,454,669,357,824,843,822,680 
377	207,971,603,306,922,898,910,265,536,426 
378	163,67,257,76,73,527,44,433,232,334 
379	71,374,240,59,74,325,288,282,291,433 
380	831,669,357,170,274,822,12,88,680,691 
381	44,257,76,285,150,499,387,433,177,11 
382	71,67,57,97,11,262,87,433,134,77 
383	485,419,693,628,252,674,789,566,869,815 
384	71,270,165,262,288,11,67,325,150,433 
386	357,212,274,669,831,757,17,822,170,691 
387	163,174,11,202,765,465,741,340,550,499 
388	490,765,256,327,554,506,705,594,460,29 
389	74,163,76,44,285,73,42,433,102,499 
390	490,657,561,925,40,46,29,112,156,359 
391	225,314,640,481,86,17,922,525,631,454 
392	60,115,925,786,636,738,359,309,40,50 
393	74,163,302,288,746,374,478,165,499,585 
394	152,180,929,865,207,675,913,904,216,126 
395	163,150,165,67,127,746,781,499,334,585 
396	270,288,478,257,92,150,74,42,222,827 
397	265,437,694,787,245,748,731,608,996,152 
398	656,364,719,636,615,786,48,424,869,40 
399	719,496,851,455,636,506,433,244,814,760 
400	168,286,236,112,719,636,102,433,851,615 
401	925,719,636,786,309,364,851,869,359,561 
402	669,882,803,403,827,517,947,682,575,281 
403	71,165,73,257,325,30,102,59,89,433 
404	71,374,74,11,42,59,232,433,92,579 
405	374,30,746,240,423,70,683,831,615,511 
408	71,70,30,42,59,232,165,411,831,669 
409	746,181,478,257,150,11,154,111,146,827 
411	168,255,171,44,163,481,859,321,152,787 
412	577,605,506,424,658,594,786,438,359,636 
413	270,288,248,257,181,68,240,325,334,595 
414	71,285,44,73,26,163,746,262,325,240 
415	656,5,693,115,674,689,815,799,481,786 
416	490,16,74,44,765,433,705,101,455,499 
417	473,76,765,705,433,174,499,264,256,456 
418	71,41,171,87,30,42,288,615,433,719 
419	734,453,306,366,827,465,642,445,258,772 
420	669,757,212,357,963,17,803,274,822,997 
421	366,734,827,465,453,240,778,772,258,403 
422	374,734,366,827,111,453,465,258,772,778 
423	248,325,288,163,165,71,30,423,281,827 
424	11,288,285,318,374,465,827,734,366,125 
425	57,71,30,134,285,41,746,73,657,176 
427	378,270,168,374,386,734,827,177,465,366 
428	71,270,74,240,288,181,11,67,146,433 
429	163,720,383,765,76,741,28,499,784,256 
430	168,359,506,851,29,67,319,719,277,244 
431	640,225,504,314,989,656,454,922,694,997 
432	270,374,71,240,42,102,478,165,163,113 
433	102,288,132,325,74,669,745,803,680,199 
434	71,270,285,181,30,67,73,163,248,433 
435	57,286,264,236,74,719,636,851,40,433 
436	10,465,366,734,453,302,772,827,642,502 
437	71,87,374,102,288,74,615,364,719,656 
439	168,11,71,165,288,325,388,378,433,499 
440	168,458,40,76,561,925,73,176,531,579 
441	374,270,257,102,165,325,30,150,11,146 
442	561,29,141,156,415,40,547,359,309,450 
443	60,689,226,632,628,621,5,50,48,426 
444	680,831,615,511,33,886,462,391,247,771 
445	719,636,40,851,367,925,359,786,309,364 
446	60,605,717,4,621,693,128,674,632,594 
447	262,30,67,59,615,70,325,511,247,433 
448	168,74,11,288,127,334,302,499,71,397 
449	74,270,42,285,71,478,67,146,102,89 
450	719,359,851,636,506,244,319,925,166,482 
451	270,74,374,163,150,67,325,248,59,433 
452	288,746,557,248,385,154,163,669,25,757 
453	270,233,411,746,257,285,478,669,281,831 
454	248,374,334,121,325,74,127,67,59,44 
455	719,851,359,496,433,166,482,925,244,455 
456	57,74,171,26,41,286,433,67,165,285 
458	922,727,603,989,225,485,437,426,640,274 
459	71,158,102,87,74,30,42,615,579,433 
460	71,374,74,285,134,42,67,325,176,433 
461	30,854,615,288,831,521,511,199,454,656 
462	11,288,385,127,160,527,10,73,318,386 
463	71,280,311,77,68,433,30,42,257,171 
464	168,831,370,107,557,854,669,232,170,843 
466	359,156,367,733,561,851,547,719,271,450 
467	859,437,997,865,530,267,169,955,675,758 
468	746,165,831,680,669,615,199,462,803,511 
469	491,765,458,103,256,705,716,327,554,741 
470	270,71,42,325,240,288,248,67,373,433 
471	984,319,450,658,632,925,50,156,931,562 
472	765,1018,705,1002,547,554,561,541,925,594 
473	267,603,693,17,989,437,530,929,207,243 
474	92,248,102,70,132,557,154,113,669,827 
476	29,705,765,814,271,499,141,256,506,359 
477	71,73,67,158,433,719,26,455,851,482 
478	71,171,74,46,262,285,240,257,615,433 
479	285,70,827,669,778,281,734,747,258,517 
480	270,74,181,30,44,102,158,165,46,433 
481	71,97,87,73,270,11,76,42,183,102 
482	865,169,904,434,971,437,306,963,412,997 
483	285,255,288,374,176,26,746,76,302,433 
484	74,150,71,302,67,746,288,499,282,433 
485	929,603,913,972,437,216,758,434,826,401 
486	632,721,220,244,733,610,562,156,319,838 
487	831,615,680,511,199,462,33,391,247,62 
488	719,636,851,359,166,40,925,367,277,309 
489	71,270,746,67,102,150,30,288,232,433 
490	270,285,288,30,44,57,102,478,255,113 
491	71,285,102,42,70,325,92,59,150,669 
492	29,871,271,605,931,415,1001,921,141,450 
493	152,859,216,929,826,123,913,481,187,675 
494	270,150,374,44,248,478,302,11,282,499 
495	271,224,359,547,40,652,540,220,506,795 
496	160,306,207,389,734,180,859,642,741,465 
497	174,383,465,386,341,366,734,91,772,453 
498	248,146,302,499,148,56,478,164,585,196 
499	71,165,42,746,30,423,76,262,433,70 
500	694,17,212,787,437,245,748,267,731,608 
501	374,132,70,102,746,181,669,11,281,403 
502	71,73,11,288,42,134,423,433,240,68 
503	57,171,65,30,257,288,746,102,78,165 
504	765,741,550,340,434,207,826,465,499,256 
506	306,787,603,859,152,180,207,437,675,865 
507	97,719,636,851,359,165,925,40,433,166 
509	165,30,746,423,74,240,615,433,33,682 
510	719,367,636,364,925,786,309,851,656,869 
511	374,746,102,71,150,478,288,233,282,163 
513	285,389,121,257,374,181,71,150,302,433 
514	929,306,603,180,216,913,207,347,437,904 
515	288,132,111,70,370,669,827,831,170,274 
516	132,746,63,285,111,325,669,827,30,334 
517	717,931,925,562,244,577,309,359,115,984 
518	746,165,425,67,669,325,831,680,462,682 
519	270,262,92,181,70,59,232,165,669,831 
520	86,485,782,47,989,267,504,115,252,60 
521	922,212,945,267,989,225,437,481,608,693 
522	925,359,271,733,141,220,244,367,605,547 
523	859,306,787,152,929,826,180,675,603,972 
524	359,166,220,244,367,319,40,506,738,547 
525	270,288,233,478,325,257,59,132,669,831 
526	29,271,244,141,224,40,851,309,367,733 
527	925,359,29,309,367,561,851,244,719,547 
528	71,165,262,240,73,30,423,11,291,433 
529	212,656,199,60,803,5,314,62,615,440 
530	168,65,87,374,30,615,656,183,364,511 
531	913,985,717,929,271,141,594,256,541,765 
532	60,786,359,636,40,925,719,738,103,309 
533	288,92,232,70,163,68,102,262,74,595 
534	163,490,491,177,174,127,276,473,765,433 
535	270,374,240,102,150,30,478,67,781,95 
536	111,168,161,306,827,245,603,132,274,437 
537	257,248,146,374,302,478,288,42,499,71 
538	74,248,67,285,42,325,146,373,499,433 
539	746,92,102,70,325,42,111,63,669,827 
540	68,44,285,57,74,374,103,746,174,433 
541	374,70,288,59,165,425,46,854,615,433 
542	71,425,30,158,134,42,702,831,233,423 
543	374,285,74,67,150,257,478,70,831,669 
545	174,34,101,465,341,765,741,340,490,642 
546	168,257,42,288,232,325,111,113,827,281 
547	621,271,463,925,415,722,859,309,594,329 
548	71,288,746,44,76,165,374,433,240,232 
549	831,454,615,511,170,886,357,824,447,62 
550	71,30,92,165,70,59,233,423,831,669 
551	71,73,280,77,325,16,433,455,34,705 
552	540,430,309,738,547,1001,271,561,676,594 
553	628,782,156,856,309,115,415,438,525,922 
554	719,636,851,40,925,367,359,309,547,166 
556	71,374,285,240,67,73,181,411,113,433 
557	925,40,561,636,309,786,367,719,13,156 
558	374,70,59,165,92,134,222,411,831,669 
559	490,71,163,121,288,255,433,177,716,264 
560	719,886,656,424,786,636,511,367,710,48 
561	465,524,366,734,403,383,453,772,28,827 
562	168,270,746,73,163,70,385,55,423,291 
563	163,285,76,302,288,11,165,499,433,595 
564	74,374,288,71,163,42,478,30,595,433 
565	29,561,156,141,271,925,40,44,415,101 
566	262,92,30,70,564,656,364,212,615,454 
567	71,74,490,165,67,527,746,433,176,473 
568	121,127,378,257,74,499,490,385,67,765 
569	309,594,733,506,430,224,244,1001,931,610 
570	270,181,74,262,150,165,257,222,67,370 
571	29,156,359,925,561,547,540,319,1018,415 
572	481,525,60,693,534,989,151,674,566,223 
573	71,270,74,389,73,746,257,374,433,67 
574	163,490,270,121,499,389,473,433,26,387 
575	71,374,288,42,158,102,257,11,70,433 
576	57,74,288,255,181,139,71,30,478,433 
577	359,786,621,800,269,753,156,562,681,410 
578	374,734,366,827,453,465,111,258,772,778 
579	746,181,232,74,385,334,132,102,827,281 
580	165,59,67,57,745,41,433,615,60,656 
581	746,11,232,74,325,478,150,302,148,827 
584	922,151,782,126,252,632,763,115,536,674 
585	632,717,244,547,40,540,652,52,309,610 
587	71,57,746,389,73,65,262,257,68,433 
588	115,738,577,50,753,636,244,224,733,48 
589	827,281,403,778,366,517,669,995,734,575 
590	285,524,827,366,734,68,403,778,465,281 
591	156,722,562,789,594,859,733,307,675,463 
593	610,717,256,621,327,271,29,141,415,156 
594	57,490,74,264,719,636,270,851,102,40 
595	434,152,382,741,826,347,340,985,401,574 
596	168,257,44,181,150,302,746,334,10,499 
597	521,409,656,615,364,48,786,424,636,60 
598	71,311,280,68,163,165,433,325,177,181 
599	248,257,68,302,378,499,465,478,76,746 
600	465,232,288,366,386,305,734,453,827,772 
601	207,985,741,913,929,157,632,550,859,610 
602	60,594,871,674,224,921,151,410,789,902 
603	121,160,71,10,174,490,383,34,784,433 
604	288,57,11,26,746,171,30,477,73,572 
605	57,85,134,74,264,73,339,409,719,636 
606	717,972,415,401,574,382,536,787,156,289 
607	270,74,248,150,42,71,288,325,233,411 
608	419,693,656,450,123,786,485,488,836,426 
609	270,11,68,181,374,76,389,176,26,433 
610	176,26,240,787,152,74,598,859,603,216 
611	168,385,160,524,746,73,262,127,318,30 
612	288,374,270,127,429,10,306,8,734,642 
613	74,44,746,163,76,30,165,73,158,433 
614	97,236,719,636,359,851,76,40,30,925 
615	374,70,92,134,240,171,42,41,595,433 
616	57,68,44,176,490,65,521,240,152,509 
617	374,71,150,240,257,30,411,478,325,831 
618	557,313,288,854,598,170,454,831,17,843 
619	163,288,285,10,385,181,755,34,746,741 
620	765,506,29,256,554,327,594,271,632,224 
621	270,257,68,71,746,150,76,255,26,433 
622	473,68,29,527,73,765,78,276,271,11 
623	491,499,56,44,705,765,378,177,256,567 
624	181,257,478,302,374,746,233,373,499,585 
625	306,603,245,827,437,787,731,955,608,988 
626	71,11,121,30,74,490,325,103,702,433 
627	306,787,437,152,963,955,180,265,997,356 
628	71,374,65,490,30,74,236,409,76,433 
629	71,374,288,74,262,30,59,181,70,411 
630	29,271,141,765,156,256,814,561,705,506 
631	359,925,851,719,506,636,244,805,319,40 
632	168,132,288,59,248,121,291,55,669,293 
633	374,59,70,288,325,423,158,291,669,831 
634	174,734,465,453,642,366,772,258,306,445 
635	71,374,30,165,57,285,42,240,44,433 
637	71,30,59,11,158,702,586,669,107,831 
638	382,787,926,754,574,52,863,711,717,910 
639	765,985,256,554,741,434,610,340,705,541 
640	168,374,270,87,74,424,579,60,656,433 
641	68,284,389,787,603,152,306,963,598,859 
642	270,181,262,42,257,150,92,11,67,134 
643	262,46,67,30,270,423,615,411,433,511 
644	527,720,145,276,202,55,76,433,765,144 
645	378,177,285,741,385,207,765,340,826,180 
646	71,11,92,42,70,73,74,325,132,222 
647	286,78,719,636,367,40,925,364,851,786 
648	306,603,207,913,904,437,347,216,926,955 
649	71,70,285,165,30,232,831,67,669,170 
650	831,454,615,680,199,511,170,357,846,391 
651	163,10,765,465,741,456,550,340,499,270 
652	481,60,689,656,86,628,115,419,782,869 
653	370,63,557,70,132,831,669,827,170,357 
654	57,490,236,26,409,636,579,40,746,786 
655	168,288,285,181,127,746,148,240,460,30 
656	285,257,524,366,465,827,302,403,281,734 
657	288,270,378,746,389,92,240,150,306,787 
658	29,271,141,156,561,236,547,814,257,359 
659	163,385,285,288,68,181,10,465,423,827 
660	224,652,52,540,554,547,913,256,810,244 
661	859,141,929,717,152,156,29,216,554,207 
662	257,150,374,44,68,302,478,146,161,499 
663	746,59,285,102,248,557,669,291,803,827 
664	71,270,285,57,158,257,165,42,176,433 
665	121,334,168,270,181,148,150,76,784,499 
666	74,285,248,165,746,478,374,44,499,585 
667	240,803,239,5,669,199,680,615,60,433 
668	270,71,67,163,248,150,240,59,411,433 
669	71,270,165,11,181,325,240,30,68,433 
670	29,271,141,765,561,256,156,276,277,71 
672	92,132,73,325,121,669,111,803,5,25 
673	248,165,146,285,127,42,746,67,499,222 
674	63,288,181,478,154,92,827,669,281,747 
675	374,71,262,42,257,11,73,282,595,433 
676	787,904,826,711,574,754,717,306,52,863 
677	165,71,325,240,59,257,423,30,302,669 
679	357,831,212,822,669,680,199,803,454,824 
680	212,314,357,640,17,803,225,831,669,252 
681	530,169,904,758,216,971,382,922,694,898 
682	248,270,257,285,74,378,746,388,73,441 
683	561,925,156,359,309,450,415,244,547,367 
684	746,46,59,831,615,199,511,680,454,357 
685	30,87,270,92,656,615,364,511,48,199 
686	689,252,628,525,605,674,763,226,631,694 
687	71,70,285,232,30,132,233,831,669,680 
688	71,270,26,171,121,158,490,73,139,657 
689	248,148,285,270,460,288,383,28,388,71 
691	610,913,550,207,632,327,594,929,675,859 
692	163,168,101,765,499,705,334,256,203,387 
693	288,734,366,453,465,174,827,258,772,642 
694	71,11,68,121,44,30,257,490,150,433 
695	309,656,60,869,50,566,738,48,733,689 
696	306,787,603,859,180,152,904,207,734,826 
697	270,288,11,102,232,42,74,478,92,282 
698	270,285,150,240,44,30,11,57,255,282 
699	859,929,675,180,207,347,865,971,741,52 
700	71,288,74,490,76,44,374,325,433,240 
701	29,156,224,244,1018,415,851,810,450,309 
702	165,67,746,71,285,163,423,499,585,433 
703	71,92,70,73,68,30,163,702,423,282 
704	60,481,364,115,86,869,636,463,40,48 
705	359,719,244,605,367,450,60,636,851,753 
706	605,309,577,450,871,50,430,636,851,594 
707	74,270,746,30,165,102,42,478,134,433 
708	163,491,720,465,385,765,181,305,499,741 
710	163,160,148,10,174,270,276,524,433,423 
711	163,285,146,302,374,165,127,397,423,499 
712	163,68,177,174,765,127,144,433,455,705 
713	527,10,148,765,76,203,741,207,340,145 
714	134,409,686,656,339,636,60,786,719,48 
715	669,827,281,575,882,403,517,368,947,995 
716	60,605,786,115,636,925,359,40,738,689 
717	121,473,765,378,499,334,705,460,256,741 
718	285,181,163,44,11,68,255,30,240,665 
719	309,244,156,319,50,753,636,719,871,786 
720	121,378,527,127,385,460,181,150,73,318 
721	248,168,378,11,302,499,465,325,177,202 
722	560,686,719,636,40,26,851,786,364,367 
723	787,929,306,603,675,913,904,347,434,530 
725	71,389,473,491,44,73,288,746,765,456 
726	71,165,30,423,325,240,285,150,745,433 
727	71,165,181,257,262,423,240,73,158,433 
728	216,382,754,711,926,821,826,574,610,863 
729	71,746,102,30,232,73,158,59,282,248 
730	656,717,753,658,925,156,410,226,269,372 
731	615,270,831,42,511,680,199,454,886,170 
732	121,68,385,174,383,44,465,55,491,73 
733	632,224,1001,921,689,562,905,151,902,372 
735	615,240,171,270,831,511,454,199,680,886 
736	168,288,57,473,71,181,284,859,826,152 
737	168,389,270,490,527,378,150,71,146,499 
738	270,71,325,11,74,232,163,59,524,385 
739	610,224,561,931,256,977,1001,430,327,541 
740	827,366,734,778,281,258,403,453,669,877 
741	71,92,42,158,74,425,70,165,233,67 
742	232,158,30,683,669,831,199,615,680,803 
743	121,127,160,181,168,499,383,76,471,765 
744	859,929,913,787,123,306,434,758,382,401 
745	786,656,605,115,689,636,48,481,50,869 
746	163,257,374,68,71,150,121,478,423,433 
747	165,302,163,746,285,325,499,233,281,585 
748	285,318,465,366,734,527,386,827,453,772 
749	270,257,11,374,746,150,30,121,146,433 
750	831,357,170,454,212,669,598,757,822,274 
751	158,73,102,41,521,74,67,92,615,433 
752	29,141,244,540,415,810,851,1018,40,652 
753	71,270,288,57,44,73,165,11,282,433 
754	168,145,77,68,60,276,409,433,67,636 
755	374,59,74,232,288,181,67,262,95,669 
757	60,48,738,309,220,566,605,689,869,438 
758	74,57,163,150,473,26,746,433,441,499 
759	252,727,640,850,86,123,787,358,151,865 
760	922,693,997,252,727,17,212,338,225,5 
761	594,921,765,985,522,541,256,162,621,156 
762	168,285,257,44,334,127,150,148,232,174 
763	168,165,288,374,334,282,781,397,403,281 
764	165,71,67,423,73,285,150,11,781,433 
765	374,42,165,158,285,73,74,92,831,615 
766	74,374,165,163,146,302,478,71,73,499 
767	71,285,134,288,746,240,46,42,65,521 
768	306,603,787,437,859,904,955,180,147,608 
769	615,803,424,199,680,511,33,62,239,993 
770	60,636,115,689,869,925,481,719,628,48 
771	71,67,46,134,57,30,76,433,102,59 
772	71,288,746,181,44,121,76,248,177,433 
773	29,271,814,925,359,256,224,415,540,851 
774	374,30,59,288,70,425,67,150,831,669 
775	859,787,152,207,603,180,675,929,826,972 
776	168,311,26,85,76,45,285,174,458,65 
777	561,765,256,717,554,621,594,540,925,244 
778	632,256,717,594,415,224,561,621,327,985 
779	989,997,265,640,252,748,945,504,787,86 
780	168,334,127,74,257,378,181,174,67,42 
781	220,540,561,309,319,547,738,871,430,605 
782	71,158,42,270,746,102,288,433,257,11 
783	121,44,288,270,473,378,76,174,433,67 
784	71,165,42,257,325,181,285,423,433,302 
785	29,925,40,367,733,244,547,220,851,415 
786	60,693,481,605,689,5,656,674,151,207 
788	71,74,746,30,181,73,285,288,46,433 
789	669,274,357,831,822,757,170,12,589,827 
790	57,74,87,389,78,26,374,236,211,595 
791	270,285,150,71,11,30,163,255,57,233 
792	450,156,733,367,244,271,605,463,652,115 
793	481,621,632,605,859,717,561,60,531,689 
794	675,207,787,123,306,741,382,401,971,574 
795	270,11,74,30,92,150,163,44,255,57 
796	270,374,68,257,181,121,150,240,165,378 
797	827,245,306,274,877,757,603,437,669,731 
798	359,60,156,636,220,738,605,719,244,851 
799	378,288,174,465,285,177,305,366,397,734 
800	71,158,74,262,171,257,150,181,595,282 
801	71,74,270,30,257,76,42,134,433,11 
802	319,977,430,540,1018,605,1001,594,547,717 
803	506,540,547,415,450,309,430,319,594,851 
805	925,40,309,359,156,719,851,636,271,244 
806	285,746,68,163,74,92,150,44,248,232 
807	29,271,141,925,359,506,244,547,540,851 
808	271,141,359,814,244,810,652,450,610,256 
809	859,207,741,180,675,929,826,306,152,913 
810	374,240,70,285,57,702,232,615,11,831 
812	306,787,603,859,161,152,437,180,642,734 
813	374,71,288,165,150,181,257,262,70,92 
814	71,374,42,288,285,73,524,302,222,433 
815	71,374,42,102,30,73,257,70,595,433 
816	765,256,554,327,985,741,705,550,499,340 
817	491,168,765,145,103,741,340,554,256,755 
818	71,59,70,165,232,325,132,411,669,831 
819	29,359,814,224,851,156,547,705,765,141 
820	656,481,693,674,658,577,225,410,220,815 
821	71,270,288,11,240,181,30,325,68,433 
822	746,134,30,70,232,615,682,433,462,33 
823	288,232,70,132,557,102,59,42,669,282 
824	121,148,460,288,270,465,746,383,91,403 
825	152,859,603,929,123,675,437,216,826,207 
826	385,232,827,306,245,734,877,274,603,551 
827	374,57,171,46,240,42,423,700,615,433 
828	374,42,73,92,70,134,165,181,113,433 
829	71,57,46,139,73,74,65,150,87,433 
830	212,689,922,252,534,694,169,223,364,326 
831	92,68,163,232,255,161,557,154,70,121 
832	60,656,481,689,48,364,636,869,86,605 
833	270,257,478,233,288,42,71,30,165,92 
834	248,16,765,465,741,546,550,340,499,76 
835	524,374,734,366,403,465,827,59,517,453 
836	503,473,561,311,176,52,40,925,264,286 
837	463,40,562,60,800,621,738,1001,632,652 
838	11,163,288,285,59,257,95,318,403,148 
839	168,257,270,127,527,302,334,499,67,325 
840	615,886,511,831,454,199,680,62,803,51 
841	74,165,146,44,248,71,499,373,433,585 
842	434,859,180,550,741,826,347,632,401,340 
843	615,70,511,33,831,247,680,462,886,199 
844	490,44,73,26,97,145,433,85,339,101 
845	854,134,831,313,170,454,150,843,598,357 
846	270,746,240,121,68,127,257,160,827,293 
847	71,374,285,92,158,68,57,232,702,181 
848	859,152,929,675,826,913,207,180,216,787 
849	859,675,741,152,826,554,180,632,256,610 
850	491,765,503,29,10,256,85,471,73,261 
851	17,693,748,265,997,640,481,787,504,437 
852	139,425,409,30,615,636,719,656,48,433 
853	859,207,675,434,913,741,347,826,382,340 
854	389,288,527,270,473,755,16,826,746,741 
855	71,288,26,76,97,46,325,433,177,77 
856	168,150,165,499,76,44,73,282,585,433 
857	71,288,285,42,11,30,669,248,831,680 
858	248,71,385,163,111,70,557,154,42,827 
859	71,270,44,257,389,30,73,163,477,433 
860	271,256,705,506,327,814,554,156,224,985 
861	123,675,216,306,530,904,382,826,963,265 
862	859,141,913,216,271,929,826,29,561,574 
863	286,264,719,636,40,270,367,364,851,925 
864	378,385,765,741,284,465,340,207,434,550 
865	60,786,424,905,902,628,48,981,269,802 
866	306,603,787,437,859,152,245,955,963,608 
867	71,139,521,288,615,409,511,454,831,656 
868	163,285,127,460,385,720,202,293,389,388 
869	738,220,717,605,271,733,632,450,1001,561 
870	71,158,288,70,42,165,831,46,615,170 
871	59,288,30,615,413,199,803,680,5,433 
872	669,827,822,947,575,882,757,274,88,680 
873	129,669,403,281,682,831,995,462,88,680 
874	425,42,73,746,57,74,288,615,285,511 
875	270,285,71,11,163,240,44,478,42,423 
876	359,29,506,244,309,547,220,733,319,719 
877	232,70,557,11,154,669,478,831,357,170 
878	270,288,11,70,232,30,154,370,73,669 
879	367,359,463,800,738,881,636,628,244,561 
880	270,746,257,74,30,478,325,92,232,282 
881	74,181,288,374,165,76,67,73,433,781 
882	374,92,42,288,702,831,113,615,199,511 
883	181,257,146,42,165,302,248,240,499,585 
884	374,285,30,102,702,57,282,669,5,803 
885	71,374,165,134,42,288,257,222,702,433 
886	265,748,212,989,437,306,945,693,169,608 
887	746,70,831,615,313,511,454,199,680,170 
888	325,318,746,669,148,827,403,517,281,778 
889	733,304,488,151,738,658,800,223,621,359 
890	70,73,656,615,199,831,62,454,212,440 
891	530,267,922,152,169,123,996,245,180,926 
892	374,288,42,325,102,248,669,282,74,803 
893	121,68,270,288,385,285,73,383,465,55 
894	11,154,370,669,274,357,831,170,598,757 
895	248,257,74,168,150,499,784,174,465,323 
896	738,800,304,717,753,50,562,871,1001,40 
897	270,288,92,30,181,165,425,257,831,669 
898	141,156,717,256,621,913,765,859,594,985 
899	121,76,16,765,74,255,471,741,45,503 
900	248,285,288,74,181,148,160,76,73,164 
901	163,11,121,285,181,288,150,73,433,374 
902	168,11,30,232,59,132,669,423,831,357 
903	438,47,658,733,717,314,223,269,800,577 
904	168,68,232,460,465,305,827,366,734,125 
905	168,521,77,41,121,83,277,29,491,261 
906	285,42,134,831,702,669,680,170,357,199 
907	270,163,248,181,240,150,71,478,44,73 
908	168,280,76,236,604,433,765,158,506,456 
909	248,378,383,10,288,257,465,150,341,499 
910	225,314,504,86,989,693,252,782,850,335 
911	71,11,30,59,42,557,854,95,669,831 
912	925,786,636,309,60,359,367,719,869,605 
913	306,603,963,245,274,997,437,757,694,608 
914	525,640,223,815,842,658,304,463,90,169 
915	16,765,741,340,456,550,207,434,465,826 
916	71,374,158,257,57,181,73,282,11,433 
917	782,658,304,50,84,223,621,674,220,640 
918	71,374,240,30,73,325,423,11,702,433 
919	787,152,212,207,267,603,358,850,60,763 
920	134,285,831,615,199,669,680,357,454,170 
921	71,374,150,165,181,158,57,222,76,433 
922	71,30,57,92,425,134,313,370,257,598 
923	71,374,165,257,181,30,240,67,158,433 
924	248,378,174,10,465,56,341,499,546,366 
925	163,460,248,490,74,755,741,203,765,340 
926	168,77,103,60,746,605,848,48,433,686 
927	248,378,174,10,465,784,302,202,397,366 
928	115,50,438,721,674,1001,220,815,319,905 
929	270,288,257,42,30,150,11,478,262,67 
930	163,257,71,490,285,288,150,433,441,499 
931	527,11,378,76,276,145,765,325,103,433 
932	557,30,232,854,313,113,831,357,669,170 
933	163,248,68,257,74,181,71,240,42,595 
934	270,74,374,288,165,478,42,146,71,411 
935	156,605,430,594,1001,450,1018,753,828,717 
936	270,746,44,478,302,71,146,165,73,499 
937	506,359,244,851,738,29,156,719,594,1018 
939	59,288,285,111,669,165,154,227,827,403 
940	304,786,562,753,658,800,419,632,86,244 
941	220,738,156,733,851,309,719,636,40,29 
942	374,285,262,30,255,163,232,121,74,154 
943	746,132,385,111,669,42,757,25,274,963 
944	481,17,989,60,504,656,850,169,815,5 
945	490,765,705,499,256,327,29,720,554,4 
946	224,244,547,40,415,506,540,652,220,367 
947	71,44,92,26,746,158,477,8,787,10 
948	603,787,859,152,955,180,356,963,608,865 
949	374,42,30,73,70,74,325,282,222,433 
950	389,68,65,176,521,103,503,509,339,458 
951	264,85,134,74,719,636,851,433,615,40 
952	527,71,473,334,765,768,145,741,207,340 
953	306,603,734,787,437,859,904,955,180,827 
954	378,10,285,168,207,44,389,741,306,642 
955	359,156,925,29,506,40,244,158,319,561 
956	285,746,71,257,478,30,74,113,222,598 
957	636,719,60,925,367,309,115,364,48,869 
958	374,262,74,171,240,134,150,70,854,433 
959	152,929,787,216,972,826,347,306,126,971 
960	473,705,29,765,499,814,506,455,433,339 
961	71,270,288,11,181,165,42,150,240,433 
962	71,158,181,42,74,150,57,165,113,176 
963	71,67,11,181,325,288,285,433,232,146 
964	121,490,285,389,71,74,76,257,473,460 
965	11,325,285,42,669,827,91,281,882,517 
966	71,165,30,134,102,325,288,433,222,615 
967	71,74,67,30,158,57,76,102,433,579 
968	168,499,302,150,165,67,196,127,705,433 
969	29,561,925,40,367,141,359,271,719,156 
970	163,11,257,374,746,150,44,127,176,255 
971	640,504,481,656,989,252,525,689,693,727 
972	50,156,786,506,636,244,753,40,319,719 
973	42,746,92,248,285,669,111,107,831,680 
974	60,481,314,212,364,48,438,90,674,424 
975	163,181,150,746,44,302,146,240,164,499 
976	359,719,636,851,925,40,389,244,309,319 
977	71,57,270,374,171,746,67,76,325,433 
979	71,286,46,716,719,67,636,851,359,433 
980	285,11,30,669,67,831,357,803,199,680 
981	168,11,257,181,746,150,121,127,176,30 
982	71,374,11,30,42,102,257,165,248,433 
983	71,270,42,325,73,30,288,181,302,433 
984	357,669,274,757,822,831,212,17,691,963 
985	168,68,285,76,288,248,146,499,441,433 
986	57,92,240,102,70,73,255,854,595,598 
987	248,385,527,257,288,465,285,44,177,403 
988	29,141,561,224,359,244,415,540,547,814 
989	163,177,285,28,284,741,464,826,859,207 
990	141,359,244,814,506,415,540,810,851,256 
991	71,270,163,746,257,42,288,433,57,103 
992	473,11,561,280,29,925,65,276,686,261 
993	134,236,409,211,636,719,656,786,364,40 
994	74,285,165,302,288,76,374,164,499,433 
995	465,453,56,366,772,502,765,734,386,310 
997	71,30,158,57,70,11,73,74,257,59 
998	168,257,270,378,150,302,527,499,460,387 
999	168,73,121,76,277,604,83,288,60,325 
1000	270,374,288,150,42,165,163,30,59,433 
1001	929,207,913,865,434,826,603,126,382,401 
1002	121,168,44,255,389,746,177,8,306,787 
1003	270,285,181,240,478,44,11,30,102,665 
1004	746,963,603,306,694,997,338,25,787,757 
1005	831,615,454,680,199,511,357,170,886,846 
1006	374,270,30,240,42,150,165,262,176,433 
1007	385,68,160,232,181,460,44,386,827,132 
1008	285,240,257,102,150,74,30,478,154,595 
1009	70,325,59,285,262,92,257,95,669,403 
1010	719,636,40,367,851,925,26,359,786,364 
1011	71,74,73,30,285,288,67,102,433,139 
1012	74,76,57,163,165,288,73,30,255,433 
1013	163,181,67,150,302,68,11,433,478,499 
1015	60,605,115,689,481,786,364,869,693,674 
1016	374,71,74,325,181,257,232,30,70,233 
1017	174,465,366,386,181,734,772,453,146,310 
1018	765,550,741,434,340,256,985,554,913,826 
1019	71,139,87,134,165,41,30,264,42,433 
1020	71,158,134,30,97,139,171,42,288,433 
1022	374,71,257,181,150,262,165,222,92,433 
1023	174,465,734,288,453,642,772,546,445,741 
1024	374,127,160,746,71,63,386,734,827,73 
1025	70,233,232,132,370,63,831,669,170,357 
1026	615,746,702,511,831,680,33,199,247,886 
1027	757,274,669,357,963,17,212,694,997,25 
1028	74,150,288,76,302,30,68,490,433,499 
1029	694,859,929,865,989,17,850,314,926,913 
1030	71,270,240,74,73,248,70,222,385,433 
1031	374,270,71,181,150,30,163,478,44,233 
1032	71,262,288,59,70,158,325,291,181,433 
1034	71,92,11,30,59,42,73,669,74,831 
1035	156,1001,450,271,925,415,554,141,658,921 
1036	913,180,123,216,972,401,758,574,306,904 
1037	270,232,70,132,102,30,154,702,42,669 
1038	270,262,30,181,478,150,42,154,222,831 
1039	270,71,285,181,288,232,11,132,524,68 
1040	374,158,92,70,73,42,134,11,854,46 
1041	71,374,73,46,288,171,257,423,702,433 
1042	465,232,288,366,386,524,734,827,772,453 
1043	374,59,70,67,134,74,11,46,615,433 
1044	831,615,454,511,680,199,170,357,824,846 
1045	71,73,490,163,42,746,423,433,288,499 
1046	212,47,488,640,123,504,856,17,463,169 
1047	632,765,256,594,717,610,29,621,141,561 
1048	270,71,746,257,325,181,232,42,524,146 
1049	240,102,232,70,30,557,248,325,282,669 
1050	248,374,181,232,71,325,385,423,524,595 
1051	168,270,127,285,74,527,76,202,42,433 
1052	270,181,150,71,746,374,302,490,433,499 
1053	71,240,70,102,30,59,325,282,181,669 
1054	29,506,359,415,244,540,594,547,717,621 
1055	71,70,423,73,240,403,129,140,669,483 
1056	74,285,76,68,71,165,374,499,164,433 
1057	71,270,67,285,232,181,248,146,433,403 
1058	720,232,734,306,125,642,465,453,779,445 
1059	163,181,746,374,150,68,44,302,146,334 
1060	557,70,233,370,154,42,161,831,669,170 
1061	163,285,181,68,165,73,67,150,433,146 
1062	859,152,306,180,929,207,913,603,741,972 
1063	71,165,257,285,150,102,30,240,70,433 
1064	71,74,41,46,389,746,68,433,374,176 
1065	71,270,76,288,44,374,262,46,134,433 
1066	288,669,831,357,170,822,680,803,274,757 
1067	29,561,925,271,156,141,40,359,851,547 
1068	669,803,680,357,831,822,884,757,462,846 
1069	925,264,359,112,29,40,851,46,156,266 
1070	71,74,67,73,285,30,181,423,433,373 
1071	669,274,827,757,357,831,822,691,589,12 
1072	270,30,181,165,74,92,70,233,95,370 
1073	831,669,357,822,170,454,680,274,824,757 
1074	174,288,465,366,734,257,453,827,772,642 
1075	859,437,180,929,207,904,123,675,356,347 
1077	270,746,74,57,92,257,181,158,11,134 
1078	57,288,389,150,171,30,181,176,165,433 
1079	71,232,68,92,385,121,70,478,154,176 
1080	207,675,60,787,123,605,922,180,621,536 
1081	74,76,181,473,26,73,150,163,255,433 
1082	71,262,102,11,240,74,134,46,181,433 
1083	374,11,74,92,257,68,73,102,163,478 
1084	262,59,240,67,70,74,745,92,433,615 
1085	97,65,503,636,280,60,40,11,925,786 
1086	60,40,925,605,115,309,656,689,869,359 
1087	57,139,74,746,26,255,150,595,240,433 
1088	121,288,71,383,385,527,232,181,306,160 
1089	163,121,68,76,44,288,67,232,433,499 
1090	71,74,374,11,262,158,42,257,433,579 
1091	288,68,248,746,255,44,383,385,181,306 
1092	168,63,132,385,154,669,30,827,757,274 
1093	70,288,702,285,831,615,700,199,680,511 
1094	141,224,765,814,415,540,632,359,244,610 
1095	270,374,746,68,248,73,325,102,262,433 
1096	29,41,561,271,925,277,141,156,280,359 
1097	490,145,68,713,67,433,851,165,134,719 
1098	270,71,288,163,165,42,240,248,76,433 
1099	168,73,276,77,101,10,325,176,816,460 
1100	152,675,913,207,180,826,347,972,434,741 
1101	212,454,831,656,170,615,199,932,846,822 
1102	963,265,245,997,787,694,748,955,996,516 
1103	385,168,68,232,378,827,734,161,146,28 
1104	865,434,971,306,826,356,898,963,574,536 
1105	71,158,46,719,686,433,482,851,455,636 
1106	71,270,74,163,68,30,181,165,70,433 
1107	71,57,425,87,30,74,270,560,409,433 
1108	490,499,765,705,34,256,29,20,387,10 
1109	212,60,640,225,17,504,803,5,357,62 
1110	92,240,73,586,385,669,163,803,5,25 
1111	669,357,831,757,803,274,822,170,199,212 
1112	71,163,77,433,16,121,455,270,81,72 
1113	71,270,288,42,30,240,102,73,158,433 
1114	163,285,746,302,11,68,44,423,499,433 
1115	719,636,40,851,367,925,83,359,30,309 
1116	288,746,827,669,734,778,551,877,258,747 
1117	632,561,29,594,256,717,156,621,610,765 
1118	374,70,102,325,288,73,30,478,163,669 
1119	963,694,17,748,274,757,212,669,603,357 
1120	636,719,60,786,656,48,115,925,359,424 
1121	506,29,632,554,327,594,256,224,717,156 
1122	465,383,366,734,453,386,827,772,502,315 
1123	121,44,101,71,765,4,181,433,255,202 
1124	851,319,220,166,636,29,738,156,1018,40 
1126	121,491,16,34,389,499,765,705,26,433 
1127	240,59,92,70,165,288,232,132,831,669 
1128	57,171,134,288,85,30,425,686,103,433 
1129	163,148,248,490,765,465,741,499,389,340 
1130	163,473,491,257,499,765,705,73,433,441 
1131	163,44,383,177,148,160,74,76,232,477 
1132	997,437,945,727,306,922,608,274,245,169 
1134	374,57,746,288,240,854,615,313,831,511 
1135	71,74,288,285,57,158,67,44,433,282 
