851
1779
932
867
648
1749
785
1243
1261
1196
847
1210
1436
910
1090
58
543
1192
1314
643
948
1481
681
499
205
965
1622
86
179
96
240
449
915
562
1473
606
629
903
1031
137
705
895
1167
1643
295
1371
781
1272
751
1348
504
1136
623
1163
119
479
848
1603
1785
162
883
341
387
1287
1422
944
1512
306
413
916
1030
315
736
825
1042
1173
1322
1609
672
732
780
885
1085
1627
33
71
134
389
488
575
11
153
1258
1518
262
34
89
440
508
533
989
1032
1271
1382
1088
55
617
859
1066
574
631
926
444
1245
54
237
834
1006
177
1135
202
667
1052
40
451
762
808
1352
1555
178
918
50
214
268
541
911
1039
1147
1302
1439
1486
1524
1607
377
393
527
1127
360
668
679
836
878
1289
365
1626
114
922
540
782
116
374
586
647
669
1241
1358
1606
745
1547
1608
108
196
344
385
459
760
1391
1670
349
429
801
1045
435
644
690
862
381
430
441
477
607
879
888
1067
1073
1718
149
176
551
852
991
1157
1412
143
414
484
558
656
845
855
889
899
1027
1181
1428
1565
545
979
436
608
1281
1347
1509
1689
20
531
591
795
1363
1484
70
492
652
986
1655
206
373
520
524
560
274
464
605
625
934
1001
1056
1152
1224
925
1014
1155
1537
830
832
861
968
1226
1283
1338
30
94
472
516
904
913
1046
1059
1092
1231
1623
1693
1222
230
231
526
685
757
1416
194
901
1093
1483
1582
12
88
135
227
415
637
756
764
1009
1057
1511
1549
84
120
204
222
299
425
714
768
1033
1211
1532
1600
213
266
505
580
664
670
967
1007
1499
1667
101
331
856
290
486
1658
858
1408
110
183
254
434
579
755
775
1273
316
342
547
573
10
1228
63
140
165
242
364
404
549
610
613
618
695
844
853
897
963
1050
1103
1116
1312
