1342
1372
1393
1513
1587
1191
126
697
709
1022
1137
1138
1268
1542
1631
1651
154
270
271
368
554
638
708
777
823
975
1075
1220
1455
448
501
521
1023
1154
1628
424
565
582
694
1080
250
542
620
665
766
811
1298
1365
1663
1668
151
336
443
1150
1159
1233
1291
1332
1571
24
261
314
426
460
663
717
1012
1017
1300
1330
1426
172
348
470
534
890
1054
1
491
622
1101
1207
1508
1521
1636
226
496
1172
1177
557
600
686
713
797
1047
1153
749
200
502
564
612
701
738
770
831
1225
1293
1303
1433
1564
1653
1722
142
471
837
309
324
1255
1320
1520
123
199
432
658
702
981
1205
47
72
276
673
927
971
1239
251
300
339
942
1013
1164
1186
1275
1350
207
384
398
614
1126
1148
1284
1333
239
462
1161
1276
269
772
1074
291
456
947
1004
1005
1058
1189
1215
1660
245
272
386
445
597
615
688
870
877
984
1024
1334
16
420
784
1107
1420
1471
1597
279
346
351
972
1529
1695
1748
507
1543
67
410
711
810
816
900
1457
267
650
661
767
1193
1198
1301
1394
1398
1413
419
452
465
474
546
553
649
880
1041
1084
1349
1480
308
372
585
646
1125
1265
1354
41
75
115
174
184
223
246
247
325
405
438
514
525
536
569
671
765
790
796
812
865
871
1124
1140
1160
1184
1213
1234
1249
1305
1369
1417
1461
1469
1495
1523
1533
1535
1539
1548
1559
1567
1674
1717
1793
1795
139
255
519
1306
43
136
141
352
498
522
1232
1490
1578
32
112
1099
1171
1760
76
312
581
742
907
1028
1079
1296
2
296
956
1108
1109
1323
734
955
1396
1746
104
345
422
433
627
769
288
361
931
4
408
821
854
1036
1386
1688
323
370
453
489
552
724
820
1117
1149
1244
1328
1468
719
249
302
675
689
946
1174
1183
1199
1251
1488
91
224
366
739
891
493
875
906
1182
1496
1588
1656
1733
60
61
92
128
347
730
824
908
954
1400
319
1671
117
164
243
311
363
731
752
807
896
983
1146
1227
1230
1278
1286
1313
1335
1425
1448
1714
1740
1753
510
8
155
193
982
1218
1399
1441
1613
1761
677
838
868
1063
1262
264
1558
103
105
571
662
994
1068
1131
1188
1329
127
168
188
328
635
722
1106
1462
450
827
842
962
1726
576
601
783
898
959
1098
1336
1381
1438
1685
27
203
280
509
512
599
996
1015
1185
1325
1552
36
57
186
209
1503
29
38
81
159
211
355
421
482
528
538
592
654
659
753
817
1003
1102
1113
1141
1142
1266
1280
1392
1594
1629
59
220
704
1069
1260
369
469
917
1133
1497
500
789
802
1145
1238
1404
1541
1573
73
132
338
466
590
69
383
457
1216
1361
1452
185
583
595
596
939
1575
1611
1711
1713
513
655
759
993
1295
1321
1456
1566
799
1051
1427
1774
21
68
229
476
1344
1705
158
257
914
124
145
289
343
376
390
506
568
727
771
857
999
1025
1277
1304
1339
1373
1423
1494
1640
1642
1787
258
49
85
281
286
382
1077
1248
1377
1390
1625
98
494
804
1091
1120
1259
1464
77
716
819
1424
166
333
26
192
800
1132
1384
7
256
367
594
710
712
721
725
814
887
920
990
1095
1229
1366
1368
1614
5
353
442
611
718
1194
463
578
598
1129
1449
1531
1602
1692
42
129
304
330
475
537
933
1324
287
340
495
550
806
841
992
1060
1236
1279
1637
1702
1716
1752
354
375
826
850
863
1197
22
106
773
864
1035
1143
1219
1247
1367
1429
1709
190
221
548
787
1040
1053
1442
1527
121
391
881
912
1048
1076
1158
1162
1319
1415
1720
1212
409
703
728
1263
1316
1504
1545
1601
48
78
334
388
645
720
866
929
1118
1485
1595
1690
1730
62
150
395
478
660
741
1029
1374
1491
18
169
1115
1223
1444
1612
1621
1682
1698
80
83
485
715
1064
1204
175
182
329
1297
1522
1572
1672
52
396
786
843
1078
53
218
431
455
293
15
17
79
99
144
147
173
238
248
263
284
313
357
481
517
530
532
555
556
584
616
676
698
735
798
809
860
930
940
1000
1002
1018
1044
1070
1086
1104
1105
1144
1151
1168
1175
1176
1240
1253
1267
1309
1317
1337
1340
1430
1431
1598
1619
1646
1650
1684
1703
1729
1739
1763
1767
1794
813
874
953
265
632
653
936
1501
467
603
882
1515
1556
195
318
399
570
310
321
567
1130
1169
1359
1477
93
726
818
958
1089
1498
1568
1593
1617
1657
28
107
1375
1550
1634
118
362
641
950
1308
1406
1434
1472
1725
561
949
1081
1114
1256
1383
133
566
909
1121
56
163
335
747
833
978
1351
1510
1728
1786
490
621
1285
122
298
407
609
680
748
829
1180
1294
1343
1493
1528
1534
1770
624
1021
1405
1632
187
152
219
350
588
626
905
943
952
1203
1208
1437
1454
1525
1585
1687
563
1507
587
873
919
1200
1467
1596
51
303
411
729
1061
1083
23
37
461
487
577
687
692
779
788
791
828
884
1257
1269
1356
1479
1591
1662
1697
97
180
217
241
292
305
935
1307
1659
322
454
921
970
1026
1082
1310
1435
1505
1583
1677
130
696
723
758
876
998
1166
447
559
636
1458
25
235
307
401
973
977
1011
1112
1156
1357
1397
1403
1470
1474
1546
1648
1696
44
156
1327
19
423
1492
1517
100
406
511
778
957
1072
1407
1418
1419
201
294
523
1123
1282
1644
1678
1732
46
301
327
1292
102
198
651
997
1071
1654
1758
1214
1580
283
356
893
1465
1506
1463
13
66
82
95
138
157
160
171
402
427
619
642
924
995
1016
1097
1119
1139
1217
1288
1410
1536
1560
1635
1778
1783
1252
1647
244
380
707
754
840
1553
35
518
684
746
1165
1190
259
412
763
776
849
1401
1414
1450
1460
1584
1699
1706
1708
260
400
473
64
181
285
297
332
1389
1445
1475
1592
1673
1762
1782
1792
210
216
468
529
539
822
961
988
1242
1447
1630
1701
1202
225
236
397
480
682
699
1020
1100
1195
1385
1530
1666
1704
1710
1721
1777
113
74
371
379
593
743
894
1096
1170
1254
1618
1652
1750
1766
65
208
1326
1500
1540
1745
167
437
535
691
1686
515
693
1110
1315
1355
604
1235
1237
45
3
14
90
148
189
197
317
544
602
628
674
774
846
945
1128
1432
1446
1459
1482
1570
1576
1577
1589
1599
1604
1681
1683
1736
1747
1755
1759
1765
1769
1264
1664
964
252
1620
1724
740
750
1551
1633
6
9
39
923
960
969
1019
1111
1562
1744
234
683
1376
131
1178
1345
215
273
275
359
700
761
951
1010
1043
1179
1487
1489
1590
1700
1719
1731
1754
1776
1502
1624
253
737
980
282
872
902
1087
228
392
458
706
733
1134
1201
1341
1362
1514
1557
1616
1661
1679
1680
1734
1784
744
1037
125
483
1526
1574
191
1008
1062
1206
1516
1737
1789
416
839
985
1187
1691
1738
1751
503
633
634
1331
358
805
418
428
446
886
1055
1311
1370
1466
1579
1639
1641
1791
497
589
439
657
1402
1563
1411
111
87
161
378
403
630
1318
1378
1712
170
987
233
792
869
976
1715
1780
1790
146
1727
572
1409
1605
639
803
1049
1274
1353
320
941
1065
1209
1290
1346
1443
1476
1544
1757
212
1519
1221
1453
1554
31
326
1270
1388
1615
337
1246
1569
1610
1694
1735
232
1586
1707
278
678
793
938
1038
1360
1451
1676
1772
1771
277
928
1034
1538
1561
1581
1669
1788
1723
1768
666
0
815
974
1250
1364
1380
1387
1395
1440
1638
794
892
1665
1421
1478
1756
1764
937
1742
1743
1781
966
417
1299
109
394
640
835
1094
1122
1379
1645
1649
1675
1741
1773
1775
1796
