2471
2553
2663
147
1320
1593
2193
2219
2250
491
682
716
908
1785
295
2520
1010
1509
664
918
10
37
184
189
253
264
284
343
357
428
538
571
686
741
743
844
871
872
924
993
1096
1128
1160
1230
1279
1283
1297
1374
1428
1541
1587
1606
1655
1677
1680
1782
1803
1951
1966
1972
1976
1983
2005
2095
2100
2128
2260
2285
2289
2304
2349
2406
2439
2526
2535
2547
2566
2568
2583
2590
1429
1110
40
208
235
288
1182
1197
2099
779
117
738
746
904
1162
1256
1343
2269
2431
191
818
157
115
578
684
927
979
1156
1164
1190
1240
1367
1378
1387
1396
1431
1485
1507
1548
1588
1608
1679
1693
1755
1819
1823
1873
1909
1955
2006
2148
2149
2356
2516
2569
164
537
653
889
1684
2067
506
57
120
132
280
351
591
663
689
828
860
1133
1151
1369
1499
1585
1592
1799
1827
1871
1977
2277
2463
2504
2557
2648
2671
696
1407
2040
2104
62
71
92
250
258
286
816
861
866
938
1216
1278
1409
1454
1648
1704
1919
1978
2038
2145
2293
2375
2378
2400
2403
2469
2506
2654
209
509
559
804
808
1109
1325
1918
556
1108
1924
110
1075
119
244
276
294
340
417
457
525
534
603
612
626
695
855
932
1166
1232
1286
1296
1442
1534
1535
1675
1721
1766
1897
1914
1969
2175
2265
2287
2292
2345
2397
2436
2440
2531
2534
2537
2618
346
398
297
991
1020
423
657
1226
1314
2490
64
1198
1308
1329
1357
1508
1926
1995
2351
723
1719
699
442
637
781
797
898
1012
1055
1300
1341
1472
1579
1596
1639
1722
1814
1927
1937
2137
2166
2208
2407
2562
2584
2615
254
587
384
562
319
1228
1728
1808
2115
2512
86
994
1486
2022
125
136
1714
103
112
436
452
477
483
662
713
729
762
911
984
1137
1189
1532
1631
1646
1672
1711
1748
1834
1906
2074
2156
2382
2411
2457
2561
2320
1495
2235
2326
1004
1859
198
734
814
848
1291
1348
1443
1607
1626
1720
1807
1847
1878
2009
2218
2267
2275
2308
2485
2036
1078
216
234
561
688
731
778
907
909
942
1098
1202
1277
1614
1845
1938
2147
2226
2480
1319
32
466
1789
1322
106
255
372
935
2151
2241
744
568
391
2
47
200
585
709
806
837
987
1060
1087
1497
1601
1907
2125
2237
2259
2588
2589
2594
2619
2659
2667
560
185
751
756
2544
80
1701
20
36
262
303
488
735
836
850
894
937
954
1205
1294
1550
1772
1856
1979
1988
2016
2059
2078
2089
2096
2190
2194
2290
2359
2462
2464
2472
2511
2567
2580
2658
243
690
879
915
375
547
592
1698
865
956
402
415
475
552
600
627
1084
1167
1180
1231
1334
1336
1723
1836
1890
2003
2072
2270
2273
2364
2409
2508
2515
2581
194
1207
138
148
159
263
385
430
481
679
703
771
859
914
969
1076
1097
1215
1239
1361
1384
1501
1537
1619
1863
2136
2225
2533
2578
1270
1173
2138
166
173
404
433
437
501
763
772
992
1066
1158
1274
1479
1498
1642
1787
2253
2271
2413
2468
621
905
96
995
1178
652
322
377
745
820
1134
1245
1365
1390
1394
1820
1844
1960
2061
2421
318
520
748
1175
1620
1731
1970
2064
2438
2458
1224
139
178
248
650
659
1418
1489
1657
2092
8
151
298
602
2109
2527
146
287
832
949
1656
1816
1854
1025
473
1504
52
259
422
566
588
1492
1835
2299
76
761
1290
1404
1526
1783
330
1421
245
1973
1017
188
1139
1483
348
451
1349
300
530
631
776
1376
14
22
41
49
67
134
154
179
202
204
265
270
289
307
309
354
358
399
432
444
455
458
502
510
533
575
576
589
593
632
647
651
668
691
710
742
752
792
803
829
835
873
883
971
986
1001
1006
1019
1030
1045
1050
1091
1123
1127
1130
1142
1145
1196
1201
1221
1227
1254
1271
1288
1306
1313
1340
1344
1350
1373
1422
1427
1432
1433
1462
1523
1538
1547
1551
1557
1574
1576
1581
1604
1611
1623
1627
1673
1678
1686
1687
1690
1699
1706
1715
1742
1744
1753
1792
1813
1815
1829
1838
1850
1853
1865
1866
1881
1904
1949
1964
1994
2000
2026
2045
2063
2070
2081
2091
2132
2152
2154
2158
2176
2201
2221
2233
2246
2258
2268
2288
2315
2342
2348
2358
2362
2374
2381
2441
2445
2466
2481
2495
2517
2559
2560
2571
2582
2607
2611
2612
2624
2653
2656
2662
2668
379
269
310
1676
516
1043
1959
314
1405
1220
59
1187
142
225
1036
1029
1353
1691
900
12
1089
449
881
2113
507
1572
89
381
470
906
1561
1591
1617
1786
1855
1932
2025
2455
353
182
238
759
989
1027
1903
2008
2142
2321
247
6
16
249
380
654
1192
1771
1915
1940
2514
1552
116
410
42
55
285
787
921
977
1035
1093
1129
1149
1218
1282
1355
1598
1923
1967
1968
2335
2355
2522
947
2311
85
261
416
555
884
939
1071
1144
1148
1386
1594
1817
1852
1997
2030
2094
2282
2297
2664
135
316
572
793
1425
1659
2302
757
206
218
374
396
406
409
527
683
694
724
875
1059
1213
1318
1370
1519
1595
1908
2017
2088
2093
2325
2394
2488
2606
2625
955
945
371
1106
2370
91
109
231
291
335
450
798
805
810
913
1107
1125
1161
1184
1284
1380
1388
1439
1622
1628
1769
1777
1824
2044
2062
2185
2214
2220
2256
2274
2329
2408
2636
614
618
673
795
934
1117
1468
1802
2633
211
28
72
127
131
425
445
544
705
712
737
1246
1298
1335
1392
1467
1599
1727
2007
2164
2251
2294
2318
2363
2384
2428
2429
2442
2541
2651
1116
429
50
165
640
801
229
486
553
701
733
1457
1577
1883
1188
1922
58
137
355
389
408
595
616
769
783
964
981
1118
1307
1316
1518
1546
1616
1658
1724
1780
2035
2107
2153
2157
2160
2255
2284
2545
2570
2669
622
233
1359
256
30
707
1052
1120
1553
2014
604
143
193
237
426
681
789
1077
1351
1389
1571
1636
1716
1831
2135
2257
2317
2334
2354
2385
2435
2456
2558
260
1397
105
327
1266
1956
2110
2178
23
82
129
222
293
333
424
474
811
830
990
1005
1039
1090
1138
1233
1346
1372
1494
1536
1770
1775
1809
1933
1948
2037
2073
2080
2090
2116
2143
2173
2174
2331
2338
2391
2427
2451
2552
2573
2642
1147
271
930
2057
320
926
279
370
563
1287
1324
1564
1586
1811
1905
2029
190
114
169
199
387
393
472
528
692
824
843
891
966
1054
1073
1095
1152
1243
1253
1301
1484
1729
1765
1843
1891
1901
2049
2242
2264
2296
2314
2330
2340
2366
2387
2453
2465
2646
2660
2661
2675
2344
487
87
1070
1260
1664
1734
2476
922
308
685
711
1032
161
839
419
65
2001
162
107
236
45
68
78
95
228
365
373
479
727
903
931
1003
1015
1136
1338
1440
1759
1760
1929
1984
2013
2199
2337
2473
2574
2628
1011
171
543
973
476
1122
1199
1331
183
214
739
780
1063
1826
669
31
74
140
822
1102
1234
1461
2336
2393
2507
367
641
104
453
465
615
672
1048
1056
1159
1242
1490
1650
1670
1788
1841
1900
2075
2123
2141
2389
2525
2598
360
462
342
382
1265
1996
187
156
232
499
609
892
967
1208
1289
1309
1393
1406
1544
1575
1597
1637
1697
1756
2010
2191
2202
2247
2272
2380
2555
2597
2640
2674
113
648
108
413
1746
376
158
205
639
15
292
405
624
754
773
790
870
936
1047
1067
1104
1200
1449
1752
1837
2055
2076
2120
2195
2200
2212
2228
2281
2319
2477
2497
2627
356
128
996
777
1660
1040
84
252
328
435
633
862
953
1252
1517
1630
1764
1986
2077
2118
2316
2505
448
317
1157
1263
2303
2415
1758
1805
2146
2423
794
312
557
141
160
170
338
352
362
363
421
463
489
536
601
606
608
730
764
827
997
1042
1413
1452
1477
1525
1654
1700
1718
1725
1726
1796
1812
1864
1867
1882
1945
1947
1989
2031
2069
2127
2159
2165
2229
2230
2346
2347
2373
2379
2398
2452
2484
2519
2563
2572
2610
2613
2637
2644
2665
580
1209
490
597
2197
272
725
1696
438
584
817
940
962
494
941
1506
1928
2203
799
7
302
395
2312
1212
392
180
846
976
1155
1917
2119
2181
2365
344
766
43
858
1381
959
54
207
282
339
403
492
546
607
671
845
1092
1150
1154
1183
1237
1255
1312
1444
1469
1500
1615
1768
1876
1921
2033
2307
2626
181
456
1459
2617
674
925
579
203
508
521
565
749
886
1345
1416
1474
1567
1618
1709
1757
1806
1877
1992
2028
2162
2236
2388
2483
2491
471
9
518
982
1069
2124
2180
2209
2524
18
411
888
968
2425
893
251
24
186
246
570
665
774
1022
1068
1082
1086
1135
1219
1280
1347
1352
1412
1512
1540
1613
1647
1674
1751
1779
1790
1832
2372
2449
2467
2521
2593
2599
1204
548
678
963
368
1465
1899
1946
613
629
978
1261
1304
1420
1621
2478
2493
1610
217
464
504
825
943
1031
1041
1275
1733
1839
1935
2554
366
383
4
700
1143
1363
1456
2018
2280
397
26
34
223
517
617
856
929
1163
1455
1638
1641
1846
1868
2019
2204
2217
2298
2383
2542
2620
240
611
493
515
1105
1403
1965
2052
623
1974
60
718
63
118
176
278
628
1038
1132
1258
1559
1689
2198
2343
2482
2496
2616
2666
760
1375
2027
73
101
349
531
539
1021
1088
1181
1292
1317
1446
1566
1740
1833
1840
1861
1961
2041
2051
2177
2243
2310
2410
277
121
102
540
634
715
880
1554
1962
2140
2170
2182
2263
1707
2161
304
454
519
605
1244
1954
301
400
564
268
784
1447
2224
747
1987
388
313
2227
802
958
21
69
75
79
90
98
175
196
386
407
447
459
461
496
545
599
620
636
646
649
722
852
896
975
980
999
1053
1100
1101
1185
1194
1210
1342
1470
1488
1570
1573
1644
1649
1671
1702
1762
1793
1830
1860
1869
1874
1910
1980
2011
2021
2023
2065
2111
2189
2206
2239
2350
2402
2412
2434
2448
2500
2509
2518
2523
2532
2538
2539
2614
2634
2673
598
1124
1781
163
192
920
1885
401
480
1632
1981
854
1269
1436
1794
341
130
311
434
660
849
857
890
1339
1666
2323
2404
1665
1018
1259
1999
1305
1099
1337
1533
227
721
1007
1046
1061
1326
1333
1385
1401
1609
1705
1749
2043
2056
2105
2186
2278
2596
863
1774
497
124
675
702
933
1522
1668
1681
1828
1888
1895
2082
2401
226
275
720
1493
2188
25
574
1249
1565
838
1172
1441
1695
1985
2309
332
864
257
526
638
706
831
1543
1605
1776
1822
2528
150
573
740
1851
1925
2134
1894
446
782
281
123
144
305
321
460
495
768
876
948
1364
2015
2106
2205
2244
2418
2424
2486
2595
2232
2540
644
111
951
1174
1801
1034
1327
1527
2047
1293
29
94
273
1539
1692
2623
274
687
38
1119
1000
1896
2231
1103
500
950
1033
1080
1179
1669
1795
1902
2087
2129
2179
2333
2422
2446
2543
867
767
1140
1516
1950
2249
2479
2641
83
1315
2172
220
44
266
670
946
1013
1235
1257
1311
1356
1503
1612
1857
2117
2216
2341
2433
2450
2585
2645
2647
177
1471
1464
1330
558
788
1299
17
1079
1115
1241
1445
1578
1849
1049
212
1
336
750
2054
2079
2215
2352
2579
2631
645
1211
1651
2392
625
485
1377
1450
1791
2417
61
1625
1694
77
550
998
1028
1717
2053
2475
2592
3
826
1131
1191
1730
1754
1944
2529
1990
834
46
334
658
693
1170
1238
1600
1624
1887
2510
427
2068
48
972
1176
1250
1862
2371
325
661
842
1520
1747
2279
329
901
1002
1514
2503
122
1062
1991
2262
2649
81
283
306
2168
1411
1480
1528
2301
197
704
2565
877
1848
1842
1953
2414
2126
1037
1195
2443
1410
1475
2222
296
1603
1872
2360
882
1545
1542
347
1247
2499
1875
985
1531
2305
1511
1217
583
1555
