645
745
1047
566
366
414
643
875
496
945
1123
943
287
817
139
1069
997
898
1036
1042
1046
1071
963
327
486
1066
265
75
257
46
749
164
686
807
115
441
1074
113
846
381
550
620
19
1010
1038
1109
7
252
254
355
552
590
725
758
881
1106
1114
149
150
387
1058
300
570
522
544
705
819
831
956
264
296
677
730
770
795
435
860
916
1089
673
223
609
641
722
786
1125
135
285
1118
419
696
869
771
979
547
585
2
249
239
400
682
878
1117
260
644
1045
564
596
276
305
322
962
1035
42
283
395
520
90
1049
227
527
653
996
45
77
130
153
213
508
537
541
606
635
681
699
742
748
841
925
1061
237
302
906
904
448
899
1030
932
106
341
619
802
269
560
953
109
186
687
379
905
856
984
1090
579
599
988
1091
1094
1015
413
433
468
521
549
637
689
850
281
128
263
462
571
576
679
792
804
884
901
695
886
250
364
183
374
736
129
345
59
676
759
121
232
769
1028
1040
108
55
466
613
656
835
1005
568
242
889
41
569
583
775
954
1001
1095
427
593
88
267
