548
618
642
774
822
146
208
647
751
812
61
231
509
692
791
813
828
1013
1037
1087
492
667
410
473
225
22
805
843
234
532
309
342
230
383
621
648
660
1068
240
480
917
961
978
28
755
987
946
1017
258
85
207
228
944
951
1103
332
436
175
295
312
443
567
763
985
1054
1072
1098
1121
818
138
649
563
773
967
584
359
864
575
874
948
983
1067
1099
192
449
893
999
1062
196
803
853
251
352
530
166
539
440
159
633
845
402
858
450
623
882
31
162
409
187
715
67
100
44
760
50
790
9
89
96
116
190
206
243
275
314
331
334
392
431
470
475
485
499
529
574
591
595
601
602
657
670
688
753
829
830
847
861
888
896
912
930
937
939
940
958
959
974
990
1004
1007
1027
1076
1083
330
526
405
51
273
119
513
210
417
1064
394
764
311
74
102
415
815
141
17
97
479
416
746
98
489
531
694
558
390
430
900
445
840
132
957
148
124
167
849
868
941
1026
18
545
806
816
1070
120
181
65
740
810
1016
1115
897
48
170
321
467
634
652
1116
428
995
1022
43
189
308
346
354
768
890
1009
556
136
446
147
463
173
238
339
481
546
708
204
360
502
572
747
965
201
317
503
553
919
318
323
137
517
226
465
615
891
1080
10
217
282
495
610
787
1129
325
361
382
444
117
310
622
297
71
91
220
877
27
348
471
697
772
81
32
79
94
156
161
212
218
284
559
950
1051
600
811
375
663
47
95
337
578
630
794
809
834
848
182
306
1023
278
624
716
174
66
376
11
168
211
336
340
353
411
506
626
797
955
1048
1055
1120
6
20
604
625
785
938
516
639
921
241
347
528
607
683
731
732
844
344
372
949
781
256
255
401
439
476
561
777
927
1081
3
259
112
377
711
821
924
976
1107
1112
151
380
500
690
820
973
525
114
459
488
54
110
126
304
313
351
432
457
461
680
754
867
902
913
533
103
253
335
12
40
292
713
1100
246
338
555
721
750
184
268
518
926
131
512
605
1021
1111
63
118
140
205
261
472
562
474
198
229
396
425
514
612
672
851
859
866
998
1052
194
236
23
922
62
726
144
197
421
494
783
1025
597
84
793
49
666
743
918
920
923
936
969
1002
4
155
191
728
72
279
291
543
986
34
739
838
1050
29
717
460
970
1024
659
565
277
511
0
69
73
134
290
298
477
478
577
675
741
784
824
966
982
1057
1082
1104
1
469
25
587
21
551
863
693
712
823
832
1059
1101
30
171
714
729
981
989
1079
388
628
827
78
434
614
710
789
826
972
991
1019
367
16
638
56
221
326
371
53
70
99
369
883
418
200
909
188
235
464
762
934
1105
123
209
356
554
60
87
333
58
107
272
538
573
588
674
727
765
776
842
1065
195
1034
76
404
704
980
165
378
422
490
365
215
233
406
442
452
668
735
779
892
994
1008
1122
536
391
203
68
307
363
397
580
592
744
1077
1096
26
154
629
403
493
222
248
947
1032
214
519
303
455
780
801
1012
733
82
456
484
879
1088
1110
133
179
157
172
854
505
299
497
524
671
707
737
825
952
1041
216
507
907
357
718
761
142
163
271
885
942
964
1126
152
426
39
651
914
143
36
903
393
542
316
320
37
160
169
324
373
535
598
608
627
702
876
977
993
1006
1011
658
678
1029
453
350
706
289
266
665
1063
412
104
1020
662
1000
487
193
80
669
757
1093
603
202
176
286
661
685
1108
83
111
93
1078
349
424
915
814
177
145
423
582
611
636
720
778
1033
224
700
398
510
178
594
1092
1113
1127
752
871
723
865
515
654
929
971
1073
199
38
557
684
873
280
1075
5
301
24
358
534
631
1031
385
833
800
328
1085
798
14
975
1056
617
910
655
782
15
454
880
86
92
288
389
703
857
931
429
185
158
384
933
836
274
734
895
122
581
738
504
632
872
796
799
1003
1097
408
586
766
329
1084
64
33
483
491
650
698
756
862
908
960
992
1044
368
386
855
646
270
420
701
724
839
887
1124
13
343
1060
105
540
245
968
294
451
437
125
589
935
247
8
640
57
837
315
293
447
767
808
244
709
262
616
894
438
501
370
407
1053
498
852
319
101
180
1086
691
1039
1102
1043
719
52
127
362
1018
1128
928
664
219
911
482
1014
788
870
35
458
523
399
1119
