user_id
74
888
1497
1673
1740
1900
1959
2002
2061
2072
2085
2099
2137
2140
2167
947
1931
1749
480
1051
491
3
82
183
868
999
1027
1378
1993
851
679
308
469
515
526
596
641
910
994
1203
1265
1350
1446
1447
1505
1611
1624
1625
1667
1697
1735
1863
1983
1996
692
87
1801
1906
1955
359
1162
1631
62
108
455
21
65
73
288
369
680
842
890
956
1100
1242
1249
1322
1359
1372
1455
1461
1582
1619
1656
1752
1807
1810
1866
1885
2040
2044
2119
2142
511
1147
239
285
676
963
1089
1843
2058
1614
156
395
795
961
1021
1220
1295
1337
1347
1415
1418
1777
1789
1835
1836
1890
2148
28
94
1201
1730
198
448
901
1175
566
111
9
909
1081
527
1034
866
770
30
72
76
125
134
175
186
218
287
439
516
542
568
579
623
675
688
703
708
813
816
830
836
874
944
1106
1136
1237
1262
1272
1289
1308
1313
1409
1538
1546
1552
1564
1585
1606
1622
1641
1672
1702
1716
1734
1766
1780
1799
1903
1935
1938
1973
1977
1981
2028
2046
2090
2091
2108
2113
2134
2154
251
436
211
1079
283
486
750
784
1269
244
368
672
1441
563
182
191
212
537
558
603
875
892
941
1381
1668
1737
78
355
393
407
409
477
478
503
834
858
1015
1168
1179
1236
1352
1469
1473
1572
1578
1712
1728
1867
1880
2007
2024
2039
2054
136
771
1102
421
434
1097
1189
1442
1533
605
648
1073
1293
1411
1432
581
13
16
66
90
157
217
222
240
316
458
471
518
557
567
767
775
805
818
853
906
931
954
1059
1083
1090
1196
1216
1223
1252
1349
1399
1476
1490
1525
1554
1584
1594
1684
1703
1704
1729
1746
1773
1830
1849
1862
1871
1895
1911
1927
1948
1968
2043
2166
0
349
89
334
535
948
196
201
405
628
15
122
345
481
500
613
819
1318
1329
1387
1696
1767
1783
35
319
128
554
812
27
56
70
145
155
164
256
258
357
411
427
446
564
586
686
691
702
732
754
783
824
865
881
904
922
1055
1076
1101
1108
1125
1157
1200
1309
1310
1315
1326
1429
1458
1509
1510
1511
1526
1547
1604
1792
1896
1916
1966
2000
2084
38
664
99
232
1474
350
278
507
559
685
870
1504
298
32
652
715
61
253
279
324
374
447
528
552
701
820
893
900
930
962
972
1062
