1305
1323
1452
1468
1493
1590
1608
1705
1760
1823
1864
1939
37
93
126
85
213
1227
95
119
493
538
569
585
594
643
670
837
921
986
1084
1180
1219
1414
1449
1776
1868
377
42
12
249
456
544
886
1003
1043
1772
950
738
932
1118
1363
1367
1390
1621
1747
194
209
237
304
441
1261
443
226
937
233
763
424
476
700
1513
630
54
216
1047
1
19
33
36
64
98
102
135
140
229
248
263
272
297
311
315
333
339
351
356
383
406
412
415
433
440
449
451
467
520
522
529
543
547
549
556
572
574
584
588
600
634
640
646
659
668
674
681
687
696
717
745
751
757
760
764
774
796
807
825
840
860
883
884
897
913
923
926
927
945
955
988
998
1008
1012
1020
1029
1037
1052
1061
1069
1071
1072
1113
1115
1127
1140
1148
1153
1170
1186
1207
1214
1231
1232
1235
1241
1259
1266
1280
1316
1321
1324
1343
1345
1346
1353
1368
1397
1398
1416
1421
1425
1437
1456
1464
1466
1470
1477
1484
1488
1489
1494
1495
1542
1543
1550
1563
1567
1580
1588
1607
1635
1637
1643
1648
1651
1654
1662
1688
1689
1693
1721
1722
1726
1733
1736
1779
1787
1806
1820
1822
1827
1846
1848
1852
1854
1870
1872
1919
1920
1922
1944
1956
1970
1975
1988
2015
2023
2089
2114
2130
2131
2151
2158
2168
666
203
1117
79
200
322
8
58
318
845
18
978
1182
1304
1714
154
46
296
418
430
1485
153
484
591
1172
274
115
426
575
536
25
50
149
565
694
712
759
878
1209
1210
1642
639
160
199
241
284
294
338
497
616
620
1129
1159
1299
1508
1875
1082
416
7
236
265
489
490
494
534
540
583
595
790
938
939
969
1088
1139
1150
1288
1576
1603
202
168
508
1077
398
107
121
132
176
277
292
512
622
645
663
689
718
772
817
996
1022
1039
1046
1087
1274
1410
1431
1501
1514
1540
1670
1675
1682
1926
105
80
235
521
607
1131
158
206
450
638
1279
472
734
246
86
210
228
269
392
431
460
624
636
647
649
678
683
792
799
823
877
908
911
960
970
1010
1063
1068
1096
1111
1193
1225
1234
1270
1285
1286
1319
1364
1383
1412
1413
1483
1502
1568
1589
1591
1615
1653
1683
1745
1788
1797
1812
1861
1897
1936
1940
1962
2017
2110
806
570
379
381
332
618
667
765
863
1549
270
391
442
453
532
561
637
728
785
873
898
907
912
1199
1587
1632
1663
1725
1762
364
214
225
991
1273
302
861
264
104
519
582
1534
6
39
47
68
77
84
148
163
169
224
261
276
301
303
313
360
474
560
592
606
609
627
682
719
731
747
762
773
781
782
810
838
839
895
975
976
1006
1094
1107
1109
1121
1152
1205
1281
1302
1307
1312
1339
1358
1385
1389
1438
1465
1482
1499
1506
1515
1517
1531
1593
1598
1623
1647
1655
1692
1723
1739
1774
1790
1793
1803
1817
1837
1842
1859
1860
1878
1879
1901
1909
1914
1987
2010
2012
2019
2031
2035
2049
2070
2074
2105
2117
2121
2123
2125
2132
2152
2153
190
254
394
755
320
330
1146
1268
1644
193
219
789
1379
1569
83
267
362
428
889
26
1080
777
1045
1009
40
173
184
340
423
444
531
546
553
625
651
690
726
829
984
1054
1060
1064
1075
1093
1160
1183
1192
1208
1264
1275
1287
1351
1354
1355
1375
1417
1486
1595
1633
1640
1649
1791
1882
1912
1934
1964
2022
2096
161
331
380
1056
1577
120
221
376
593
654
808
821
1276
1404
1487
1560
1874
671
44
67
195
344
358
413
483
601
973
894
91
143
230
231
299
337
373
530
49
81
109
257
705
880
454
505
1174
31
41
52
101
118
142
150
159
167
174
181
188
215
262
295
314
323
325
329
336
347
361
382
386
402
408
420
452
470
496
498
517
533
577
610
644
657
684
693
709
716
721
727
736
739
742
752
766
778
804
809
811
826
828
832
843
867
871
896
920
933
993
995
1013
1017
1019
1033
1114
1119
1135
1141
1154
1164
1191
1202
1226
1238
1239
1263
1271
1301
1327
1333
1356
1357
1376
1384
1393
1430
1435
1439
1453
1460
1471
1472
1507
1545
1555
1558
1562
1565
1599
1616
1628
1630
1660
1676
1694
1715
1756
1798
1814
1818
1828
1850
1876
1877
1892
1899
1902
1905
1908
1917
1929
1957
1967
1969
1979
1985
1994
2034
2036
2041
2045
2047
2051
2092
2094
2112
2115
2128
2165
2169
794
146
300
117
234
290
378
846
1104
1701
96
170
327
465
1336
1424
1428
1467
1133
14
124
665
166
354
375
397
445
488
697
862
971
1044
1181
1297
1396
1407
1573
1720
1786
1853
147
238
635
856
1002
1529
10
11
116
127
187
273
387
404
459
464
475
492
504
510
541
597
761
779
803
847
966
982
1000
1018
1042
1103
1120
1137
1145
1149
1212
1233
1256
1277
1300
1328
1374
1394
1401
1492
1532
1581
1601
1652
1661
1700
1719
1755
1781
1785
1805
1821
1851
1869
1886
1915
1925
1986
2001
2013
2048
2055
2082
2101
410
335
615
1004
1065
1206
131
259
289
468
653
859
1036
1040
1098
1284
1332
1687
1811
1834
281
967
1230
1306
1158
403
833
872
24
51
57
60
100
106
113
138
179
189
242
243
245
326
346
371
384
401
414
435
463
466
482
604
608
619
642
650
660
661
707
714
737
768
786
788
827
850
854
882
905
914
952
977
979
981
1026
1124
1126
1155
1171
1184
1215
1224
1244
1250
1283
1291
1325
1348
1360
1362
1366
1369
1380
1382
1392
1400
1402
1434
1444
1479
1496
1503
1524
1575
1586
1596
1597
1602
1613
1617
1645
1669
1680
1707
1708
1732
1750
1758
1764
1769
1770
1794
1804
1824
1826
1831
1833
1845
1887
1923
1928
1950
1952
1971
1992
1997
1998
2006
2016
2027
2053
2069
2083
2106
2118
2122
2126
2136
2162
1095
800
1361
422
59
280
317
917
1005
1030
1078
1122
1194
1260
223
396
88
141
162
220
282
425
936
968
1142
1217
1218
1338
1459
1536
1629
1713
1771
1943
2018
2103
1454
97
192
1388
699
34
144
268
352
367
399
419
438
501
539
580
589
590
611
621
631
669
740
753
787
793
798
814
822
869
887
989
1001
1014
1028
1112
1116
1151
1165
1185
1221
1247
1258
1278
1314
1331
1365
1370
1420
1423
1426
1500
1512
1523
1539
1544
1561
1579
1610
1646
1657
1671
1677
1685
1686
1699
1711
1724
1738
1782
1802
1809
1832
1844
1855
1865
1889
1907
1910
1918
1941
1946
1947
1960
1963
1965
1974
1989
1995
2003
2020
2056
2063
2073
2077
2124
2139
2146
2150
2157
2164
341
363
417
698
704
1011
1024
1066
1105
1317
1480
1751
1759
291
4
29
75
114
139
255
266
312
328
353
389
400
429
432
506
524
562
573
576
617
629
695
706
711
730
915
925
929
951
953
1023
1025
1058
1130
1132
1143
1161
1166
1197
1246
1251
1253
1290
1340
1391
1450
1521
1553
1556
1600
1605
1634
1674
1695
1717
1731
1741
1743
1763
1796
1800
1816
1921
1937
1949
1961
1976
1978
1982
1984
1990
2042
2062
2064
2076
2081
2093
2098
2102
2141
2149
390
743
69
110
112
178
205
227
293
305
310
342
366
462
473
525
548
658
673
677
710
723
724
729
744
791
801
831
844
848
855
857
918
934
959
983
1038
1050
1070
1085
1092
1110
1282
1373
1403
1419
1427
1445
1451
1457
1519
1609
1650
1664
1665
1678
1709
1825
1829
1883
1884
1980
2008
2100
2109
599
1491
17
45
103
208
247
578
713
746
802
876
943
949
1057
1067
1169
1177
1190
1294
1341
1386
1405
1516
1520
1574
1618
1636
1808
2030
987
1134
252
758
797
852
885
891
1248
1255
1257
1433
1535
1681
1904
2014
2111
499
23
479
756
899
946
1091
1187
1195
1292
502
197
1240
1254
1557
928
1527
1991
1571
260
849
348
980
1303
165
286
2
5
20
22
43
48
53
55
63
71
92
123
129
130
133
137
151
152
171
172
177
180
185
204
207
250
271
275
306
307
309
321
343
365
370
372
385
388
437
457
461
485
487
495
509
513
514
523
545
550
551
555
571
587
598
602
612
614
626
632
633
655
656
662
720
722
725
733
735
741
748
749
769
776
780
815
835
841
864
879
902
903
916
919
924
935
940
942
957
958
964
965
974
985
990
992
997
1007
1016
1031
1032
1035
1041
1048
1049
1053
1074
1086
1099
1123
1128
1138
1144
1156
1163
1167
1173
1176
1178
1188
1198
1204
1211
1213
1222
1228
1229
1243
1245
1267
1296
1298
1311
1320
1330
1334
1335
1342
1344
1371
1377
1395
1406
1408
1422
1436
1440
1443
1448
1462
1463
1475
1478
1481
1498
1518
1522
1528
1530
1537
1541
1548
1551
1559
1566
1570
1583
1592
1612
1620
1626
1627
1638
1639
1658
1659
1666
1679
1690
1691
1698
1706
1710
1718
1727
1742
1744
1748
1753
1754
1757
1761
1765
1768
1775
1778
1784
1795
1813
1815
1819
1838
1839
1840
1841
1847
1856
1857
1858
1873
1881
1888
1891
1893
1894
1898
1913
1924
1930
1932
1933
1942
1945
1951
1953
1954
1958
1972
1999
2004
2005
2009
2011
2021
2025
2026
2029
2032
2033
2037
2038
2050
2052
2057
2059
2060
2065
2066
2067
2068
2071
2075
2078
2079
2080
2086
2087
2088
2095
2097
2104
2107
2116
2120
2127
2129
2133
2135
2138
2143
2144
2145
2147
2155
2156
2159
2160
2161
2163
