437
982
1048
1056
1045
29
860
490
592
77
413
783
975
1077
1074
141
765
994
27
184
285
858
907
1053
17
435
571
574
925
1094
666
599
14
54
65
253
314
335
613
690
708
752
863
882
895
922
986
1036
1123
1129
38
772
80
600
811
766
790
1122
207
318
658
711
736
753
776
788
899
981
985
1107
621
777
424
649
689
825
1011
91
110
4
111
177
192
216
288
301
308
332
360
410
428
434
448
456
497
570
612
626
635
646
647
675
732
762
780
816
881
883
927
997
1003
1022
1067
1081
1106
358
630
375
498
188
367
55
78
341
702
320
334
393
454
924
57
75
132
182
194
209
218
298
417
477
495
550
554
568
814
893
958
1021
1126
523
72
476
540
1020
244
395
1
153
176
180
236
242
310
328
426
457
510
537
542
556
633
657
659
710
749
787
859
933
952
983
987
991
1131
1134
243
389
455
7
445
546
566
69
104
293
348
484
494
594
607
616
709
867
874
967
978
43
516
73
158
168
187
265
271
307
313
343
370
387
438
538
585
587
598
655
687
738
744
