821
868
905
936
998
1018
1052
1070
1115
84
233
303
346
441
799
543
119
165
196
284
325
356
365
418
559
609
674
678
841
916
938
953
1004
1025
1063
1124
361
425
37
56
131
237
290
480
532
617
694
707
850
954
1032
1058
45
212
312
88
123
278
281
309
619
673
724
862
191
701
912
934
185
329
429
449
698
748
1087
117
272
479
1015
11
833
24
32
200
66
71
76
81
92
98
114
126
127
135
136
143
154
174
179
198
214
223
235
251
274
282
286
295
296
322
327
330
340
345
350
353
354
355
357
359
378
396
398
401
419
421
432
461
462
481
500
511
513
525
526
544
545
548
558
564
565
575
596
614
642
654
669
670
693
714
717
718
722
735
741
773
784
789
796
810
823
827
843
845
854
855
875
876
880
898
908
915
930
949
959
962
995
1010
1017
1019
1028
1050
1057
1064
1069
1080
1083
1084
1089
1096
1098
1113
1127
292
12
624
493
120
549
316
503
662
96
336
323
696
781
834
909
67
152
210
299
518
567
639
671
794
374
520
622
478
86
349
433
436
644
695
727
897
913
1044
1078
0
605
842
836
6
36
144
201
240
250
264
267
268
306
324
371
483
506
508
512
590
641
665
737
755
815
831
900
910
926
996
1013
1016
1059
1091
1128
31
224
5
160
227
381
453
504
535
595
650
805
822
1029
134
808
23
33
53
102
106
112
115
164
204
261
275
280
386
403
408
409
527
539
581
582
597
604
623
774
778
795
807
812
824
848
901
932
1006
1007
1026
1079
1093
1103
1118
399
63
352
610
20
171
183
405
459
35
103
213
273
277
315
407
488
519
555
653
758
813
819
835
866
885
921
969
977
1042
1071
62
221
289
422
989
258
1082
269
8
15
21
100
122
150
155
163
169
199
228
283
319
373
380
397
451
463
470
491
499
501
502
505
515
573
615
651
684
700
746
771
797
803
826
878
928
937
946
961
964
1002
79
950
60
364
725
40
49
61
107
113
146
321
394
430
692
742
140
241
509
640
668
712
740
576
10
22
30
87
108
133
137
197
208
254
291
305
342
376
514
528
588
602
629
697
764
806
818
853
864
894
966
968
988
1033
1041
1097
1110
1114
1117
46
761
980
3
99
138
172
189
452
485
703
706
767
838
951
973
976
1038
1108
1112
747
93
109
151
248
331
368
446
450
486
691
715
779
1039
260
402
427
466
589
660
667
720
896
252
699
238
222
391
58
553
247
2
16
41
59
130
156
170
193
203
215
220
234
249
259
266
300
333
372
382
404
460
464
534
536
586
603
620
628
631
643
645
652
656
664
677
713
726
743
751
756
770
809
839
847
849
851
856
861
873
904
929
956
960
963
972
1000
1008
1009
1012
1014
1047
1054
1060
1062
1135
257
366
128
287
347
90
561
941
217
472
579
723
739
792
1005
431
363
68
121
125
186
276
400
469
569
636
661
685
721
729
782
852
948
1043
1055
1101
1116
1119
270
802
984
294
9
42
97
205
225
246
311
362
379
423
443
529
557
608
638
734
775
791
801
844
887
965
970
1061
1066
1104
1111
388
19
74
48
239
302
414
442
531
648
731
872
940
1109
632
13
94
159
411
412
471
562
759
830
846
879
148
447
467
524
44
70
149
173
178
181
232
262
304
317
339
344
440
475
489
530
578
704
716
719
757
768
793
804
817
877
891
906
918
920
1031
1095
1099
1100
1105
560
145
601
83
124
142
161
517
591
688
888
892
935
939
943
1023
618
26
101
167
245
256
390
416
465
473
474
547
563
580
606
611
672
705
786
820
871
923
931
979
990
1034
1072
1073
1132
147
392
681
945
226
750
34
82
166
255
326
384
406
444
487
492
496
533
551
625
682
683
728
745
754
942
947
993
1030
1040
1051
1085
1090
1125
577
105
865
25
85
139
297
415
785
828
829
857
129
162
175
195
206
211
219
369
458
507
627
637
663
760
869
884
955
1001
1037
1065
1120
1130
337
769
377
468
679
680
971
1035
482
50
190
634
676
763
917
944
957
992
999
1027
1049
1088
572
914
52
202
338
351
439
798
870
902
911
1024
1075
1102
1121
552
28
64
89
118
583
800
832
889
890
1046
1086
39
95
279
730
1133
230
231
385
420
229
733
886
51
840
18
47
116
157
263
383
521
522
541
584
593
686
837
903
919
974
1068
1076
1092
