user_id
221
1880
988
1584
1930
2085
1886
736
1379
35
1448
2060
2167
2426
2549
420
1513
732
1171
361
821
847
1529
1583
1708
2600
1667
2604
1478
484
676
728
800
2084
2300
2416
2261
369
610
726
897
952
1177
1358
1426
1703
2130
2324
2390
1276
482
1222
1738
2192
2551
2556
581
2295
0
680
1065
1121
1186
1939
1998
2399
2632
2652
1193
1662
2108
1225
1602
1892
2286
2657
529
569
717
1510
1530
2002
619
874
1328
1395
2353
56
443
468
656
698
1165
1558
1582
1936
2238
2252
2396
2432
2603
2630
2670
2676
1911
1057
1634
1458
2083
412
2454
635
1629
1682
2133
2447
1640
655
667
957
1303
1360
1408
1750
2405
2487
439
1262
586
796
923
970
1114
1248
2098
2444
2629
33
1383
1451
1481
2122
418
1515
1476
1521
596
53
133
345
440
853
928
1072
1354
1366
1460
1653
1784
1943
2020
2150
2306
2550
2564
2591
1417
153
350
819
1251
2430
944
1153
1482
1652
1821
2066
2155
2357
201
213
1281
2367
394
812
916
960
1272
1285
1735
1743
1763
2210
2377
2459
2494
1437
431
97
1024
1229
1236
1414
1643
1745
2121
167
512
582
917
1399
1415
1453
2050
2313
2386
2655
315
677
1941
155
378
441
511
833
974
1487
1590
1810
1893
1971
2171
2332
2368
2420
2501
2502
1026
1310
1505
1870
1993
2245
2283
2376
2419
2601
1111
27
215
630
786
1556
1800
551
1761
390
1491
513
230
88
99
149
168
224
267
290
331
359
364
467
503
514
594
770
899
1023
1085
1094
1113
1141
1273
1321
1323
1332
1438
1466
1560
1569
1741
1798
1879
1913
1916
1952
2012
2024
2034
2101
2102
2112
2139
2169
2183
2291
2327
2369
2395
2546
2576
2586
2609
2638
2650
498
174
469
823
1934
195
478
714
961
1580
1858
2266
642
1302
5
666
1016
2039
2223
324
522
524
697
807
868
965
1112
1434
1713
1920
2498
2605
809
1267
414
765
1014
1081
1391
1435
1683
1712
1736
1778
2004
2042
2322
2328
2513
2587
2608
535
241
242
775
785
878
912
1268
1589
1710
1737
1773
1818
1884
1912
1982
2046
2058
2103
2187
2234
2240
2361
2489
2577
2602
210
1732
505
1496
1562
2163
577
753
1168
1074
100
51
323
337
919
1009
1126
1223
1424
2114
2196
2536
1008
2032
1402
1419
19
145
239
554
590
708
1295
1502
1663
1804
1825
1931
1942
1958
2131
2474
2643
299
1362
1563
2492
2622
11
541
1685
523
532
542
643
755
758
851
887
895
902
1064
1264
1368
1371
1398
1423
1524
1549
1568
1633
1688
1767
1889
1957
1963
1975
2086
2184
2211
2254
2437
2470
2530
2575
2635
2639
2672
1898
66
1400
2048
93
791
841
1051
1058
1169
1382
1661
2097
2213
70
1083
13
219
549
567
813
815
840
869
885
1044
1206
1463
1473
1739
1797
2071
2207
2248
2276
2339
2461
2548
2621
39
910
126
152
172
326
719
983
1146
1203
1214
1430
1635
1645
2144
2460
