user_id
94
107
190
207
344
487
515
524
545
605
662
668
694
733
785
899
941
942
975
987
1045
1126
1138
1158
1178
1182
1240
1333
1334
1397
1536
1539
1540
1544
1559
1587
1592
1609
1656
1690
1781
1790
1801
1807
1843
1857
1921
2004
2077
2082
2116
2118
2129
2170
2185
2213
2225
2245
2363
2377
2438
2441
2443
1422
211
502
6
67
100
130
275
746
1375
1788
1800
315
384
647
867
894
983
1319
2070
168
395
681
875
1278
1331
1712
1751
1804
1873
1944
2093
654
360
21
25
206
214
307
442
703
754
877
986
1002
1097
1408
1464
1803
1812
2122
2138
915
5
10
96
450
572
626
686
804
884
978
1227
1315
1355
1376
1429
1467
1487
1561
1618
1709
1754
1822
1848
1976
2014
2080
2106
2180
1222
510
973
1099
1119
362
650
146
266
406
511
548
767
955
1061
1134
1363
1390
1433
1474
1515
1626
1677
1732
1880
1884
1983
2104
2187
2405
528
441
1516
125
267
470
710
924
1016
1465
1588
1869
1909
1977
165
14
198
284
1196
1392
2030
153
230
246
277
313
328
638
731
798
807
838
864
890
996
1047
1139
1203
1206
1245
1339
1407
1554
1564
1571
1648
1749
1819
1928
1937
1953
1999
2028
2064
2069
2112
2120
2296
2329
2373
2379
49
136
159
57
16
178
373
582
1661
41
131
723
793
811
856
888
912
967
1221
1223
1309
1343
1679
1844
1924
2044
2299
2320
175
895
1055
56
491
712
929
1557
461
507
13
51
105
111
127
144
177
305
435
453
493
538
549
627
664
706
753
757
925
1008
1018
1041
1127
1262
1267
1273
1286
1307
1332
1413
1420
1424
1471
1472
1481
1489
1547
1686
1704
1763
1837
1871
1886
1896
1942
1996
2001
2127
2241
2428
1365
881
235
212
242
492
639
751
832
1903
77
83
610
624
675
826
918
939
1022
1152
1200
1236
1492
1602
1630
1697
1985
37
964
999
66
91
108
156
216
257
354
404
460
466
536
568
571
682
770
843
857
865
998
1070
1073
1186
1187
1224
1225
1301
1399
1601
1671
1784
1793
1835
2210
2269
260
244
342
846
851
859
1004
1255
1279
1600
1836
2075
945
251
54
203
387
634
780
820
860
882
1069
1090
454
722
459
655
677
1082
3
47
52
176
191
229
249
262
339
347
363
366
402
457
483
534
555
557
584
616
674
687
698
700
742
745
762
835
848
861
962
1009
1081
1085
1111
1150
1238
1360
1364
1402
1412
1417
1443
1450
1496
1513
1537
1541
1556
1563
1574
1604
1792
1847
1860
1866
1931
1938
1945
1952
1958
1986
1998
2023
2053
2058
2060
2130
2134
2136
2171
2173
