user_id
2208
2287
2288
2292
2334
2337
2366
2367
2370
2392
1098
118
349
29
58
333
407
1288
1442
1524
821
505
179
265
666
803
1054
1461
1711
274
444
232
381
494
553
787
824
909
995
1106
1198
1237
1382
1432
1535
1798
2157
2194
707
619
19
114
310
544
1157
273
64
65
208
252
280
410
424
497
503
541
629
653
720
782
806
815
850
872
960
963
966
1059
1143
1197
1289
1291
1318
1327
1381
1423
1439
1468
1590
1610
1682
1688
1720
1736
1770
1789
1814
1824
1831
1875
1911
1917
1926
1956
1994
2019
2088
2091
2115
2188
2205
2219
2229
2270
2346
608
181
695
71
76
167
180
367
625
699
948
1075
1627
197
427
504
11
79
87
142
302
314
323
369
392
412
430
431
561
727
822
849
905
928
953
954
1310
1367
1551
1555
1581
1595
1619
1702
1705
1731
1809
2027
2065
2105
2162
2164
2217
2266
2273
433
1434
24
69
89
359
550
604
862
901
1074
1314
1444
1447
1503
1621
1623
1764
1818
747
279
311
558
607
612
1207
129
611
614
808
819
1616
201
809
847
956
182
331
869
1169
26
27
78
92
113
124
133
134
135
226
227
254
261
264
272
286
294
295
346
353
374
405
475
477
481
495
506
512
562
566
580
588
637
652
673
676
689
719
729
740
752
799
837
866
870
876
887
892
902
911
951
958
969
972
1006
1023
1046
1064
1083
1109
1112
1128
1132
1165
1181
1217
1219
1243
1244
1250
1282
1283
1305
1349
1380
1396
1403
1500
1504
1560
1566
1614
1637
1665
1666
1675
1692
1714
1721
1746
1760
1795
1817
1854
1918
1940
1957
1974
1991
2016
2029
2031
2051
2111
2125
2139
2163
2179
2184
2199
2209
2218
2224
2230
2248
2300
2313
2323
2332
2356
2362
148
15
325
104
688
777
59
139
213
394
537
708
1596
1706
48
523
810
906
907
1201
1520
684
692
12
109
150
188
736
885
1303
1351
1685
1710
593
595
667
86
103
138
151
157
162
258
287
338
400
473
498
509
531
563
763
786
874
1029
1084
1087
1171
1194
1230
1234
1426
1490
1529
1629
1696
1726
1729
1739
1748
1782
1830
2018
2089
2158
70
101
63
98
351
443
486
574
1151
1229
1253
194
1071
0
30
36
126
149
183
237
320
380
414
452
468
508
554
603
617
630
631
680
778
788
1012
1067
1184
1195
1214
1308
1371
1398
1406
1428
1451
1455
1463
1542
1583
1591
1593
1638
1756
1774
1811
1820
1826
1853
1885
1949
1951
1964
1975
1993
2013
2037
2068
2291
1580
169
185
293
2099
269
322
358
784
914
992
1160
1175
1272
1295
1393
1458
1478
1531
1742
1890
2235
82
123
348
643
923
1378
1446
1713
2092
796
526
965
919
17
88
97
140
152
166
240
297
308
309
318
379
401
423
451
467
474
478
485
500
533
547
649
663
709
764
765
781
893
896
952
1007
1017
1030
1100
1130
1136
1145
1167
1183
1192
1209
1213
1231
1265
1425
1449
1453
1454
1473
1495
1562
1608
1617
1624
1640
1698
1734
1755
1765
1768
1783
1797
1806
1852
1863
1893
1898
1969
1973
2003
2012
2035
2046
2100
2119
2133
2221
2257
2328
2376
7
749
60
72
163
300
389
403
621
725
829
938
1028
1113
1156
1530
2142
32
282
312
335
343
462
469
552
556
961
1056
1199
1344
1394
1984
2034
2087
985
1037
319
399
530
921
618
241
283
290
321
355
388
421
600
685
696
702
755
783
792
827
844
957
974
1025
1049
1080
1096
1191
1235
1241
1254
1269
1346
1418
1436
1459
1660
1673
1728
1874
1929
1980
1997
2067
2078
2128
2178
2228
2282
2406
817
1594
576
831
1032
1287
1719
2006
112
922
1144
40
50
99
220
337
425
519
564
565
691
704
773
839
871
879
910
946
950
1052
1164
1166
1172
1185
1216
1281
1325
1395
1510
1653
1655
1659
1676
1678
1737
1767
1862
2137
2251
43
74
218
371
499
81
245
364
436
525
596
599
671
944
1133
1285
1340
1411
1625
1989
75
205
270
609
644
645
657
659
718
814
858
1058
1129
1387
1497
1514
1684
1864
1971
2176
31
84
141
278
281
332
542
602
672
926
990
1010
1153
1276
1758
376
255
868
1320
1324
2025
288
897
1246
184
296
476
678
1260
540
670
1000
345
9
18
23
46
55
93
95
106
110
116
117
121
193
200
223
228
234
243
247
248
263
356
361
378
398
415
417
418
448
465
529
581
592
622
623
636
656
660
697
716
721
726
730
737
748
760
774
779
797
818
833
853
904
980
981
993
1040
1063
1066
1078
1089
1115
1149
1155
1193
1220
1232
1251
1263
1275
1299
1312
1316
1323
1370
1377
1419
1430
1448
1456
1457
1460
1462
1469
1483
1508
1509
1511
1527
1543
1550
1573
1584
1589
1599
1613
1620
1622
1631
1646
1687
1689
1693
1694
1699
1744
1750
1762
1766
1769
1776
1777
1791
1810
1827
1833
1870
1872
1881
1888
1900
1910
1912
1950
1960
2010
2011
2026
2045
2049
2056
2074
2086
2094
2141
2152
2153
2166
2169
2174
2175
2182
2193
2195
2197
2200
2220
2231
2233
2238
2239
2242
2247
2284
2293
2307
2322
2325
2345
2347
2374
2387
2399
2422
2434
2445
2447
42
329
1077
991
1031
1431
1876
2156
33
458
1347
1521
28
291
304
539
979
1162
1205
1242
1261
1373
1502
1597
1778
1841
1962
80
174
594
137
289
419
577
578
620
735
920
949
1003
1015
1105
1445
1485
1715
1747
2042
2324
551
1218
53
170
233
238
306
341
420
455
490
522
559
863
913
982
1021
1108
1215
1306
1498
1567
1954
2154
44
38
128
1330
34
221
268
472
569
573
579
591
633
715
741
744
842
855
900
943
947
968
997
1024
1027
1033
1146
1163
1170
1210
1233
1284
1345
1368
1441
1488
1548
1572
1652
1787
1799
1808
1823
1828
1834
1904
1913
2186
2198
2274
2336
2343
2360
20
173
463
445
1103
1110
1268
1322
1484
1842
790
90
160
192
209
396
426
432
434
527
567
606
640
661
791
934
1014
1034
1060
1116
1131
1329
1336
1506
1534
1569
1578
1701
1724
1773
1779
1861
1883
1892
2002
2024
2048
2054
2061
2114
2160
2234
2265
2295
2304
2331
2350
2398
532
1
299
85
471
501
586
772
1379
1859
324
186
199
256
372
438
439
449
513
560
800
813
841
903
927
937
977
1118
1270
1353
1383
1409
1416
1519
1565
1650
1855
2342
1011
210
334
514
775
1475
1654
1850
2066
2132
2150
2215
437
1290
1606
1897
189
1107
1404
385
701
2
4
35
102
122
143
154
217
231
298
326
340
350
352
386
416
440
446
575
598
601
739
802
828
854
873
889
932
988
1001
1051
1076
1094
1125
1135
1297
1328
1359
1391
1452
1476
1494
1507
1518
1528
1586
1607
1634
1649
1664
1669
1695
1703
1707
1716
1796
1821
1839
1858
1868
1895
1905
1916
1932
1935
1941
2000
2008
2022
2038
2095
2131
2144
2201
2260
2261
2275
2317
2319
2340
2348
2354
2355
2372
2391
2416
2417
2437
301
521
39
1294
1633
61
769
789
812
1120
1174
1538
1933
852
768
132
195
219
635
756
816
825
971
976
1020
1036
1188
1189
1293
1296
1374
1549
1552
1582
1674
1825
1832
1856
1882
2009
2033
2083
2167
2250
2255
2383
1440
496
2124
171
45
120
145
164
370
393
484
587
597
615
641
642
651
690
734
795
801
805
823
886
891
898
908
935
984
989
1005
1042
1053
1102
1117
1154
1159
1177
1248
1249
1264
1298
1302
1304
1335
1356
1486
1512
1517
1570
1636
1641
1647
1667
1722
1735
1761
1771
1815
1840
1851
1914
1922
1925
1963
1981
2041
2096
2190
2196
2203
2236
2240
2246
2252
2254
2259
2262
2271
2278
2290
2305
2309
2321
2335
2359
2407
2423
2425
330
1643
1959
202
413
1068
1140
1179
1258
1317
1341
1388
1427
1437
1479
1785
693
73
119
204
222
225
271
336
357
390
456
543
546
590
683
711
713
728
732
759
761
771
776
794
845
878
883
994
1050
1091
1121
1124
1161
1226
1292
1313
1354
1361
1366
1410
1435
1522
1526
1575
1658
1725
1743
1802
1865
1906
1947
2039
2047
2057
2063
2101
2107
2140
2161
2191
2207
2212
2222
2303
2314
2357
738
155
464
743
834
1259
1672
429
259
317
368
375
391
422
428
520
535
669
724
959
1013
1039
1062
1079
1104
1122
1137
1142
1202
1239
1357
1372
1414
1553
1668
1683
1723
1780
1846
1907
1920
1967
2021
2216
2264
2369
2371
2378
2381
714
239
518
648
705
1026
1148
1342
1352
1405
1632
1745
1891
1968
2020
2059
2073
2110
2263
2301
517
613
1057
1086
1190
1256
1389
1501
1644
1657
1727
1738
1772
1805
1849
1939
2126
8
1092
1123
1576
1577
1585
1662
1995
2253
411
570
1257
236
1300
646
2071
1095
196
187
22
62
68
115
147
158
161
172
215
224
250
253
276
285
292
303
316
327
365
377
382
383
397
408
409
447
479
480
482
488
489
516
583
585
589
628
632
658
665
679
717
750
758
766
830
836
840
880
916
917
930
931
933
936
940
970
1019
1035
1038
1043
1044
1048
1065
1072
1088
1093
1101
1114
1141
1147
1168
1173
1176
1180
1204
1208
1211
1212
1228
1247
1252
1266
1271
1274
1277
1280
1311
1321
1326
1337
1338
1348
1350
1358
1362
1369
1384
1385
1386
1400
1401
1415
1421
1438
1466
1470
1477
1480
1482
1491
1493
1499
1505
1523
1525
1532
1533
1545
1546
1558
1568
1579
1598
1603
1605
1611
1612
1615
1628
1635
1639
1642
1645
1651
1663
1670
1680
1681
1691
1700
1708
1717
1718
1730
1733
1740
1741
1752
1753
1757
1759
1775
1786
1794
1813
1816
1829
1838
1845
1867
1877
1878
1879
1887
1889
1894
1899
1901
1902
1908
1915
1919
1923
1927
1930
1934
1936
1943
1946
1948
1955
1961
1965
1966
1970
1972
1978
1979
1982
1987
1988
1990
1992
2005
2007
2015
2017
2032
2036
2040
2043
2050
2052
2055
2062
2072
2076
2079
2081
2084
2085
2090
2097
2098
2102
2103
2108
2109
2113
2117
2121
2123
2135
2143
2145
2146
2147
2148
2149
2151
2155
2159
2165
2168
2172
2177
2181
2183
2189
2192
2202
2204
2206
2211
2214
2223
2226
2227
2232
2237
2243
2244
2249
2256
2258
2267
2268
2272
2276
2277
2279
2280
2281
2283
2285
2286
2289
2294
2297
2298
2302
2306
2308
2310
2311
2312
2315
2316
2318
2326
2327
2330
2333
2338
2339
2341
2344
2349
2351
2352
2353
2358
2361
2364
2365
2368
2375
2380
2382
2384
2385
2386
2388
2389
2390
2393
2394
2395
2396
2397
2400
2401
2402
2403
2404
2408
2409
2410
2411
2412
2413
2414
2415
2418
2419
2420
2421
2424
2426
2427
2429
2430
2431
2432
2433
2435
2436
2439
2440
2442
2444
2446
